96.775,-0.011197
96.778,0
96.781,0.0053484
96.784,-0.010877
96.787,-0.019523
96.79,-0.067717
96.793,0
96.796,0.0096182
96.799,0.0064159
96.802,-0.036175
96.805,0.018585
96.809,-0.0028708
96.812,-0.011069
96.815,-0.0054727
96.818,0.00011801
96.821,-0.0088879
96.824,-0.0065309
96.827,-0.0084115
96.83,-0.0079317
96.833,-0.0076077
96.836,-0.0085741
96.839,-0.007284
96.842,-0.007782
96.845,-0.0082361
96.848,-0.0084662
96.851,-0.0078394
96.854,-0.0071735
96.857,-0.0075408
96.86,-0.0082045
96.864,-0.0084113
96.867,-0.0084926
96.87,-0.0092858
96.873,-0.0089196
96.876,-0.0089516
96.879,-0.0075449
96.882,-0.0069847
96.885,-0.007877
96.888,-0.0088739
96.891,-0.0098877
96.894,-0.0073955
96.897,-0.0069909
96.9,-0.0076526
96.903,-0.0060393
96.906,-0.0092136
96.909,-0.0065212
96.912,-0.0072788
96.916,-0.0092013
96.919,-0.0086087
96.922,-0.0089743
96.925,-0.0085225
96.928,-0.0086324
96.931,-0.0085001
96.934,-0.0086862
96.937,-0.010369
96.94,-0.009793
96.943,-0.0077804
96.946,-0.0074973
96.949,-0.0086829
96.952,-0.010122
96.955,-0.0068137
96.958,-0.0079241
96.961,-0.0066619
96.964,-0.0096474
96.968,-0.0056888
96.971,-0.0082285
96.974,-0.0069407
96.977,-0.0092143
96.98,-0.007346
96.983,-0.0084903
96.986,-0.0087872
96.989,-0.0090621
96.992,-0.0079351
96.995,-0.0086264
96.998,-0.0083077
97.001,-0.0086361
97.004,-0.011651
97.007,-0.0090464
97.01,-0.009663
97.013,-0.0084263
97.016,-0.0090581
97.02,-0.0076858
97.023,-0.0055878
97.026,-0.0080757
97.029,-0.0073616
97.032,-0.0082763
97.035,-0.0069785
97.038,-0.0094225
97.041,-0.0094285
97.044,-0.0065773
97.047,-0.0068528
97.05,-0.010584
97.053,-0.0063843
97.056,-0.0086903
97.059,-0.0069949
97.062,-0.0098294
97.065,-0.011422
97.068,-0.0086448
97.071,-0.0070996
97.075,-0.010267
97.078,-0.007963
97.081,-0.0094058
97.084,-0.0068443
97.087,-0.010246
97.09,-0.011014
97.093,-0.0096475
97.096,-0.0074986
97.099,-0.010264
97.102,-0.0083733
97.105,-0.0095348
97.108,-0.0084632
97.111,-0.0090384
97.114,-0.0071963
97.117,-0.0107
97.12,-0.0088343
97.123,-0.010549
97.127,-0.0076705
97.13,-0.0077364
97.133,-0.0089365
97.136,-0.0093012
97.139,-0.010407
97.142,-0.006382
97.145,-0.0086033
97.148,-0.0096675
97.151,-0.0095071
97.154,-0.0066105
97.157,-0.010075
97.16,-0.0082469
97.163,-0.0083281
97.166,-0.010105
97.169,-0.010142
97.172,-0.0097533
97.175,-0.0082089
97.179,-0.010382
97.182,-0.0054262
97.185,-0.009905
97.188,-0.010794
97.191,-0.0091214
97.194,-0.013061
97.197,-0.013291
97.2,-0.0093102
97.203,-0.011768
97.206,-0.010087
97.209,-0.0086611
97.212,-0.010414
97.215,-0.0098862
97.218,-0.011725
97.221,-0.01179
97.224,-0.0090279
97.227,-0.015123
97.23,-0.0063875
97.234,-0.011422
97.237,-0.0113
97.24,-0.011357
97.243,-0.010081
97.246,-0.0094579
97.249,-0.012325
97.252,-0.0087266
97.255,-0.0094379
97.258,-0.012176
97.261,-0.013458
97.264,-0.009623
97.267,-0.009727
97.27,-0.01201
97.273,-0.011461
97.276,-0.0068991
97.279,-0.009271
97.282,-0.01177
97.286,-0.010124
97.289,-0.012466
97.292,-0.011943
97.295,-0.0082066
97.298,-0.009511
97.301,-0.013072
97.304,-0.013382
97.307,-0.012126
97.31,-0.011657
97.313,-0.0098482
97.316,-0.0093585
97.319,-0.0088886
97.322,-0.012322
97.325,-0.01284
97.328,-0.0095092
97.331,-0.015588
97.334,-0.011807
97.338,-0.014282
97.341,-0.013163
97.344,-0.012542
97.347,-0.013686
97.35,-0.01326
97.353,-0.010805
97.356,-0.01241
97.359,-0.010087
97.362,-0.013813
97.365,-0.01369
97.368,-0.01486
97.371,-0.011792
97.374,-0.010791
97.377,-0.013905
97.38,-0.012395
97.383,-0.010601
97.386,-0.013149
97.389,-0.01091
97.393,-0.014989
97.396,-0.012518
97.399,-0.015019
97.402,-0.013673
97.405,-0.012179
97.408,-0.01142
97.411,-0.016497
97.414,-0.012231
97.417,-0.010667
97.42,-0.013623
97.423,-0.014503
97.426,-0.0096988
97.429,-0.013907
97.432,-0.0086885
97.435,-0.012568
97.438,-0.015826
97.441,-0.013152
97.445,-0.013658
97.448,-0.013365
97.451,-0.012524
97.454,-0.015151
97.457,-0.011213
97.46,-0.012713
97.463,-0.010119
97.466,-0.012503
97.469,-0.0099847
97.472,-0.013505
97.475,-0.0172
97.478,-0.010309
97.481,-0.013311
97.484,-0.012252
97.487,-0.014919
97.49,-0.012612
97.493,-0.015573
97.497,-0.016838
97.5,-0.014945
97.503,-0.01223
97.506,-0.014255
97.509,-0.016854
97.512,-0.010863
97.515,-0.013214
97.518,-0.015922
97.521,-0.012117
97.524,-0.01296
97.527,-0.010246
97.53,-0.016266
97.533,-0.015458
97.536,-0.017824
97.539,-0.015475
97.542,-0.014904
97.545,-0.013772
97.549,-0.014873
97.552,-0.01523
97.555,-0.013687
97.558,-0.013769
97.561,-0.013447
97.564,-0.012474
97.567,-0.014128
97.57,-0.016195
97.573,-0.014548
97.576,-0.015405
97.579,-0.015938
97.582,-0.015917
97.585,-0.011911
97.588,-0.017121
97.591,-0.014254
97.594,-0.015615
97.597,-0.015814
97.6,-0.014952
97.604,-0.011874
97.607,-0.015512
97.61,-0.016003
97.613,-0.016282
97.616,-0.013336
97.619,-0.015371
97.622,-0.014869
97.625,-0.015103
97.628,-0.015206
97.631,-0.015783
97.634,-0.01523
97.637,-0.014937
97.64,-0.015661
97.643,-0.014097
97.646,-0.015805
97.649,-0.016197
97.652,-0.013686
97.656,-0.017256
97.659,-0.018486
97.662,-0.012675
97.665,-0.019174
97.668,-0.012993
97.671,-0.015613
97.674,-0.017139
97.677,-0.015759
97.68,-0.014928
97.683,-0.017541
97.686,-0.014843
97.689,-0.01493
97.692,-0.014669
97.695,-0.013498
97.698,-0.016618
97.701,-0.015026
97.704,-0.01935
97.708,-0.015399
97.711,-0.01659
97.714,-0.019125
97.717,-0.012252
97.72,-0.015055
97.723,-0.018165
97.726,-0.013235
97.729,-0.017582
97.732,-0.019493
97.735,-0.014254
97.738,-0.019035
97.741,-0.01797
97.744,-0.020642
97.747,-0.016315
97.75,-0.015594
97.753,-0.016825
97.756,-0.016688
97.759,-0.017429
97.763,-0.018649
97.766,-0.016972
97.769,-0.01654
97.772,-0.018395
97.775,-0.017991
97.778,-0.018671
97.781,-0.017262
97.784,-0.014657
97.787,-0.017516
97.79,-0.016286
97.793,-0.019416
97.796,-0.01643
97.799,-0.016936
97.802,-0.01762
97.805,-0.016214
97.808,-0.016686
97.811,-0.017643
97.815,-0.017729
97.818,-0.017181
97.821,-0.01884
97.824,-0.018182
97.827,-0.015518
97.83,-0.021962
97.833,-0.020254
97.836,-0.015604
97.839,-0.018484
97.842,-0.019537
97.845,-0.015711
97.848,-0.020086
97.851,-0.016201
97.854,-0.01942
97.857,-0.01738
97.86,-0.017166
97.863,-0.019725
97.867,-0.017829
97.87,-0.019269
97.873,-0.017564
97.876,-0.019253
97.879,-0.017871
97.882,-0.021353
97.885,-0.017822
97.888,-0.01807
97.891,-0.019272
97.894,-0.017751
97.897,-0.017916
97.9,-0.017462
97.903,-0.020776
97.906,-0.019579
97.909,-0.019986
97.912,-0.025254
97.915,-0.020801
97.918,-0.019283
97.922,-0.020504
97.925,-0.021663
97.928,-0.015527
97.931,-0.016421
97.934,-0.021731
97.937,-0.021345
97.94,-0.020341
97.943,-0.018466
97.946,-0.021033
97.949,-0.02123
97.952,-0.020542
97.955,-0.021996
97.958,-0.019976
97.961,-0.020085
97.964,-0.018836
97.967,-0.020182
97.97,-0.01809
97.974,-0.020868
97.977,-0.018559
97.98,-0.020614
97.983,-0.01936
97.986,-0.022658
97.989,-0.021256
97.992,-0.020126
97.995,-0.019835
97.998,-0.020206
98.001,-0.024006
98.004,-0.018867
98.007,-0.020547
98.01,-0.016869
98.013,-0.020841
98.016,-0.019601
98.019,-0.019569
98.022,-0.022928
98.026,-0.022593
98.029,-0.019019
98.032,-0.020436
98.035,-0.018918
98.038,-0.01749
98.041,-0.019345
98.044,-0.025529
98.047,-0.019661
98.05,-0.022716
98.053,-0.018353
98.056,-0.019485
98.059,-0.018293
98.062,-0.024386
98.065,-0.020932
98.068,-0.016455
98.071,-0.020555
98.074,-0.02381
98.078,-0.020139
98.081,-0.019785
98.084,-0.02008
98.087,-0.020194
98.09,-0.026133
98.093,-0.02089
98.096,-0.020496
98.099,-0.020005
98.102,-0.023152
98.105,-0.020917
98.108,-0.019474
98.111,-0.020846
98.114,-0.021824
98.117,-0.02238
98.12,-0.023954
98.123,-0.022221
98.126,-0.024414
98.129,-0.019278
98.133,-0.01659
98.136,-0.024238
98.139,-0.022026
98.142,-0.026462
98.145,-0.018967
98.148,-0.023371
98.151,-0.023627
98.154,-0.024473
98.157,-0.021641
98.16,-0.021461
98.163,-0.024084
98.166,-0.024358
98.169,-0.023519
98.172,-0.020264
98.175,-0.021006
98.178,-0.025284
98.181,-0.023093
98.185,-0.021248
98.188,-0.02258
98.191,-0.024245
98.194,-0.023423
98.197,-0.023571
98.2,-0.022117
98.203,-0.024133
98.206,-0.020352
98.209,-0.021166
98.212,-0.024359
98.215,-0.019942
98.218,-0.024527
98.221,-0.02538
98.224,-0.023484
98.227,-0.026623
98.23,-0.023246
98.233,-0.027093
98.237,-0.018908
98.24,-0.019959
98.243,-0.023794
98.246,-0.026653
98.249,-0.023047
98.252,-0.027693
98.255,-0.023843
98.258,-0.02201
98.261,-0.02106
98.264,-0.024295
98.267,-0.020855
98.27,-0.024202
98.273,-0.024111
98.276,-0.02475
98.279,-0.025218
98.282,-0.020601
98.285,-0.029128
98.288,-0.024704
98.292,-0.025363
98.295,-0.025127
98.298,-0.017372
98.301,-0.024676
98.304,-0.026291
98.307,-0.02404
98.31,-0.02479
98.313,-0.027797
98.316,-0.025785
98.319,-0.024415
98.322,-0.026536
98.325,-0.025412
98.328,-0.028614
98.331,-0.024067
98.334,-0.026586
98.337,-0.025784
98.34,-0.02578
98.344,-0.027605
98.347,-0.023452
98.35,-0.024244
98.353,-0.024037
98.356,-0.029194
98.359,-0.029207
98.362,-0.027438
98.365,-0.027606
98.368,-0.027827
98.371,-0.029503
98.374,-0.025114
98.377,-0.025567
98.38,-0.03098
98.383,-0.024507
98.386,-0.031436
98.389,-0.026243
98.392,-0.027042
98.396,-0.025259
98.399,-0.028733
98.402,-0.029843
98.405,-0.0273
98.408,-0.024774
98.411,-0.027574
98.414,-0.025271
98.417,-0.029139
98.42,-0.028076
98.423,-0.026969
98.426,-0.026299
98.429,-0.029498
98.432,-0.030571
98.435,-0.024114
98.438,-0.027171
98.441,-0.02918
98.444,-0.02842
98.447,-0.026791
98.451,-0.025656
98.454,-0.025341
98.457,-0.024942
98.46,-0.028361
98.463,-0.032431
98.466,-0.024146
98.469,-0.030537
98.472,-0.027705
98.475,-0.027921
98.478,-0.029873
98.481,-0.022158
98.484,-0.029838
98.487,-0.029249
98.49,-0.027747
98.493,-0.028415
98.496,-0.026408
98.499,-0.031091
98.503,-0.029427
98.506,-0.032255
98.509,-0.030973
98.512,-0.027301
98.515,-0.026469
98.518,-0.027713
98.521,-0.03088
98.524,-0.030392
98.527,-0.031093
98.53,-0.024281
98.533,-0.030758
98.536,-0.028975
98.539,-0.029748
98.542,-0.033695
98.545,-0.036286
98.548,-0.029916
98.551,-0.028565
98.555,-0.026706
98.558,-0.032106
98.561,-0.031536
98.564,-0.027668
98.567,-0.030122
98.57,-0.03328
98.573,-0.028041
98.576,-0.031249
98.579,-0.027917
98.582,-0.028705
98.585,-0.029674
98.588,-0.031681
98.591,-0.03085
98.594,-0.029929
98.597,-0.032231
98.6,-0.031021
98.603,-0.032055
98.607,-0.030913
98.61,-0.030219
98.613,-0.030209
98.616,-0.031318
98.619,-0.032644
98.622,-0.032839
98.625,-0.033195
98.628,-0.03026
98.631,-0.033217
98.634,-0.034564
98.637,-0.03109
98.64,-0.035015
98.643,-0.031494
98.646,-0.031256
98.649,-0.034236
98.652,-0.032434
98.655,-0.031746
98.658,-0.03144
98.662,-0.037431
98.665,-0.032566
98.668,-0.032911
98.671,-0.036924
98.674,-0.030301
98.677,-0.034976
98.68,-0.036224
98.683,-0.033609
98.686,-0.035842
98.689,-0.034613
98.692,-0.034494
98.695,-0.03479
98.698,-0.035474
98.701,-0.033527
98.704,-0.035508
98.707,-0.03269
98.71,-0.032203
98.714,-0.036022
98.717,-0.034258
98.72,-0.03283
98.723,-0.03617
98.726,-0.033585
98.729,-0.033903
98.732,-0.036431
98.735,-0.035218
98.738,-0.036525
98.741,-0.033607
98.744,-0.036869
98.747,-0.03703
98.75,-0.03169
98.753,-0.035035
98.756,-0.032981
98.759,-0.032771
98.762,-0.034337
98.766,-0.035923
98.769,-0.038164
98.772,-0.033024
98.775,-0.039126
98.778,-0.035205
98.781,-0.031332
98.784,-0.038078
98.787,-0.03616
98.79,-0.029363
98.793,-0.03233
98.796,-0.03818
98.799,-0.034575
98.802,-0.034358
98.805,-0.036102
98.808,-0.034303
98.811,-0.038327
98.814,-0.037475
98.817,-0.035353
98.821,-0.035073
98.824,-0.034862
98.827,-0.037597
98.83,-0.037919
98.833,-0.03717
98.836,-0.037486
98.839,-0.03872
98.842,-0.036842
98.845,-0.03733
98.848,-0.034909
98.851,-0.034325
98.854,-0.036406
98.857,-0.038474
98.86,-0.039574
98.863,-0.034095
98.866,-0.038869
98.869,-0.037526
98.873,-0.039465
98.876,-0.038004
98.879,-0.039762
98.882,-0.039888
98.885,-0.038878
98.888,-0.033693
98.891,-0.041255
98.894,-0.035415
98.897,-0.037911
98.9,-0.040924
98.903,-0.037213
98.906,-0.040163
98.909,-0.036933
98.912,-0.042548
98.915,-0.038512
98.918,-0.041174
98.921,-0.035592
98.925,-0.03934
98.928,-0.035754
98.931,-0.041373
98.934,-0.039342
98.937,-0.038973
98.94,-0.042395
98.943,-0.038527
98.946,-0.037595
98.949,-0.038359
98.952,-0.044493
98.955,-0.03976
98.958,-0.037338
98.961,-0.043871
98.964,-0.039225
98.967,-0.038604
98.97,-0.041577
98.973,-0.03901
98.976,-0.040717
98.98,-0.041961
98.983,-0.035857
98.986,-0.040305
98.989,-0.042319
98.992,-0.041626
98.995,-0.040259
98.998,-0.043421
99.001,-0.041381
99.004,-0.042355
99.007,-0.041925
99.01,-0.042037
99.013,-0.04311
99.016,-0.043932
99.019,-0.045774
99.022,-0.039202
99.025,-0.042393
99.028,-0.043181
99.032,-0.044701
99.035,-0.040809
99.038,-0.041054
99.041,-0.045061
99.044,-0.042164
99.047,-0.04232
99.05,-0.039257
99.053,-0.043953
99.056,-0.043184
99.059,-0.043609
99.062,-0.041357
99.065,-0.040983
99.068,-0.039478
99.071,-0.042654
99.074,-0.042536
99.077,-0.044415
99.08,-0.04265
99.084,-0.047
99.087,-0.045261
99.09,-0.041981
99.093,-0.045412
99.096,-0.040785
99.099,-0.042276
99.102,-0.043017
99.105,-0.046333
99.108,-0.041352
99.111,-0.04084
99.114,-0.047312
99.117,-0.043824
99.12,-0.049492
99.123,-0.043679
99.126,-0.044277
99.129,-0.045273
99.132,-0.045622
99.136,-0.045797
99.139,-0.045077
99.142,-0.046663
99.145,-0.051277
99.148,-0.052
99.151,-0.043563
99.154,-0.048331
99.157,-0.04519
99.16,-0.045483
99.163,-0.045815
99.166,-0.049537
99.169,-0.049735
99.172,-0.041252
99.175,-0.045146
99.178,-0.047547
99.181,-0.045956
99.184,-0.047596
99.187,-0.045198
99.191,-0.048396
99.194,-0.047626
99.197,-0.05092
99.2,-0.049197
99.203,-0.044305
99.206,-0.042826
99.209,-0.049583
99.212,-0.047727
99.215,-0.046296
99.218,-0.047577
99.221,-0.04893
99.224,-0.045044
99.227,-0.049772
99.23,-0.045045
99.233,-0.045203
99.236,-0.049173
99.239,-0.046792
99.243,-0.046592
99.246,-0.050795
99.249,-0.048209
99.252,-0.047905
99.255,-0.048731
99.258,-0.053443
99.261,-0.048458
99.264,-0.052328
99.267,-0.048587
99.27,-0.04939
99.273,-0.05084
99.276,-0.051901
99.279,-0.046235
99.282,-0.050873
99.285,-0.048045
99.288,-0.049329
99.291,-0.053924
99.295,-0.049293
99.298,-0.049601
99.301,-0.049859
99.304,-0.0525
99.307,-0.052628
99.31,-0.055531
99.313,-0.04883
99.316,-0.048948
99.319,-0.048961
99.322,-0.051597
99.325,-0.052221
99.328,-0.055913
99.331,-0.049127
99.334,-0.053852
99.337,-0.05512
99.34,-0.051585
99.343,-0.05554
99.346,-0.05271
99.35,-0.052471
99.353,-0.053939
99.356,-0.054993
99.359,-0.052219
99.362,-0.055349
99.365,-0.051015
99.368,-0.051509
99.371,-0.057823
99.374,-0.047604
99.377,-0.055994
99.38,-0.058441
99.383,-0.052863
99.386,-0.056056
99.389,-0.053432
99.392,-0.056892
99.395,-0.056105
99.398,-0.05164
99.402,-0.05356
99.405,-0.055937
99.408,-0.052051
99.411,-0.056316
99.414,-0.057097
99.417,-0.054437
99.42,-0.050244
99.423,-0.056908
99.426,-0.052895
99.429,-0.056794
99.432,-0.057275
99.435,-0.055593
99.438,-0.055748
99.441,-0.058211
99.444,-0.058072
99.447,-0.051807
99.45,-0.059379
99.454,-0.057033
99.457,-0.053731
99.46,-0.057803
99.463,-0.059027
99.466,-0.057687
99.469,-0.060106
99.472,-0.053335
99.475,-0.05784
99.478,-0.057762
99.481,-0.056221
99.484,-0.056258
99.487,-0.059673
99.49,-0.058374
99.493,-0.061189
99.496,-0.058814
99.499,-0.060646
99.502,-0.05722
99.506,-0.059733
99.509,-0.063902
99.512,-0.062903
99.515,-0.058494
99.518,-0.060069
99.521,-0.057976
99.524,-0.058851
99.527,-0.057556
99.53,-0.061893
99.533,-0.059439
99.536,-0.061873
99.539,-0.059313
99.542,-0.059058
99.545,-0.062911
99.548,-0.063381
99.551,-0.063386
99.554,-0.063666
99.557,-0.062836
99.561,-0.062398
99.564,-0.063764
99.567,-0.064128
99.57,-0.063007
99.573,-0.065951
99.576,-0.063105
99.579,-0.066468
99.582,-0.061422
99.585,-0.063676
99.588,-0.059806
99.591,-0.062652
99.594,-0.06793
99.597,-0.062607
99.6,-0.065886
99.603,-0.060705
99.606,-0.063031
99.609,-0.062571
99.613,-0.064324
99.616,-0.06539
99.619,-0.065227
99.622,-0.065123
99.625,-0.065444
99.628,-0.067569
99.631,-0.065725
99.634,-0.067055
99.637,-0.068313
99.64,-0.065996
99.643,-0.071394
99.646,-0.0727
99.649,-0.06695
99.652,-0.067015
99.655,-0.06543
99.658,-0.06432
99.661,-0.06583
99.665,-0.069735
99.668,-0.061082
99.671,-0.063338
99.674,-0.068917
99.677,-0.06719
99.68,-0.068567
99.683,-0.065611
99.686,-0.069058
99.689,-0.066391
99.692,-0.065099
99.695,-0.067775
99.698,-0.070271
99.701,-0.06585
99.704,-0.070607
99.707,-0.067752
99.71,-0.070624
99.713,-0.068306
99.716,-0.068283
99.72,-0.067673
99.723,-0.06881
99.726,-0.069429
99.729,-0.07195
99.732,-0.071216
99.735,-0.068716
99.738,-0.072247
99.741,-0.072514
99.744,-0.069702
99.747,-0.068935
99.75,-0.071902
99.753,-0.076745
99.756,-0.070966
99.759,-0.070238
99.762,-0.073469
99.765,-0.06803
99.768,-0.07246
99.772,-0.071951
99.775,-0.07977
99.778,-0.074612
99.781,-0.071952
99.784,-0.074235
99.787,-0.073924
99.79,-0.074945
99.793,-0.070302
99.796,-0.072658
99.799,-0.071339
99.802,-0.076074
99.805,-0.074547
99.808,-0.074107
99.811,-0.073614
99.814,-0.072904
99.817,-0.074668
99.82,-0.073674
99.824,-0.071453
99.827,-0.079665
99.83,-0.076139
99.833,-0.076874
99.836,-0.07859
99.839,-0.074644
99.842,-0.077447
99.845,-0.074459
99.848,-0.080376
99.851,-0.075351
99.854,-0.075259
99.857,-0.079838
99.86,-0.084468
99.863,-0.082003
99.866,-0.081458
99.869,-0.073045
99.872,-0.078805
99.875,-0.076768
99.879,-0.082692
99.882,-0.077472
99.885,-0.078236
99.888,-0.080254
99.891,-0.080992
99.894,-0.079231
99.897,-0.0845
99.9,-0.081834
99.903,-0.078525
99.906,-0.082889
99.909,-0.081105
99.912,-0.080074
99.915,-0.082949
99.918,-0.080414
99.921,-0.082074
99.924,-0.082772
99.927,-0.087017
99.931,-0.083014
99.934,-0.080358
99.937,-0.082558
99.94,-0.080096
99.943,-0.085367
99.946,-0.082283
99.949,-0.082967
99.952,-0.086671
99.955,-0.081306
99.958,-0.082307
99.961,-0.087282
99.964,-0.080939
99.967,-0.086009
99.97,-0.085464
99.973,-0.0881
99.976,-0.079148
99.979,-0.084569
99.983,-0.082928
99.986,-0.086931
99.989,-0.087327
99.992,-0.087066
99.995,-0.085304
99.998,-0.091768
100,-0.086399
100,-0.087642
100.01,-0.08709
100.01,-0.088265
100.01,-0.090663
100.02,-0.087579
100.02,-0.090534
100.02,-0.08785
100.03,-0.093362
100.03,-0.09092
100.03,-0.090449
100.03,-0.088066
100.04,-0.088878
100.04,-0.090827
100.04,-0.089695
100.05,-0.09084
100.05,-0.08475
100.05,-0.089833
100.06,-0.094199
100.06,-0.090407
100.06,-0.090831
100.07,-0.089639
100.07,-0.093336
100.07,-0.091578
100.07,-0.09543
100.08,-0.090798
100.08,-0.093267
100.08,-0.095205
100.09,-0.094197
100.09,-0.093785
100.09,-0.097231
100.1,-0.091825
100.1,-0.09373
100.1,-0.094574
100.1,-0.09411
100.11,-0.091968
100.11,-0.097099
100.11,-0.098615
100.12,-0.092244
100.12,-0.094612
100.12,-0.097942
100.13,-0.1012
100.13,-0.096878
100.13,-0.096408
100.14,-0.096761
100.14,-0.095301
100.14,-0.1021
100.14,-0.096386
100.15,-0.098605
100.15,-0.094995
100.15,-0.098894
100.16,-0.097715
100.16,-0.096203
100.16,-0.10083
100.17,-0.10108
100.17,-0.094143
100.17,-0.1028
100.18,-0.099285
100.18,-0.10015
100.18,-0.10102
100.18,-0.10384
100.19,-0.10101
100.19,-0.10055
100.19,-0.098085
100.2,-0.10164
100.2,-0.1012
100.2,-0.10402
100.21,-0.10474
100.21,-0.10581
100.21,-0.10227
100.21,-0.10244
100.22,-0.10304
100.22,-0.099933
100.22,-0.10417
100.23,-0.108
100.23,-0.10578
100.23,-0.10669
100.24,-0.10636
100.24,-0.10578
100.24,-0.10505
100.25,-0.10511
100.25,-0.10183
100.25,-0.10877
100.25,-0.099121
100.26,-0.10344
100.26,-0.1077
100.26,-0.1152
100.27,-0.10651
100.27,-0.10882
100.27,-0.11273
100.28,-0.10485
100.28,-0.11028
100.28,-0.10802
100.29,-0.10651
100.29,-0.10896
100.29,-0.10975
100.29,-0.10928
100.3,-0.11154
100.3,-0.11142
100.3,-0.11054
100.31,-0.11491
100.31,-0.11268
100.31,-0.11246
100.32,-0.11609
100.32,-0.10874
100.32,-0.11263
100.32,-0.11725
100.33,-0.11467
100.33,-0.11349
100.33,-0.11593
100.34,-0.11534
100.34,-0.11396
100.34,-0.11866
100.35,-0.11719
100.35,-0.11565
100.35,-0.11793
100.36,-0.11783
100.36,-0.11887
100.36,-0.11822
100.36,-0.11912
100.37,-0.11648
100.37,-0.11629
100.37,-0.11839
100.38,-0.11894
100.38,-0.12239
100.38,-0.11125
100.39,-0.11895
100.39,-0.12221
100.39,-0.12167
100.4,-0.11956
100.4,-0.12253
100.4,-0.12624
100.4,-0.12081
100.41,-0.1249
100.41,-0.12336
100.41,-0.12302
100.42,-0.12233
100.42,-0.12159
100.42,-0.12424
100.43,-0.12483
100.43,-0.12547
100.43,-0.1232
100.44,-0.12975
100.44,-0.12284
100.44,-0.12272
100.44,-0.1252
100.45,-0.12896
100.45,-0.12922
100.45,-0.12896
100.46,-0.13011
100.46,-0.12916
100.46,-0.12647
100.47,-0.1286
100.47,-0.13015
100.47,-0.12902
100.47,-0.1303
100.48,-0.13164
100.48,-0.1311
100.48,-0.12825
100.49,-0.13851
100.49,-0.13236
100.49,-0.13322
100.5,-0.13385
100.5,-0.12972
100.5,-0.13502
100.51,-0.13129
100.51,-0.13155
100.51,-0.13307
100.51,-0.14038
100.52,-0.13743
100.52,-0.13285
100.52,-0.13718
100.53,-0.13435
100.53,-0.13538
100.53,-0.13918
100.54,-0.13419
100.54,-0.13965
100.54,-0.13891
100.55,-0.13778
100.55,-0.13535
100.55,-0.13563
100.55,-0.13577
100.56,-0.13621
100.56,-0.14084
100.56,-0.14147
100.57,-0.14442
100.57,-0.13913
100.57,-0.1395
100.58,-0.14085
100.58,-0.1421
100.58,-0.14043
100.58,-0.14342
100.59,-0.14428
100.59,-0.14137
100.59,-0.14145
100.6,-0.14374
100.6,-0.14522
100.6,-0.14483
100.61,-0.14594
100.61,-0.14546
100.61,-0.14697
100.62,-0.15014
100.62,-0.14514
100.62,-0.14808
100.62,-0.1459
100.63,-0.14833
100.63,-0.14797
100.63,-0.14424
100.64,-0.15211
100.64,-0.15098
100.64,-0.1524
100.65,-0.14564
100.65,-0.15392
100.65,-0.15089
100.66,-0.15168
100.66,-0.15532
100.66,-0.15422
100.66,-0.15866
100.67,-0.15364
100.67,-0.152
100.67,-0.156
100.68,-0.15598
100.68,-0.15718
100.68,-0.15571
100.69,-0.15866
100.69,-0.15493
100.69,-0.15629
100.69,-0.15958
100.7,-0.16066
100.7,-0.1553
100.7,-0.1566
100.71,-0.16316
100.71,-0.1604
100.71,-0.15781
100.72,-0.16188
100.72,-0.16244
100.72,-0.16567
100.73,-0.16017
100.73,-0.16366
100.73,-0.16336
100.73,-0.16164
100.74,-0.16235
100.74,-0.16117
100.74,-0.16363
100.75,-0.16666
100.75,-0.16575
100.75,-0.16242
100.76,-0.1677
100.76,-0.16702
100.76,-0.16572
100.77,-0.16604
100.77,-0.17213
100.77,-0.17063
100.77,-0.1694
100.78,-0.1704
100.78,-0.16819
100.78,-0.17135
100.79,-0.1651
100.79,-0.17206
100.79,-0.17062
100.8,-0.17076
100.8,-0.17083
100.8,-0.17377
100.81,-0.17577
100.81,-0.17507
100.81,-0.17564
100.81,-0.17833
100.82,-0.17778
100.82,-0.17622
100.82,-0.17264
100.83,-0.17895
100.83,-0.1793
100.83,-0.17841
100.84,-0.1798
100.84,-0.181
100.84,-0.18101
100.84,-0.18029
100.85,-0.18463
100.85,-0.17852
100.85,-0.18908
100.86,-0.17961
100.86,-0.18193
100.86,-0.17978
100.87,-0.18104
100.87,-0.18592
100.87,-0.1875
100.88,-0.1884
100.88,-0.18528
100.88,-0.18494
100.88,-0.19163
100.89,-0.19156
100.89,-0.18841
100.89,-0.1872
100.9,-0.18929
100.9,-0.19267
100.9,-0.19068
100.91,-0.19867
100.91,-0.1928
100.91,-0.18937
100.92,-0.19714
100.92,-0.195
100.92,-0.18768
100.92,-0.19653
100.93,-0.19517
100.93,-0.19564
100.93,-0.19524
100.94,-0.19813
100.94,-0.19803
100.94,-0.19907
100.95,-0.19963
100.95,-0.19616
100.95,-0.20096
100.95,-0.20291
100.96,-0.1996
100.96,-0.20322
100.96,-0.20056
100.97,-0.20128
100.97,-0.20075
100.97,-0.20707
100.98,-0.2039
100.98,-0.20088
100.98,-0.20449
100.99,-0.20213
100.99,-0.20962
100.99,-0.20825
100.99,-0.20416
101,-0.21089
101,-0.21024
101,-0.21263
101.01,-0.20579
101.01,-0.21136
101.01,-0.2125
101.02,-0.21351
101.02,-0.21248
101.02,-0.21316
101.03,-0.21312
101.03,-0.21577
101.03,-0.21405
101.03,-0.21971
101.04,-0.22059
101.04,-0.21783
101.04,-0.21861
101.05,-0.21911
101.05,-0.22191
101.05,-0.21971
101.06,-0.21761
101.06,-0.21854
101.06,-0.22297
101.06,-0.21968
101.07,-0.22299
101.07,-0.22033
101.07,-0.22876
101.08,-0.22491
101.08,-0.22316
101.08,-0.22982
101.09,-0.22391
101.09,-0.2278
101.09,-0.22807
101.1,-0.22673
101.1,-0.23584
101.1,-0.23055
101.1,-0.22921
101.11,-0.23239
101.11,-0.22795
101.11,-0.23299
101.12,-0.2349
101.12,-0.23654
101.12,-0.23222
101.13,-0.23874
101.13,-0.23623
101.13,-0.24271
101.14,-0.23929
101.14,-0.24161
101.14,-0.23579
101.14,-0.23974
101.15,-0.24538
101.15,-0.2424
101.15,-0.2382
101.16,-0.24505
101.16,-0.24184
101.16,-0.24582
101.17,-0.25181
101.17,-0.24932
101.17,-0.24236
101.18,-0.2473
101.18,-0.24702
101.18,-0.24723
101.18,-0.25147
101.19,-0.24879
101.19,-0.24765
101.19,-0.25205
101.2,-0.25367
101.2,-0.2539
101.2,-0.25499
101.21,-0.25578
101.21,-0.25502
101.21,-0.25769
101.21,-0.25099
101.22,-0.25756
101.22,-0.25396
101.22,-0.26031
101.23,-0.26256
101.23,-0.26153
101.23,-0.26321
101.24,-0.26026
101.24,-0.26638
101.24,-0.26487
101.25,-0.26336
101.25,-0.26064
101.25,-0.26841
101.25,-0.269
101.26,-0.26389
101.26,-0.2703
101.26,-0.26823
101.27,-0.273
101.27,-0.2718
101.27,-0.26922
101.28,-0.26933
101.28,-0.27451
101.28,-0.27395
101.29,-0.27244
101.29,-0.27793
101.29,-0.27293
101.29,-0.27675
101.3,-0.27961
101.3,-0.27599
101.3,-0.28
101.31,-0.27921
101.31,-0.28208
101.31,-0.2825
101.32,-0.28182
101.32,-0.28606
101.32,-0.28422
101.32,-0.28418
101.33,-0.27803
101.33,-0.28689
101.33,-0.29036
101.34,-0.28608
101.34,-0.29007
101.34,-0.29171
101.35,-0.28797
101.35,-0.28758
101.35,-0.29458
101.36,-0.29186
101.36,-0.29879
101.36,-0.29428
101.36,-0.29598
101.37,-0.29209
101.37,-0.29294
101.37,-0.30194
101.38,-0.29737
101.38,-0.30289
101.38,-0.30214
101.39,-0.30046
101.39,-0.30408
101.39,-0.29864
101.4,-0.30334
101.4,-0.30336
101.4,-0.30736
101.4,-0.30949
101.41,-0.30485
101.41,-0.30923
101.41,-0.30266
101.42,-0.30855
101.42,-0.30938
101.42,-0.31406
101.43,-0.30776
101.43,-0.31334
101.43,-0.31651
101.43,-0.31747
101.44,-0.31588
101.44,-0.3137
101.44,-0.32001
101.45,-0.31876
101.45,-0.31673
101.45,-0.3185
101.46,-0.32326
101.46,-0.31798
101.46,-0.32068
101.47,-0.32383
101.47,-0.32818
101.47,-0.32573
101.47,-0.32763
101.48,-0.32644
101.48,-0.32621
101.48,-0.3311
101.49,-0.3262
101.49,-0.32109
101.49,-0.32858
101.5,-0.33356
101.5,-0.33164
101.5,-0.33638
101.51,-0.33283
101.51,-0.33899
101.51,-0.33649
101.51,-0.33781
101.52,-0.33962
101.52,-0.33689
101.52,-0.34746
101.53,-0.3444
101.53,-0.34274
101.53,-0.3407
101.54,-0.34524
101.54,-0.34303
101.54,-0.34566
101.55,-0.34766
101.55,-0.34486
101.55,-0.3489
101.55,-0.34984
101.56,-0.34957
101.56,-0.34674
101.56,-0.34916
101.57,-0.34953
101.57,-0.35259
101.57,-0.34866
101.58,-0.35162
101.58,-0.35526
101.58,-0.35537
101.58,-0.3611
101.59,-0.35955
101.59,-0.35703
101.59,-0.35886
101.6,-0.3647
101.6,-0.36461
101.6,-0.35873
101.61,-0.36907
101.61,-0.36319
101.61,-0.36602
101.62,-0.37435
101.62,-0.36885
101.62,-0.35816
101.62,-0.37023
101.63,-0.3746
101.63,-0.37175
101.63,-0.37526
101.64,-0.37704
101.64,-0.37545
101.64,-0.37687
101.65,-0.37855
101.65,-0.37482
101.65,-0.37671
101.66,-0.37788
101.66,-0.37806
101.66,-0.38344
101.66,-0.38311
101.67,-0.38338
101.67,-0.38573
101.67,-0.38655
101.68,-0.38334
101.68,-0.38787
101.68,-0.38675
101.69,-0.39553
101.69,-0.38933
101.69,-0.39292
101.69,-0.38997
101.7,-0.3941
101.7,-0.39342
101.7,-0.39289
101.71,-0.39677
101.71,-0.39619
101.71,-0.40023
101.72,-0.39892
101.72,-0.3936
101.72,-0.4005
101.73,-0.40039
101.73,-0.39746
101.73,-0.39913
101.73,-0.40018
101.74,-0.40603
101.74,-0.40069
101.74,-0.40669
101.75,-0.40746
101.75,-0.40113
101.75,-0.41271
101.76,-0.41164
101.76,-0.41043
101.76,-0.41582
101.77,-0.41267
101.77,-0.41492
101.77,-0.40863
101.77,-0.41387
101.78,-0.4155
101.78,-0.41461
101.78,-0.41984
101.79,-0.41748
101.79,-0.41746
101.79,-0.4246
101.8,-0.4171
101.8,-0.42789
101.8,-0.42387
101.8,-0.42927
101.81,-0.41911
101.81,-0.42859
101.81,-0.42802
101.82,-0.42778
101.82,-0.43128
101.82,-0.43237
101.83,-0.4302
101.83,-0.43218
101.83,-0.42875
101.84,-0.44135
101.84,-0.43377
101.84,-0.43692
101.84,-0.43438
101.85,-0.43728
101.85,-0.43498
101.85,-0.43407
101.86,-0.44371
101.86,-0.44277
101.86,-0.44542
101.87,-0.44101
101.87,-0.44344
101.87,-0.44309
101.88,-0.44198
101.88,-0.44794
101.88,-0.44991
101.88,-0.44772
101.89,-0.44991
101.89,-0.45294
101.89,-0.45482
101.9,-0.45169
101.9,-0.45141
101.9,-0.45502
101.91,-0.45966
101.91,-0.46095
101.91,-0.45237
101.92,-0.45737
101.92,-0.45918
101.92,-0.46048
101.92,-0.45206
101.93,-0.46742
101.93,-0.4625
101.93,-0.46474
101.94,-0.4635
101.94,-0.4618
101.94,-0.4606
101.95,-0.45936
101.95,-0.46947
101.95,-0.46446
101.95,-0.46875
101.96,-0.46529
101.96,-0.46997
101.96,-0.47384
101.97,-0.47442
101.97,-0.47765
101.97,-0.46712
101.98,-0.47131
101.98,-0.48027
101.98,-0.47712
101.99,-0.4753
101.99,-0.47791
101.99,-0.47558
101.99,-0.48705
102,-0.47295
102,-0.48338
102,-0.47919
102.01,-0.48063
102.01,-0.48497
102.01,-0.48363
102.02,-0.4844
102.02,-0.48944
102.02,-0.48558
102.03,-0.48867
102.03,-0.48421
102.03,-0.48911
102.03,-0.48322
102.04,-0.4931
102.04,-0.49849
102.04,-0.48991
102.05,-0.49291
102.05,-0.4907
102.05,-0.49103
102.06,-0.49284
102.06,-0.48965
102.06,-0.49877
102.06,-0.49832
102.07,-0.49211
102.07,-0.49621
102.07,-0.49699
102.08,-0.50431
102.08,-0.49607
102.08,-0.49831
102.09,-0.49569
102.09,-0.4992
102.09,-0.50373
102.1,-0.49772
102.1,-0.50114
102.1,-0.50018
102.1,-0.50646
102.11,-0.50411
102.11,-0.50065
102.11,-0.49829
102.12,-0.50467
102.12,-0.50579
102.12,-0.50805
102.13,-0.5094
102.13,-0.50388
102.13,-0.49776
102.14,-0.50582
102.14,-0.50221
102.14,-0.5034
102.14,-0.50701
102.15,-0.50663
102.15,-0.50897
102.15,-0.50726
102.16,-0.5052
102.16,-0.50257
102.16,-0.50765
102.17,-0.50891
102.17,-0.50404
102.17,-0.50716
102.17,-0.51224
102.18,-0.50931
102.18,-0.50433
102.18,-0.50846
102.19,-0.50532
102.19,-0.50279
102.19,-0.51544
102.2,-0.5064
102.2,-0.51121
102.2,-0.50969
102.21,-0.50872
102.21,-0.50768
102.21,-0.50476
102.21,-0.509
102.22,-0.51221
102.22,-0.5045
102.22,-0.50209
102.23,-0.50562
102.23,-0.5045
102.23,-0.50524
102.24,-0.50745
102.24,-0.50824
102.24,-0.50007
102.25,-0.5002
102.25,-0.50651
102.25,-0.50488
102.25,-0.5039
102.26,-0.50741
102.26,-0.50683
102.26,-0.49705
102.27,-0.50404
102.27,-0.49536
102.27,-0.50304
102.28,-0.50298
102.28,-0.50118
102.28,-0.50109
102.29,-0.49515
102.29,-0.49507
102.29,-0.50014
102.29,-0.49368
102.3,-0.49507
102.3,-0.49396
102.3,-0.48719
102.31,-0.48427
102.31,-0.48745
102.31,-0.49406
102.32,-0.48155
102.32,-0.48271
102.32,-0.49173
102.32,-0.48569
102.33,-0.48637
102.33,-0.48013
102.33,-0.47956
102.34,-0.48946
102.34,-0.4804
102.34,-0.48472
102.35,-0.48212
102.35,-0.48125
102.35,-0.47774
102.36,-0.47328
102.36,-0.47389
102.36,-0.46982
102.36,-0.47182
102.37,-0.46102
102.37,-0.46283
102.37,-0.46486
102.38,-0.46823
102.38,-0.45982
102.38,-0.45722
102.39,-0.45163
102.39,-0.45581
102.39,-0.44795
102.4,-0.44593
102.4,-0.45119
102.4,-0.44661
102.4,-0.44588
102.41,-0.44668
102.41,-0.44304
102.41,-0.44197
102.42,-0.43919
102.42,-0.43533
102.42,-0.43353
102.43,-0.43458
102.43,-0.43913
102.43,-0.43431
102.43,-0.42644
102.44,-0.42543
102.44,-0.41948
102.44,-0.41259
102.45,-0.41176
102.45,-0.41604
102.45,-0.41267
102.46,-0.40296
102.46,-0.39833
102.46,-0.40061
102.47,-0.39762
102.47,-0.39289
102.47,-0.3882
102.47,-0.38982
102.48,-0.38716
102.48,-0.3775
102.48,-0.37896
102.49,-0.3701
102.49,-0.36772
102.49,-0.37403
102.5,-0.36876
102.5,-0.364
102.5,-0.36687
102.51,-0.36213
102.51,-0.35873
102.51,-0.34832
102.51,-0.35068
102.52,-0.34947
102.52,-0.34072
102.52,-0.33164
102.53,-0.33003
102.53,-0.31973
102.53,-0.32411
102.54,-0.30827
102.54,-0.31647
102.54,-0.308
102.54,-0.29697
102.55,-0.29677
102.55,-0.29245
102.55,-0.29046
102.56,-0.27982
102.56,-0.27581
102.56,-0.27405
102.57,-0.26676
102.57,-0.2666
102.57,-0.26688
102.58,-0.2585
102.58,-0.25695
102.58,-0.25492
102.58,-0.24808
102.59,-0.23687
102.59,-0.2308
102.59,-0.23253
102.6,-0.22642
102.6,-0.21506
102.6,-0.2204
102.61,-0.20206
102.61,-0.19222
102.61,-0.18894
102.62,-0.1842
102.62,-0.17112
102.62,-0.16381
102.62,-0.16518
102.63,-0.1561
102.63,-0.15754
102.63,-0.14821
102.64,-0.14091
102.64,-0.13275
102.64,-0.12207
102.65,-0.12364
102.65,-0.11469
102.65,-0.10648
102.66,-0.099854
102.66,-0.099493
102.66,-0.10084
102.66,-0.082671
102.67,-0.071208
102.67,-0.069696
102.67,-0.070526
102.68,-0.048741
102.68,-0.045948
102.68,-0.03485
102.69,-0.018492
102.69,-0.013557
102.69,-0.0075033
102.69,-0.00047222
102.7,0.012855
102.7,0.013532
102.7,0.026821
102.71,0.029774
102.71,0.046567
102.71,0.052806
102.72,0.05094
102.72,0.071854
102.72,0.073472
102.73,0.087616
102.73,0.094346
102.73,0.093398
102.73,0.10348
102.74,0.11983
102.74,0.12929
102.74,0.13128
102.75,0.14668
102.75,0.15217
102.75,0.16898
102.76,0.18368
102.76,0.19206
102.76,0.18149
102.77,0.20734
102.77,0.22722
102.77,0.22582
102.77,0.24596
102.78,0.26294
102.78,0.26421
102.78,0.26737
102.79,0.28293
102.79,0.29658
102.79,0.30323
102.8,0.31318
102.8,0.32653
102.8,0.34491
102.8,0.34916
102.81,0.36702
102.81,0.36662
102.81,0.38093
102.82,0.39088
102.82,0.40756
102.82,0.42344
102.83,0.42721
102.83,0.4377
102.83,0.45094
102.84,0.46135
102.84,0.48457
102.84,0.49469
102.84,0.49769
102.85,0.52203
102.85,0.53146
102.85,0.55424
102.86,0.55956
102.86,0.57385
102.86,0.57782
102.87,0.58587
102.87,0.61473
102.87,0.61553
102.88,0.63654
102.88,0.65025
102.88,0.65674
102.88,0.67449
102.89,0.69182
102.89,0.70808
102.89,0.72018
102.9,0.72323
102.9,0.7252
102.9,0.75702
102.91,0.76605
102.91,0.79526
102.91,0.79575
102.91,0.80383
102.92,0.82196
102.92,0.83611
102.92,0.84443
102.93,0.86752
102.93,0.87447
102.93,0.89075
102.94,0.9124
102.94,0.93157
102.94,0.93869
102.95,0.95752
102.95,0.96675
102.95,0.98443
102.95,0.98349
102.96,0.99852
102.96,1.0265
102.96,1.0455
102.97,1.0541
102.97,1.0686
102.97,1.088
102.98,1.0842
102.98,1.1201
102.98,1.1429
102.99,1.1468
102.99,1.1625
102.99,1.1663
102.99,1.1905
103,1.1877
103,1.2035
103,1.2348
103.01,1.2464
103.01,1.2579
103.01,1.2711
103.02,1.289
103.02,1.2836
103.02,1.3179
103.03,1.3363
103.03,1.3365
103.03,1.365
103.03,1.3432
103.04,1.3861
103.04,1.4068
103.04,1.4269
103.05,1.4355
103.05,1.4469
103.05,1.4752
103.06,1.4803
103.06,1.4902
103.06,1.495
103.06,1.4977
103.07,1.528
103.07,1.5366
103.07,1.5588
103.08,1.5743
103.08,1.5878
103.08,1.5842
103.09,1.5895
103.09,1.6138
103.09,1.6209
103.1,1.6244
103.1,1.6571
103.1,1.6563
103.1,1.6907
103.11,1.6742
103.11,1.6959
103.11,1.7061
103.12,1.6883
103.12,1.7245
103.12,1.7301
103.13,1.7645
103.13,1.7647
103.13,1.7806
103.14,1.8009
103.14,1.8086
103.14,1.8066
103.14,1.821
103.15,1.8509
103.15,1.8498
103.15,1.8592
103.16,1.8592
103.16,1.8466
103.16,1.8845
103.17,1.8678
103.17,1.8919
103.17,1.8919
103.17,1.9045
103.18,1.9215
103.18,1.9163
103.18,1.9113
103.19,1.9366
103.19,1.93
103.19,1.952
103.2,1.949
103.2,1.9583
103.2,1.9794
103.21,1.9782
103.21,1.9959
103.21,1.9985
103.21,1.983
103.22,2.0151
103.22,1.9982
103.22,2.0281
103.23,2.0233
103.23,2.0168
103.23,2.0229
103.24,2.0409
103.24,2.0286
103.24,2.0195
103.25,2.0311
103.25,2.034
103.25,2.0377
103.25,2.0342
103.26,2.0304
103.26,2.0403
103.26,2.0368
103.27,2.0433
103.27,2.0516
103.27,2.0405
103.28,2.0547
103.28,2.0413
103.28,2.0388
103.28,2.0464
103.29,2.0637
103.29,2.0661
103.29,2.0523
103.3,2.0472
103.3,2.0402
103.3,2.0521
103.31,2.0478
103.31,2.0427
103.31,2.029
103.32,2.0562
103.32,2.0215
103.32,2.0195
103.32,2.0142
103.33,2.0166
103.33,2.0083
103.33,2.0259
103.34,2.0062
103.34,1.9916
103.34,2.0059
103.35,1.9979
103.35,1.9843
103.35,1.9706
103.36,1.9919
103.36,1.9695
103.36,1.9446
103.36,1.9556
103.37,1.9719
103.37,1.9574
103.37,1.9621
103.38,1.9411
103.38,1.9332
103.38,1.9286
103.39,1.9219
103.39,1.9116
103.39,1.8956
103.4,1.8884
103.4,1.8744
103.4,1.8739
103.4,1.8573
103.41,1.8461
103.41,1.8461
103.41,1.8423
103.42,1.824
103.42,1.8149
103.42,1.796
103.43,1.8032
103.43,1.7866
103.43,1.7925
103.43,1.7625
103.44,1.7559
103.44,1.7198
103.44,1.7436
103.45,1.7436
103.45,1.7289
103.45,1.7109
103.46,1.7065
103.46,1.6873
103.46,1.6724
103.47,1.6783
103.47,1.6604
103.47,1.6502
103.47,1.6101
103.48,1.6238
103.48,1.5968
103.48,1.5951
103.49,1.5896
103.49,1.5649
103.49,1.5532
103.5,1.5316
103.5,1.5406
103.5,1.5286
103.51,1.5087
103.51,1.5007
103.51,1.4894
103.51,1.4873
103.52,1.4626
103.52,1.4617
103.52,1.4361
103.53,1.4353
103.53,1.4315
103.53,1.4049
103.54,1.3873
103.54,1.3892
103.54,1.3791
103.54,1.3719
103.55,1.3417
103.55,1.3412
103.55,1.3259
103.56,1.2975
103.56,1.2945
103.56,1.2871
103.57,1.2775
103.57,1.2471
103.57,1.2372
103.58,1.2319
103.58,1.2206
103.58,1.2142
103.58,1.1918
103.59,1.1983
103.59,1.1734
103.59,1.1624
103.6,1.1563
103.6,1.1504
103.6,1.1325
103.61,1.1154
103.61,1.1011
103.61,1.1019
103.62,1.087
103.62,1.0671
103.62,1.0685
103.62,1.042
103.63,1.0519
103.63,1.0299
103.63,1.0224
103.64,1.0162
103.64,1.0057
103.64,0.98009
103.65,0.97706
103.65,0.96476
103.65,0.94696
103.65,0.94128
103.66,0.94279
103.66,0.91485
103.66,0.91504
103.67,0.89957
103.67,0.89401
103.67,0.88263
103.68,0.87512
103.68,0.86064
103.68,0.85703
103.69,0.85166
103.69,0.83587
103.69,0.8162
103.69,0.81498
103.7,0.80827
103.7,0.79212
103.7,0.79825
103.71,0.77463
103.71,0.77563
103.71,0.75999
103.72,0.75306
103.72,0.74505
103.72,0.74085
103.73,0.72855
103.73,0.71743
103.73,0.71559
103.73,0.70606
103.74,0.70271
103.74,0.6895
103.74,0.66936
103.75,0.67362
103.75,0.66216
103.75,0.65607
103.76,0.6551
103.76,0.63586
103.76,0.6343
103.77,0.62174
103.77,0.62404
103.77,0.61063
103.77,0.60197
103.78,0.59457
103.78,0.5964
103.78,0.58713
103.79,0.57895
103.79,0.57111
103.79,0.55762
103.8,0.55572
103.8,0.55891
103.8,0.549
103.8,0.53741
103.81,0.53307
103.81,0.53003
103.81,0.52213
103.82,0.51455
103.82,0.50717
103.82,0.50249
103.83,0.49937
103.83,0.48811
103.83,0.49203
103.84,0.48402
103.84,0.47844
103.84,0.47152
103.84,0.45954
103.85,0.45653
103.85,0.45657
103.85,0.44795
103.86,0.44084
103.86,0.43498
103.86,0.43533
103.87,0.42095
103.87,0.42038
103.87,0.41883
103.88,0.41627
103.88,0.40605
103.88,0.40283
103.88,0.40198
103.89,0.39614
103.89,0.38939
103.89,0.38208
103.9,0.37532
103.9,0.37924
103.9,0.3791
103.91,0.36763
103.91,0.3617
103.91,0.35595
103.91,0.35788
103.92,0.35358
103.92,0.34728
103.92,0.34714
103.93,0.33981
103.93,0.33939
103.93,0.33305
103.94,0.33263
103.94,0.32472
103.94,0.32284
103.95,0.31428
103.95,0.31754
103.95,0.30464
103.95,0.30878
103.96,0.301
103.96,0.30227
103.96,0.29295
103.97,0.29223
103.97,0.28682
103.97,0.29466
103.98,0.27907
103.98,0.28148
103.98,0.27713
103.99,0.27568
103.99,0.2736
103.99,0.2678
103.99,0.26026
104,0.26086
104,0.26255
104,0.25724
104.01,0.25222
104.01,0.25025
104.01,0.24989
104.02,0.24355
104.02,0.24008
104.02,0.23968
104.02,0.23247
104.03,0.23436
104.03,0.23139
104.03,0.22795
104.04,0.22653
104.04,0.22309
104.04,0.22015
104.05,0.21727
104.05,0.21481
104.05,0.2129
104.06,0.20454
104.06,0.20407
104.06,0.20622
104.06,0.20527
104.07,0.20173
104.07,0.19442
104.07,0.19782
104.08,0.19412
104.08,0.18751
104.08,0.18807
104.09,0.18167
104.09,0.1807
104.09,0.17704
104.1,0.17697
104.1,0.18053
104.1,0.17439
104.1,0.17116
104.11,0.16695
104.11,0.17024
104.11,0.16692
104.12,0.16267
104.12,0.16701
104.12,0.15503
104.13,0.15491
104.13,0.15314
104.13,0.15198
104.14,0.15086
104.14,0.14606
104.14,0.14452
104.14,0.14322
104.15,0.14365
104.15,0.14105
104.15,0.13312
104.16,0.13633
104.16,0.1366
104.16,0.13539
104.17,0.13169
104.17,0.1292
104.17,0.12845
104.17,0.12636
104.18,0.12155
104.18,0.11545
104.18,0.11679
104.19,0.11432
104.19,0.11215
104.19,0.11563
104.2,0.11602
104.2,0.11038
104.2,0.10573
104.21,0.10147
104.21,0.10422
104.21,0.098354
104.21,0.10116
104.22,0.098655
104.22,0.098051
104.22,0.093257
104.23,0.09326
104.23,0.089763
104.23,0.09556
104.24,0.087722
104.24,0.079903
104.24,0.077353
104.25,0.084041
104.25,0.082332
104.25,0.081281
104.25,0.07468
104.26,0.078287
104.26,0.074867
104.26,0.071521
104.27,0.074157
104.27,0.067711
104.27,0.066632
104.28,0.063622
104.28,0.070372
104.28,0.063976
104.28,0.060123
104.29,0.060329
104.29,0.058469
104.29,0.059249
104.3,0.058501
104.3,0.052563
104.3,0.055608
104.31,0.047662
104.31,0.045357
104.31,0.051263
104.32,0.042614
104.32,0.045429
104.32,0.046147
104.32,0.035478
104.33,0.041898
104.33,0.038135
104.33,0.036927
104.34,0.037062
104.34,0.036384
104.34,0.035169
104.35,0.029464
104.35,0.02993
104.35,0.02661
104.36,0.025828
104.36,0.024226
104.36,0.029296
104.36,0.026284
104.37,0.021266
104.37,0.022268
104.37,0.019866
104.38,0.017438
104.38,0.017338
104.38,0.0149
104.39,0.014631
104.39,0.015614
104.39,0.014335
104.39,0.011167
104.4,0.0059459
104.4,0.009161
104.4,0.0088101
104.41,0.0062751
104.41,0.003852
104.41,0.0020801
104.42,-0.0052361
104.42,-0.0025131
104.42,0.00054438
104.43,-0.0010161
104.43,-0.0027022
104.43,-0.0035646
104.43,-0.0079235
104.44,-0.010306
104.44,-0.0066622
104.44,-0.0089865
104.45,-0.0048074
104.45,-0.009073
104.45,-0.0067791
104.46,-0.012748
104.46,-0.014097
104.46,-0.012155
104.47,-0.018758
104.47,-0.018026
104.47,-0.013144
104.47,-0.019433
104.48,-0.017488
104.48,-0.019187
104.48,-0.026548
104.49,-0.025875
104.49,-0.022085
104.49,-0.024393
104.5,-0.027368
104.5,-0.025728
104.5,-0.026911
104.51,-0.027947
104.51,-0.032136
104.51,-0.025782
104.51,-0.030736
104.52,-0.034024
104.52,-0.03521
104.52,-0.032366
104.53,-0.035622
104.53,-0.042389
104.53,-0.032808
104.54,-0.035679
104.54,-0.03957
104.54,-0.044532
104.54,-0.036155
104.55,-0.045254
104.55,-0.043162
104.55,-0.042687
104.56,-0.046618
104.56,-0.047053
104.56,-0.04976
104.57,-0.048108
104.57,-0.048509
104.57,-0.054589
104.58,-0.055025
104.58,-0.050525
104.58,-0.051877
104.58,-0.054279
104.59,-0.054903
104.59,-0.05802
104.59,-0.059497
104.6,-0.060194
104.6,-0.064571
104.6,-0.059679
104.61,-0.061547
104.61,-0.068552
104.61,-0.063443
104.62,-0.070318
104.62,-0.063792
104.62,-0.067042
104.62,-0.071391
104.63,-0.067638
104.63,-0.0731
104.63,-0.072732
104.64,-0.077064
104.64,-0.075107
104.64,-0.079113
104.65,-0.080775
104.65,-0.081218
104.65,-0.082184
104.65,-0.083338
104.66,-0.083417
104.66,-0.087662
104.66,-0.089227
104.67,-0.093996
104.67,-0.087187
104.67,-0.092372
104.68,-0.094892
104.68,-0.094287
104.68,-0.093404
104.69,-0.10307
104.69,-0.10147
104.69,-0.09594
104.69,-0.099386
104.7,-0.10412
104.7,-0.1054
104.7,-0.1097
104.71,-0.10537
104.71,-0.11185
104.71,-0.11083
104.72,-0.11825
104.72,-0.11225
104.72,-0.11595
104.73,-0.1176
104.73,-0.11729
104.73,-0.12299
104.73,-0.12473
104.74,-0.12585
104.74,-0.12844
104.74,-0.13549
104.75,-0.13066
104.75,-0.1326
104.75,-0.13642
104.76,-0.13836
104.76,-0.13904
104.76,-0.13885
104.76,-0.14608
104.77,-0.14809
104.77,-0.14382
104.77,-0.14802
104.78,-0.15058
104.78,-0.15373
104.78,-0.15322
104.79,-0.15583
104.79,-0.15975
104.79,-0.16207
104.8,-0.16053
104.8,-0.1635
104.8,-0.16537
104.8,-0.16941
104.81,-0.17048
104.81,-0.17126
104.81,-0.17311
104.82,-0.17345
104.82,-0.17273
104.82,-0.18533
104.83,-0.18141
104.83,-0.18839
104.83,-0.18972
104.84,-0.19305
104.84,-0.19365
104.84,-0.1938
104.84,-0.19377
104.85,-0.19613
104.85,-0.20258
104.85,-0.19996
104.86,-0.2064
104.86,-0.19881
104.86,-0.20403
104.87,-0.20827
104.87,-0.20491
104.87,-0.20752
104.88,-0.21802
104.88,-0.21503
104.88,-0.22149
104.88,-0.21694
104.89,-0.21779
104.89,-0.22583
104.89,-0.22704
104.9,-0.22368
104.9,-0.23124
104.9,-0.2366
104.91,-0.229
104.91,-0.2306
104.91,-0.23613
104.91,-0.23712
104.92,-0.23687
104.92,-0.24151
104.92,-0.23411
104.93,-0.23964
104.93,-0.24297
104.93,-0.24245
104.94,-0.24556
104.94,-0.24384
104.94,-0.24317
104.95,-0.2496
104.95,-0.2457
104.95,-0.25772
104.95,-0.25386
104.96,-0.247
104.96,-0.25527
104.96,-0.25477
104.97,-0.25398
104.97,-0.25829
104.97,-0.25958
104.98,-0.26156
104.98,-0.25758
104.98,-0.26233
104.99,-0.26102
104.99,-0.2578
104.99,-0.26151
104.99,-0.26797
105,-0.2663
105,-0.26254
105,-0.26137
105.01,-0.26052
105.01,-0.25803
105.01,-0.26117
105.02,-0.2713
105.02,-0.26403
105.02,-0.26929
105.02,-0.27024
105.03,-0.26307
105.03,-0.26909
105.03,-0.26284
105.04,-0.25786
105.04,-0.26453
105.04,-0.26532
105.05,-0.2686
105.05,-0.26274
105.05,-0.2644
105.06,-0.26812
105.06,-0.26359
105.06,-0.25828
105.06,-0.26632
105.07,-0.26489
105.07,-0.26205
105.07,-0.26232
105.08,-0.25638
105.08,-0.25859
105.08,-0.26331
105.09,-0.25344
105.09,-0.25566
105.09,-0.25906
105.1,-0.25439
105.1,-0.25546
105.1,-0.24971
105.1,-0.2505
105.11,-0.2538
105.11,-0.2442
105.11,-0.24879
105.12,-0.24964
105.12,-0.24278
105.12,-0.24323
105.13,-0.24364
105.13,-0.24322
105.13,-0.23947
105.13,-0.23583
105.14,-0.23809
105.14,-0.22904
105.14,-0.24161
105.15,-0.2342
105.15,-0.22222
105.15,-0.22555
105.16,-0.22698
105.16,-0.22344
105.16,-0.22756
105.17,-0.21487
105.17,-0.22404
105.17,-0.21325
105.17,-0.2128
105.18,-0.21355
105.18,-0.21842
105.18,-0.21066
105.19,-0.20148
105.19,-0.2057
105.19,-0.20139
105.2,-0.20267
105.2,-0.20261
105.2,-0.19723
105.21,-0.20046
105.21,-0.18895
105.21,-0.19048
105.21,-0.18833
105.22,-0.18953
105.22,-0.18168
105.22,-0.1852
105.23,-0.17475
105.23,-0.17666
105.23,-0.17696
105.24,-0.17571
105.24,-0.17524
105.24,-0.16738
105.25,-0.16674
105.25,-0.16764
105.25,-0.16847
105.25,-0.16325
105.26,-0.15714
105.26,-0.15884
105.26,-0.1492
105.27,-0.15531
105.27,-0.15056
105.27,-0.15354
105.28,-0.14959
105.28,-0.14709
105.28,-0.14421
105.28,-0.1441
105.29,-0.13302
105.29,-0.13646
105.29,-0.13214
105.3,-0.13744
105.3,-0.13256
105.3,-0.13183
105.31,-0.12701
105.31,-0.12888
105.31,-0.12372
105.32,-0.12818
105.32,-0.11924
105.32,-0.11722
105.32,-0.11586
105.33,-0.11535
105.33,-0.12126
105.33,-0.1114
105.34,-0.11276
105.34,-0.11325
105.34,-0.10378
105.35,-0.11134
105.35,-0.10424
105.35,-0.10284
105.36,-0.10145
105.36,-0.10385
105.36,-0.10076
105.36,-0.10247
105.37,-0.10274
105.37,-0.10026
105.37,-0.092835
105.38,-0.099224
105.38,-0.094278
105.38,-0.094652
105.39,-0.093812
105.39,-0.09228
105.39,-0.090574
105.39,-0.09353
105.4,-0.089884
105.4,-0.090464
105.4,-0.092716
105.41,-0.082263
105.41,-0.085741
105.41,-0.082745
105.42,-0.088503
105.42,-0.085205
105.42,-0.080183
105.43,-0.076153
105.43,-0.08026
105.43,-0.082282
105.43,-0.07957
105.44,-0.084373
105.44,-0.083579
105.44,-0.082701
105.45,-0.076912
105.45,-0.084174
105.45,-0.083731
105.46,-0.078414
105.46,-0.08612
105.46,-0.079627
105.47,-0.08052
105.47,-0.078452
105.47,-0.079356
105.47,-0.085216
105.48,-0.086314
105.48,-0.07994
105.48,-0.080433
105.49,-0.084785
105.49,-0.079776
105.49,-0.080583
105.5,-0.083826
105.5,-0.081401
105.5,-0.081222
105.5,-0.079551
105.51,-0.082913
105.51,-0.077569
105.51,-0.080481
105.52,-0.083207
105.52,-0.084682
105.52,-0.085023
105.53,-0.080947
105.53,-0.083417
105.53,-0.088917
105.54,-0.083863
105.54,-0.08864
105.54,-0.084481
105.54,-0.088594
105.55,-0.087145
105.55,-0.087654
105.55,-0.089299
105.56,-0.086398
105.56,-0.086226
105.56,-0.093052
105.57,-0.0936
105.57,-0.091897
105.57,-0.091017
105.58,-0.092344
105.58,-0.092356
105.58,-0.09157
105.58,-0.091661
105.59,-0.097775
105.59,-0.091655
105.59,-0.093471
105.6,-0.09745
105.6,-0.097717
105.6,-0.096787
105.61,-0.10292
105.61,-0.097708
105.61,-0.10115
105.62,-0.10287
105.62,-0.10011
105.62,-0.10217
105.62,-0.10249
105.63,-0.10405
105.63,-0.10352
105.63,-0.10642
105.64,-0.10115
105.64,-0.10401
105.64,-0.1013
105.65,-0.11068
105.65,-0.1022
105.65,-0.10508
105.65,-0.099475
105.66,-0.10594
105.66,-0.10993
105.66,-0.1075
105.67,-0.10949
105.67,-0.1099
105.67,-0.11057
105.68,-0.11029
105.68,-0.11075
105.68,-0.11105
105.69,-0.11108
105.69,-0.11704
105.69,-0.1155
105.69,-0.11326
105.7,-0.1125
105.7,-0.11369
105.7,-0.11298
105.71,-0.11211
105.71,-0.11548
105.71,-0.11598
105.72,-0.11577
105.72,-0.11103
105.72,-0.11844
105.73,-0.11812
105.73,-0.11613
105.73,-0.1112
105.73,-0.11407
105.74,-0.11831
105.74,-0.1162
105.74,-0.11952
105.75,-0.11671
105.75,-0.1147
105.75,-0.11137
105.76,-0.11032
105.76,-0.11793
105.76,-0.12302
105.76,-0.11661
105.77,-0.12449
105.77,-0.119
105.77,-0.11997
105.78,-0.12142
105.78,-0.11776
105.78,-0.12038
105.79,-0.11848
105.79,-0.12209
105.79,-0.11632
105.8,-0.11851
105.8,-0.12054
105.8,-0.12026
105.8,-0.11853
105.81,-0.11785
105.81,-0.1183
105.81,-0.11828
105.82,-0.11704
105.82,-0.11717
105.82,-0.11576
105.83,-0.11817
105.83,-0.12097
105.83,-0.12031
105.84,-0.11788
105.84,-0.11384
105.84,-0.11695
105.84,-0.11473
105.85,-0.11865
105.85,-0.10426
105.85,-0.11395
105.86,-0.1133
105.86,-0.11519
105.86,-0.11899
105.87,-0.11852
105.87,-0.1173
105.87,-0.11277
105.87,-0.11316
105.88,-0.11041
105.88,-0.11499
105.88,-0.11085
105.89,-0.11391
105.89,-0.11116
105.89,-0.11454
105.9,-0.11382
105.9,-0.10748
105.9,-0.10947
105.91,-0.10992
105.91,-0.1141
105.91,-0.10852
105.91,-0.11015
105.92,-0.10789
105.92,-0.11011
105.92,-0.11309
105.93,-0.10957
105.93,-0.10948
105.93,-0.10866
105.94,-0.10884
105.94,-0.10935
105.94,-0.10516
105.95,-0.10451
105.95,-0.10594
105.95,-0.10922
105.95,-0.10573
105.96,-0.11102
105.96,-0.10512
105.96,-0.099565
105.97,-0.099577
105.97,-0.10207
105.97,-0.10307
105.98,-0.10363
105.98,-0.10566
105.98,-0.097404
105.99,-0.10311
105.99,-0.099677
105.99,-0.10264
105.99,-0.097296
106,-0.097781
106,-0.097822
106,-0.10029
106.01,-0.096963
106.01,-0.095171
106.01,-0.097237
106.02,-0.099291
106.02,-0.093131
106.02,-0.09628
106.02,-0.095829
106.03,-0.097213
106.03,-0.093639
106.03,-0.089387
106.04,-0.086663
106.04,-0.094457
106.04,-0.093313
106.05,-0.08496
106.05,-0.088625
106.05,-0.085748
106.06,-0.084925
106.06,-0.088374
106.06,-0.086714
106.06,-0.08681
106.07,-0.082182
106.07,-0.086698
106.07,-0.083322
106.08,-0.085026
106.08,-0.083488
106.08,-0.084737
106.09,-0.082057
106.09,-0.081359
106.09,-0.078191
106.1,-0.07813
106.1,-0.081595
106.1,-0.080922
106.1,-0.076326
106.11,-0.077471
106.11,-0.079884
106.11,-0.072696
106.12,-0.079756
106.12,-0.074659
106.12,-0.07545
106.13,-0.071266
106.13,-0.071808
106.13,-0.074003
106.13,-0.072357
106.14,-0.069947
106.14,-0.070977
106.14,-0.069317
106.15,-0.073107
106.15,-0.067855
106.15,-0.071777
106.16,-0.069328
106.16,-0.066769
106.16,-0.067657
106.17,-0.064389
106.17,-0.064408
106.17,-0.063148
106.17,-0.059115
106.18,-0.06622
106.18,-0.060554
106.18,-0.068937
106.19,-0.056099
106.19,-0.065197
106.19,-0.058708
106.2,-0.061467
106.2,-0.057485
106.2,-0.056508
106.21,-0.05975
106.21,-0.049436
106.21,-0.05604
106.21,-0.056078
106.22,-0.053538
106.22,-0.052559
106.22,-0.052247
106.23,-0.051464
106.23,-0.050887
106.23,-0.046578
106.24,-0.04769
106.24,-0.047882
106.24,-0.048142
106.24,-0.050947
106.25,-0.05019
106.25,-0.053208
106.25,-0.049804
106.26,-0.046865
106.26,-0.044337
106.26,-0.04264
106.27,-0.046592
106.27,-0.044
106.27,-0.047421
106.28,-0.042593
106.28,-0.042221
106.28,-0.042433
106.28,-0.036261
106.29,-0.04088
106.29,-0.037301
106.29,-0.039122
106.3,-0.036547
106.3,-0.037314
106.3,-0.040187
106.31,-0.036209
106.31,-0.03781
106.31,-0.038933
106.32,-0.035676
106.32,-0.037456
106.32,-0.03529
106.32,-0.034959
106.33,-0.036951
106.33,-0.03778
106.33,-0.031701
106.34,-0.037925
106.34,-0.035362
106.34,-0.033805
106.35,-0.029369
106.35,-0.034642
106.35,-0.031015
106.35,-0.033772
106.36,-0.031262
106.36,-0.033325
106.36,-0.030457
106.37,-0.027389
106.37,-0.034154
106.37,-0.032754
106.38,-0.026681
106.38,-0.032072
106.38,-0.032708
106.39,-0.034864
106.39,-0.03044
106.39,-0.026565
106.39,-0.028377
106.4,-0.03043
106.4,-0.03103
106.4,-0.029422
106.41,-0.028034
106.41,-0.03069
106.41,-0.027164
106.42,-0.028699
106.42,-0.028105
106.42,-0.029276
106.43,-0.029714
106.43,-0.032743
106.43,-0.031047
106.43,-0.023468
106.44,-0.030089
106.44,-0.031655
106.44,-0.029443
106.45,-0.038536
106.45,-0.029858
106.45,-0.027884
106.46,-0.031134
106.46,-0.034763
106.46,-0.031378
106.47,-0.025947
106.47,-0.03005
106.47,-0.031361
106.47,-0.035232
106.48,-0.033291
106.48,-0.034187
106.48,-0.03424
106.49,-0.030825
106.49,-0.036877
106.49,-0.040062
106.5,-0.036199
106.5,-0.036981
106.5,-0.037658
106.5,-0.039681
106.51,-0.039878
106.51,-0.041089
106.51,-0.043922
106.52,-0.039364
106.52,-0.042996
106.52,-0.04091
106.53,-0.046295
106.53,-0.044876
106.53,-0.04493
106.54,-0.0461
106.54,-0.045198
106.54,-0.046294
106.54,-0.047268
106.55,-0.048246
106.55,-0.053138
106.55,-0.049359
106.56,-0.051482
106.56,-0.049855
106.56,-0.052835
106.57,-0.051475
106.57,-0.053698
106.57,-0.053327
106.58,-0.056761
106.58,-0.0519
106.58,-0.058268
106.58,-0.055724
106.59,-0.060383
106.59,-0.059444
106.59,-0.062847
106.6,-0.062219
106.6,-0.06566
106.6,-0.066163
106.61,-0.063829
106.61,-0.064526
106.61,-0.069134
106.61,-0.07228
106.62,-0.06827
106.62,-0.069193
106.62,-0.072781
106.63,-0.071916
106.63,-0.075305
106.63,-0.069612
106.64,-0.075674
106.64,-0.076496
106.64,-0.076454
106.65,-0.082225
106.65,-0.081278
106.65,-0.079699
106.65,-0.086268
106.66,-0.085974
106.66,-0.082174
106.66,-0.082201
106.67,-0.085005
106.67,-0.088586
106.67,-0.088465
106.68,-0.088356
106.68,-0.090399
106.68,-0.092457
106.69,-0.091782
106.69,-0.096104
106.69,-0.096362
106.69,-0.10239
106.7,-0.090719
106.7,-0.098973
106.7,-0.09611
106.71,-0.10176
106.71,-0.1017
106.71,-0.10113
106.72,-0.10205
106.72,-0.10116
106.72,-0.10685
106.72,-0.10248
106.73,-0.11053
106.73,-0.10715
106.73,-0.11079
106.74,-0.11099
106.74,-0.10617
106.74,-0.11607
106.75,-0.11669
106.75,-0.11167
106.75,-0.11198
106.76,-0.11302
106.76,-0.115
106.76,-0.11634
106.76,-0.11593
106.77,-0.11577
106.77,-0.11842
106.77,-0.11841
106.78,-0.11676
106.78,-0.12138
106.78,-0.11901
106.79,-0.11867
106.79,-0.12049
106.79,-0.12351
106.8,-0.1236
106.8,-0.12489
106.8,-0.12155
106.8,-0.12283
106.81,-0.12397
106.81,-0.12326
106.81,-0.12298
106.82,-0.11967
106.82,-0.12588
106.82,-0.12532
106.83,-0.12906
106.83,-0.13225
106.83,-0.12841
106.84,-0.12162
106.84,-0.12775
106.84,-0.12575
106.84,-0.12969
106.85,-0.12769
106.85,-0.1304
106.85,-0.12868
106.86,-0.12446
106.86,-0.13361
106.86,-0.12821
106.87,-0.12845
106.87,-0.12453
106.87,-0.12182
106.87,-0.12315
106.88,-0.12672
106.88,-0.12626
106.88,-0.12462
106.89,-0.12587
106.89,-0.124
106.89,-0.12296
106.9,-0.12248
106.9,-0.12444
106.9,-0.11808
106.91,-0.12774
106.91,-0.11814
106.91,-0.11873
106.91,-0.12316
106.92,-0.12213
106.92,-0.11975
106.92,-0.11574
106.93,-0.11795
106.93,-0.11633
106.93,-0.11641
106.94,-0.11584
106.94,-0.11371
106.94,-0.11908
106.95,-0.11179
106.95,-0.11122
106.95,-0.11222
106.95,-0.11797
106.96,-0.10767
106.96,-0.11245
106.96,-0.11009
106.97,-0.10493
106.97,-0.10204
106.97,-0.11093
106.98,-0.10576
106.98,-0.10752
106.98,-0.1005
106.98,-0.10052
106.99,-0.10078
106.99,-0.098831
106.99,-0.10069
107,-0.097042
107,-0.10042
107,-0.096093
107.01,-0.095619
107.01,-0.092447
107.01,-0.090627
107.02,-0.093471
107.02,-0.092783
107.02,-0.091849
107.02,-0.086326
107.03,-0.088055
107.03,-0.087674
107.03,-0.086812
107.04,-0.080037
107.04,-0.084174
107.04,-0.083949
107.05,-0.082169
107.05,-0.079328
107.05,-0.078319
107.06,-0.076904
107.06,-0.077618
107.06,-0.074707
107.06,-0.079008
107.07,-0.073429
107.07,-0.073351
107.07,-0.071041
107.08,-0.065966
107.08,-0.06891
107.08,-0.066459
107.09,-0.067475
107.09,-0.067639
107.09,-0.066808
107.09,-0.063067
107.1,-0.062699
107.1,-0.05993
107.1,-0.061825
107.11,-0.058808
107.11,-0.060245
107.11,-0.059068
107.12,-0.058325
107.12,-0.056824
107.12,-0.063021
107.13,-0.051462
107.13,-0.055868
107.13,-0.052622
107.13,-0.052565
107.14,-0.055786
107.14,-0.049801
107.14,-0.05333
107.15,-0.050315
107.15,-0.05088
107.15,-0.049348
107.16,-0.045808
107.16,-0.048585
107.16,-0.0498
107.17,-0.044969
107.17,-0.046495
107.17,-0.041601
107.17,-0.043922
107.18,-0.046546
107.18,-0.044632
107.18,-0.041502
107.19,-0.043793
107.19,-0.04259
107.19,-0.043255
107.2,-0.039014
107.2,-0.040666
107.2,-0.038998
107.21,-0.044586
107.21,-0.038948
107.21,-0.039937
107.21,-0.042385
107.22,-0.043786
107.22,-0.035352
107.22,-0.03957
107.23,-0.040947
107.23,-0.041022
107.23,-0.040561
107.24,-0.037117
107.24,-0.031308
107.24,-0.039485
107.24,-0.040191
107.25,-0.033721
107.25,-0.037898
107.25,-0.035661
107.26,-0.042143
107.26,-0.040493
107.26,-0.038639
107.27,-0.041894
107.27,-0.040931
107.27,-0.040687
107.28,-0.041364
107.28,-0.042566
107.28,-0.035629
107.28,-0.038947
107.29,-0.042386
107.29,-0.043298
107.29,-0.039191
107.3,-0.035877
107.3,-0.039443
107.3,-0.041077
107.31,-0.041931
107.31,-0.042575
107.31,-0.0467
107.32,-0.042142
107.32,-0.041709
107.32,-0.04552
107.32,-0.041911
107.33,-0.045888
107.33,-0.047545
107.33,-0.043546
107.34,-0.046397
107.34,-0.046407
107.34,-0.047451
107.35,-0.051925
107.35,-0.049777
107.35,-0.049459
107.35,-0.051007
107.36,-0.055115
107.36,-0.049452
107.36,-0.047733
107.37,-0.050558
107.37,-0.056722
107.37,-0.05419
107.38,-0.053389
107.38,-0.056963
107.38,-0.051886
107.39,-0.055178
107.39,-0.056785
107.39,-0.059516
107.39,-0.059953
107.4,-0.05469
107.4,-0.060396
107.4,-0.060951
107.41,-0.059451
107.41,-0.061068
107.41,-0.064036
107.42,-0.059971
107.42,-0.063358
107.42,-0.059036
107.43,-0.060705
107.43,-0.063345
107.43,-0.062246
107.43,-0.064418
107.44,-0.06349
107.44,-0.065806
107.44,-0.060084
107.45,-0.065519
107.45,-0.063802
107.45,-0.062139
107.46,-0.067342
107.46,-0.068013
107.46,-0.063824
107.46,-0.064345
107.47,-0.071006
107.47,-0.06709
107.47,-0.065418
107.48,-0.065966
107.48,-0.06607
107.48,-0.066534
107.49,-0.069032
107.49,-0.065496
107.49,-0.066029
107.5,-0.066056
107.5,-0.065287
107.5,-0.066646
107.5,-0.0664
107.51,-0.068911
107.51,-0.067874
107.51,-0.064835
107.52,-0.070174
107.52,-0.068891
107.52,-0.063156
107.53,-0.067278
107.53,-0.062336
107.53,-0.067879
107.54,-0.063237
107.54,-0.066641
107.54,-0.071591
107.54,-0.066834
107.55,-0.061761
107.55,-0.062647
107.55,-0.069005
107.56,-0.062867
107.56,-0.066065
107.56,-0.064371
107.57,-0.059297
107.57,-0.064191
107.57,-0.061933
107.58,-0.059889
107.58,-0.059977
107.58,-0.060981
107.58,-0.058038
107.59,-0.055505
107.59,-0.061651
107.59,-0.060983
107.6,-0.05752
107.6,-0.055403
107.6,-0.057287
107.61,-0.056614
107.61,-0.05532
107.61,-0.056282
107.61,-0.056334
107.62,-0.050527
107.62,-0.053911
107.62,-0.052563
107.63,-0.048247
107.63,-0.051276
107.63,-0.049286
107.64,-0.048168
107.64,-0.047087
107.64,-0.0491
107.65,-0.046191
107.65,-0.046119
107.65,-0.048215
107.65,-0.041477
107.66,-0.043432
107.66,-0.040286
107.66,-0.042269
107.67,-0.040338
107.67,-0.042965
107.67,-0.040847
107.68,-0.040937
107.68,-0.036132
107.68,-0.037399
107.69,-0.036591
107.69,-0.037474
107.69,-0.033368
107.69,-0.033361
107.7,-0.031798
107.7,-0.032525
107.7,-0.035054
107.71,-0.032821
107.71,-0.030001
107.71,-0.029632
107.72,-0.029567
107.72,-0.027247
107.72,-0.026387
107.72,-0.028864
107.73,-0.02537
107.73,-0.023334
107.73,-0.026808
107.74,-0.020403
107.74,-0.020517
107.74,-0.02018
107.75,-0.024193
107.75,-0.024695
107.75,-0.020367
107.76,-0.020801
107.76,-0.020975
107.76,-0.018938
107.76,-0.018215
107.77,-0.019122
107.77,-0.017713
107.77,-0.016465
107.78,-0.012802
107.78,-0.0136
107.78,-0.014309
107.79,-0.01575
107.79,-0.010168
107.79,-0.011933
107.8,-0.010747
107.8,-0.013474
107.8,-0.012478
107.8,-0.012673
107.81,-0.011705
107.81,-0.0085386
107.81,-0.0083877
107.82,-0.010126
107.82,-0.0058587
107.82,-0.0098636
107.83,-0.0074267
107.83,-0.0072646
107.83,-0.0087923
107.83,-0.0066298
107.84,-0.007977
107.84,-0.0026863
107.84,-0.0090827
107.85,-0.0076825
107.85,-0.0090901
107.85,-0.0052017
107.86,-0.0079831
107.86,-0.0073857
107.86,-0.0067826
107.87,-0.0045938
107.87,-0.0029417
107.87,-0.0054545
107.87,-0.004706
107.88,-0.007124
107.88,-0.0074112
107.88,-0.0033157
107.89,-0.0049208
107.89,-0.0042199
107.89,-0.0038532
107.9,-0.0052437
107.9,-0.0062677
107.9,-0.0033202
107.91,-0.0026992
107.91,-0.0025374
107.91,-0.0071456
107.91,-0.0061171
107.92,-0.0067497
107.92,-0.0061803
107.92,-0.0037979
107.93,-0.0066355
107.93,-0.0039728
107.93,-0.0060933
107.94,-0.0040087
107.94,-0.00668
107.94,-0.005656
107.95,-0.0046692
107.95,-0.0069854
107.95,-0.0076693
107.95,-0.0065753
107.96,-0.0082288
107.96,-0.0083307
107.96,-0.014643
107.97,-0.0074813
107.97,-0.007557
107.97,-0.0072569
107.98,-0.010491
107.98,-0.013555
107.98,-0.0085839
107.98,-0.011244
107.99,-0.0093239
107.99,-0.010092
107.99,-0.013367
108,-0.010974
108,-0.011686
108,-0.011849
108.01,-0.015334
108.01,-0.013066
108.01,-0.015469
108.02,-0.014313
108.02,-0.012881
108.02,-0.016041
108.02,-0.016838
108.03,-0.016705
108.03,-0.015302
108.03,-0.019993
108.04,-0.021719
108.04,-0.017465
108.04,-0.019428
108.05,-0.0229
108.05,-0.020468
108.05,-0.021572
108.06,-0.022285
108.06,-0.024376
108.06,-0.025129
108.06,-0.023162
108.07,-0.023863
108.07,-0.025258
108.07,-0.025733
108.08,-0.026235
108.08,-0.027894
108.08,-0.027336
108.09,-0.029994
108.09,-0.029444
108.09,-0.033188
108.09,-0.030797
108.1,-0.032116
108.1,-0.033362
108.1,-0.033816
108.11,-0.033668
108.11,-0.034121
108.11,-0.037166
108.12,-0.035998
108.12,-0.034964
108.12,-0.035871
108.13,-0.039952
108.13,-0.040068
108.13,-0.037652
108.13,-0.040486
108.14,-0.042769
108.14,-0.039705
108.14,-0.041006
108.15,-0.044697
108.15,-0.045753
108.15,-0.045709
108.16,-0.046812
108.16,-0.04646
108.16,-0.046292
108.17,-0.046721
108.17,-0.04945
108.17,-0.048831
108.17,-0.047187
108.18,-0.050489
108.18,-0.053194
108.18,-0.052706
108.19,-0.052046
108.19,-0.054655
108.19,-0.052465
108.2,-0.054154
108.2,-0.055806
108.2,-0.055728
108.2,-0.057166
108.21,-0.060411
108.21,-0.056412
108.21,-0.058962
108.22,-0.058473
108.22,-0.059847
108.22,-0.058574
108.23,-0.064802
108.23,-0.062369
108.23,-0.063966
108.24,-0.061661
108.24,-0.060183
108.24,-0.06389
108.24,-0.065538
108.25,-0.06448
108.25,-0.066299
108.25,-0.068606
108.26,-0.063994
108.26,-0.069336
108.26,-0.070881
108.27,-0.069628
108.27,-0.072012
108.27,-0.069398
108.28,-0.069648
108.28,-0.070885
108.28,-0.076048
108.28,-0.071842
108.29,-0.073414
108.29,-0.073108
108.29,-0.076648
108.3,-0.075233
108.3,-0.078488
108.3,-0.076941
108.31,-0.077503
108.31,-0.079097
108.31,-0.080854
108.32,-0.079631
108.32,-0.077957
108.32,-0.084866
108.32,-0.081501
108.33,-0.081436
108.33,-0.079348
108.33,-0.08398
108.34,-0.08302
108.34,-0.081927
108.34,-0.082661
108.35,-0.08967
108.35,-0.084688
108.35,-0.082377
108.35,-0.0824
108.36,-0.089816
108.36,-0.088845
108.36,-0.089606
108.37,-0.089379
108.37,-0.08959
108.37,-0.090885
108.38,-0.090381
108.38,-0.09081
108.38,-0.089988
108.39,-0.088853
108.39,-0.094792
108.39,-0.090894
108.39,-0.095792
108.4,-0.094407
108.4,-0.094438
108.4,-0.099969
108.41,-0.097007
108.41,-0.095617
108.41,-0.097158
108.42,-0.097625
108.42,-0.096777
108.42,-0.099264
108.43,-0.098096
108.43,-0.096938
108.43,-0.10152
108.43,-0.099511
108.44,-0.098288
108.44,-0.099567
108.44,-0.10254
108.45,-0.099255
108.45,-0.10377
108.45,-0.10356
108.46,-0.10091
108.46,-0.10249
108.46,-0.10123
108.46,-0.10361
108.47,-0.10726
108.47,-0.10426
108.47,-0.10337
108.48,-0.10358
108.48,-0.10289
108.48,-0.10585
108.49,-0.10454
108.49,-0.10698
108.49,-0.1102
108.5,-0.10878
108.5,-0.10908
108.5,-0.10668
108.5,-0.11232
108.51,-0.1083
108.51,-0.11044
108.51,-0.10787
108.52,-0.11066
108.52,-0.10716
108.52,-0.10831
108.53,-0.11012
108.53,-0.10941
108.53,-0.10838
108.54,-0.11112
108.54,-0.11234
108.54,-0.11314
108.54,-0.11369
108.55,-0.1132
108.55,-0.11385
108.55,-0.11266
108.56,-0.11055
108.56,-0.11302
108.56,-0.11512
108.57,-0.11597
108.57,-0.11737
108.57,-0.11509
108.57,-0.11437
108.58,-0.11443
108.58,-0.11374
108.58,-0.11485
108.59,-0.11629
108.59,-0.11628
108.59,-0.11589
108.6,-0.11848
108.6,-0.11665
108.6,-0.12072
108.61,-0.11781
108.61,-0.11899
108.61,-0.1198
108.61,-0.11953
108.62,-0.11763
108.62,-0.12079
108.62,-0.1184
108.63,-0.11492
108.63,-0.12195
108.63,-0.1203
108.64,-0.11917
108.64,-0.11804
108.64,-0.12405
108.65,-0.12216
108.65,-0.12114
108.65,-0.12181
108.65,-0.11903
108.66,-0.12089
108.66,-0.11843
108.66,-0.11947
108.67,-0.12232
108.67,-0.11886
108.67,-0.1198
108.68,-0.11776
108.68,-0.12219
108.68,-0.1195
108.69,-0.11846
108.69,-0.1202
108.69,-0.1203
108.69,-0.11659
108.7,-0.11965
108.7,-0.12158
108.7,-0.11631
108.71,-0.1201
108.71,-0.11877
108.71,-0.11642
108.72,-0.11812
108.72,-0.11861
108.72,-0.12011
108.72,-0.12
108.73,-0.11822
108.73,-0.12066
108.73,-0.11594
108.74,-0.1155
108.74,-0.11559
108.74,-0.11746
108.75,-0.11816
108.75,-0.11898
108.75,-0.12019
108.76,-0.11843
108.76,-0.11514
108.76,-0.11159
108.76,-0.11334
108.77,-0.11131
108.77,-0.11864
108.77,-0.11518
108.78,-0.11367
108.78,-0.1139
108.78,-0.1132
108.79,-0.11353
108.79,-0.11438
108.79,-0.10922
108.8,-0.11116
108.8,-0.11227
108.8,-0.11247
108.8,-0.1113
108.81,-0.10917
108.81,-0.1128
108.81,-0.10913
108.82,-0.112
108.82,-0.10916
108.82,-0.10699
108.83,-0.1093
108.83,-0.10647
108.83,-0.10727
108.83,-0.10667
108.84,-0.11071
108.84,-0.1037
108.84,-0.10539
108.85,-0.10587
108.85,-0.10422
108.85,-0.10233
108.86,-0.10265
108.86,-0.10328
108.86,-0.10394
108.87,-0.10015
108.87,-0.10208
108.87,-0.09948
108.87,-0.1018
108.88,-0.099951
108.88,-0.10168
108.88,-0.10037
108.89,-0.09754
108.89,-0.098976
108.89,-0.094546
108.9,-0.097494
108.9,-0.095019
108.9,-0.098814
108.91,-0.097024
108.91,-0.098897
108.91,-0.094212
108.91,-0.093516
108.92,-0.092525
108.92,-0.093902
108.92,-0.092749
108.93,-0.092191
108.93,-0.09231
108.93,-0.090731
108.94,-0.090061
108.94,-0.091053
108.94,-0.088693
108.94,-0.087196
108.95,-0.09218
108.95,-0.086587
108.95,-0.086136
108.96,-0.087468
108.96,-0.085053
108.96,-0.085572
108.97,-0.083542
108.97,-0.084204
108.97,-0.087422
108.98,-0.083272
108.98,-0.081454
108.98,-0.083641
108.98,-0.079435
108.99,-0.079496
108.99,-0.081381
108.99,-0.08007
109,-0.080431
109,-0.077938
109,-0.080442
109.01,-0.081016
109.01,-0.075415
109.01,-0.076944
109.02,-0.077852
109.02,-0.076053
109.02,-0.07723
109.02,-0.075644
109.03,-0.073628
109.03,-0.07224
109.03,-0.075496
109.04,-0.070977
109.04,-0.072943
109.04,-0.070475
109.05,-0.071431
109.05,-0.071073
109.05,-0.068199
109.06,-0.071516
109.06,-0.066439
109.06,-0.069364
109.06,-0.070721
109.07,-0.067036
109.07,-0.067786
109.07,-0.065722
109.08,-0.066587
109.08,-0.067321
109.08,-0.065435
109.09,-0.065358
109.09,-0.062579
109.09,-0.063146
109.09,-0.063114
109.1,-0.064136
109.1,-0.061233
109.1,-0.061746
109.11,-0.060643
109.11,-0.060413
109.11,-0.058691
109.12,-0.061123
109.12,-0.063069
109.12,-0.059557
109.13,-0.060268
109.13,-0.055907
109.13,-0.05849
109.13,-0.059838
109.14,-0.054548
109.14,-0.05801
109.14,-0.055789
109.15,-0.056312
109.15,-0.052828
109.15,-0.052919
109.16,-0.054145
109.16,-0.054197
109.16,-0.052983
109.17,-0.053837
109.17,-0.050351
109.17,-0.052321
109.17,-0.051293
109.18,-0.049166
109.18,-0.051245
109.18,-0.050003
109.19,-0.049175
109.19,-0.047744
109.19,-0.047256
109.2,-0.048513
109.2,-0.048818
109.2,-0.047957
109.2,-0.047687
109.21,-0.046602
109.21,-0.046932
109.21,-0.04555
109.22,-0.047094
109.22,-0.044663
109.22,-0.044752
109.23,-0.045511
109.23,-0.044327
109.23,-0.042103
109.24,-0.045551
109.24,-0.044212
109.24,-0.043812
109.24,-0.043652
109.25,-0.043133
109.25,-0.043328
109.25,-0.042184
109.26,-0.040741
109.26,-0.041356
109.26,-0.042173
109.27,-0.041781
109.27,-0.040947
109.27,-0.040915
109.28,-0.040913
109.28,-0.038904
109.28,-0.039935
109.28,-0.037938
109.29,-0.038265
109.29,-0.036158
109.29,-0.04781
109.3,0
