101.78,0.06854
101.79,-0.012718
101.79,-0.014399
101.79,0.012927
101.8,-0.028409
101.8,-0.0069271
101.8,0
101.8,-0.046529
101.81,-0.02961
101.81,-0.02905
101.81,-0.035748
101.82,-0.013807
101.82,-0.016879
101.82,-0.022457
101.83,-0.020874
101.83,-0.020981
101.83,-0.021373
101.83,-0.021061
101.84,-0.020111
101.84,-0.02102
101.84,-0.022099
101.85,-0.024001
101.85,-0.020758
101.85,-0.022335
101.86,-0.021379
101.86,-0.020987
101.86,-0.022521
101.87,-0.021922
101.87,-0.022717
101.87,-0.022454
101.87,-0.0219
101.88,-0.022214
101.88,-0.021546
101.88,-0.022769
101.89,-0.021721
101.89,-0.022372
101.89,-0.021715
101.9,-0.022841
101.9,-0.021411
101.9,-0.021621
101.91,-0.022614
101.91,-0.023865
101.91,-0.021683
101.91,-0.020696
101.92,-0.022732
101.92,-0.024145
101.92,-0.02315
101.93,-0.021848
101.93,-0.023279
101.93,-0.022075
101.94,-0.021895
101.94,-0.02378
101.94,-0.022323
101.94,-0.024241
101.95,-0.021375
101.95,-0.022043
101.95,-0.024171
101.96,-0.022227
101.96,-0.02151
101.96,-0.021323
101.97,-0.022222
101.97,-0.021535
101.97,-0.022888
101.98,-0.023507
101.98,-0.021594
101.98,-0.024058
101.98,-0.021257
101.99,-0.02223
101.99,-0.024509
101.99,-0.022642
102,-0.022105
102,-0.023295
102,-0.022884
102.01,-0.023849
102.01,-0.022485
102.01,-0.02384
102.02,-0.024201
102.02,-0.023731
102.02,-0.025288
102.02,-0.025495
102.03,-0.025117
102.03,-0.022153
102.03,-0.022004
102.04,-0.025203
102.04,-0.024032
102.04,-0.020253
102.05,-0.024557
102.05,-0.023352
102.05,-0.023352
102.06,-0.024754
102.06,-0.023375
102.06,-0.024499
102.06,-0.025167
102.07,-0.022575
102.07,-0.024597
102.07,-0.023439
102.08,-0.024684
102.08,-0.024177
102.08,-0.025292
102.09,-0.025226
102.09,-0.022948
102.09,-0.024113
102.09,-0.026599
102.1,-0.025356
102.1,-0.0246
102.1,-0.026044
102.11,-0.022234
102.11,-0.024126
102.11,-0.024545
102.12,-0.022243
102.12,-0.023386
102.12,-0.027482
102.13,-0.024103
102.13,-0.025546
102.13,-0.027913
102.13,-0.026346
102.14,-0.023716
102.14,-0.025998
102.14,-0.025616
102.15,-0.025378
102.15,-0.025301
102.15,-0.023127
102.16,-0.026107
102.16,-0.024268
102.16,-0.027532
102.17,-0.025501
102.17,-0.026811
102.17,-0.024651
102.17,-0.027221
102.18,-0.023861
102.18,-0.024047
102.18,-0.024349
102.19,-0.024492
102.19,-0.027153
102.19,-0.024358
102.2,-0.02794
102.2,-0.027806
102.2,-0.02566
102.2,-0.027111
102.21,-0.026343
102.21,-0.026291
102.21,-0.028076
102.22,-0.024166
102.22,-0.02673
102.22,-0.025263
102.23,-0.027631
102.23,-0.026975
102.23,-0.026583
102.24,-0.027383
102.24,-0.026808
102.24,-0.028047
102.24,-0.026871
102.25,-0.02559
102.25,-0.025719
102.25,-0.027638
102.26,-0.025573
102.26,-0.028398
102.26,-0.025691
102.27,-0.027546
102.27,-0.023008
102.27,-0.029159
102.28,-0.026786
102.28,-0.027653
102.28,-0.026859
102.28,-0.027452
102.29,-0.025812
102.29,-0.027804
102.29,-0.028218
102.3,-0.026385
102.3,-0.025816
102.3,-0.028964
102.31,-0.027579
102.31,-0.030261
102.31,-0.026771
102.32,-0.027246
102.32,-0.028001
102.32,-0.029616
102.32,-0.026868
102.33,-0.02872
102.33,-0.029375
102.33,-0.026451
102.34,-0.027903
102.34,-0.027623
102.34,-0.027591
102.35,-0.030915
102.35,-0.028809
102.35,-0.032408
102.35,-0.028897
102.36,-0.028843
102.36,-0.027429
102.36,-0.029047
102.37,-0.02934
102.37,-0.028958
102.37,-0.027914
102.38,-0.030655
102.38,-0.031544
102.38,-0.029297
102.39,-0.029732
102.39,-0.030057
102.39,-0.027332
102.39,-0.029905
102.4,-0.028107
102.4,-0.032512
102.4,-0.029857
102.41,-0.03008
102.41,-0.029375
102.41,-0.029875
102.42,-0.028931
102.42,-0.030068
102.42,-0.02744
102.43,-0.032194
102.43,-0.029348
102.43,-0.030232
102.43,-0.030494
102.44,-0.030653
102.44,-0.025843
102.44,-0.03005
102.45,-0.029259
102.45,-0.032569
102.45,-0.032365
102.46,-0.029616
102.46,-0.030603
102.46,-0.030774
102.46,-0.032088
102.47,-0.026816
102.47,-0.030206
102.47,-0.031481
102.48,-0.031528
102.48,-0.028456
102.48,-0.02926
102.49,-0.029286
102.49,-0.027086
102.49,-0.03227
102.5,-0.031849
102.5,-0.034362
102.5,-0.030533
102.5,-0.031982
102.51,-0.031714
102.51,-0.028469
102.51,-0.03283
102.52,-0.029248
102.52,-0.027684
102.52,-0.033971
102.53,-0.032239
102.53,-0.032707
102.53,-0.031635
102.54,-0.027414
102.54,-0.032907
102.54,-0.031935
102.54,-0.032389
102.55,-0.032995
102.55,-0.033987
102.55,-0.03153
102.56,-0.031753
102.56,-0.032919
102.56,-0.031637
102.57,-0.034301
102.57,-0.032641
102.57,-0.031114
102.57,-0.033846
102.58,-0.032847
102.58,-0.032496
102.58,-0.032164
102.59,-0.033846
102.59,-0.036755
102.59,-0.031521
102.6,-0.030729
102.6,-0.030703
102.6,-0.03133
102.61,-0.031908
102.61,-0.034072
102.61,-0.036087
102.61,-0.031679
102.62,-0.032899
102.62,-0.033985
102.62,-0.032487
102.63,-0.03521
102.63,-0.036707
102.63,-0.031786
102.64,-0.031344
102.64,-0.034041
102.64,-0.033651
102.65,-0.033284
102.65,-0.034346
102.65,-0.032162
102.65,-0.032258
102.66,-0.032921
102.66,-0.035136
102.66,-0.033718
102.67,-0.033718
102.67,-0.033243
102.67,-0.035467
102.68,-0.031215
102.68,-0.033353
102.68,-0.033876
102.69,-0.03556
102.69,-0.033673
102.69,-0.035257
102.69,-0.03133
102.7,-0.033587
102.7,-0.035576
102.7,-0.035472
102.71,-0.036138
102.71,-0.035537
102.71,-0.033872
102.72,-0.032624
102.72,-0.036009
102.72,-0.035805
102.72,-0.035758
102.73,-0.038951
102.73,-0.032752
102.73,-0.035795
102.74,-0.034725
102.74,-0.035273
102.74,-0.034964
102.75,-0.032243
102.75,-0.034009
102.75,-0.037492
102.76,-0.036028
102.76,-0.032759
102.76,-0.037222
102.76,-0.032339
102.77,-0.034698
102.77,-0.03535
102.77,-0.037115
102.78,-0.038554
102.78,-0.031776
102.78,-0.038663
102.79,-0.036006
102.79,-0.035415
102.79,-0.038853
102.8,-0.031518
102.8,-0.032436
102.8,-0.036376
102.8,-0.031075
102.81,-0.036882
102.81,-0.036509
102.81,-0.037403
102.82,-0.03517
102.82,-0.037511
102.82,-0.036629
102.83,-0.028468
102.83,-0.035629
102.83,-0.037218
102.83,-0.032233
102.84,-0.036552
102.84,-0.038512
102.84,-0.038425
102.85,-0.036109
102.85,-0.037882
102.85,-0.036601
102.86,-0.036911
102.86,-0.037574
102.86,-0.038459
102.87,-0.037867
102.87,-0.038922
102.87,-0.039011
102.87,-0.034958
102.88,-0.036228
102.88,-0.036927
102.88,-0.038039
102.89,-0.038127
102.89,-0.040893
102.89,-0.03851
102.9,-0.040435
102.9,-0.035614
102.9,-0.038936
102.91,-0.035359
102.91,-0.036033
102.91,-0.038337
102.91,-0.036819
102.92,-0.03602
102.92,-0.040123
102.92,-0.038366
102.93,-0.042465
102.93,-0.03623
102.93,-0.035542
102.94,-0.040165
102.94,-0.038759
102.94,-0.0395
102.95,-0.041904
102.95,-0.038079
102.95,-0.038345
102.95,-0.041715
102.96,-0.036482
102.96,-0.041539
102.96,-0.037829
102.97,-0.038537
102.97,-0.038504
102.97,-0.036068
102.98,-0.041644
102.98,-0.036166
102.98,-0.038416
102.98,-0.039123
102.99,-0.04336
102.99,-0.038492
102.99,-0.041415
103,-0.040314
103,-0.038173
103,-0.039084
103.01,-0.039618
103.01,-0.035956
103.01,-0.038798
103.02,-0.042158
103.02,-0.035828
103.02,-0.042452
103.02,-0.039624
103.03,-0.043607
103.03,-0.043729
103.03,-0.037726
103.04,-0.039333
103.04,-0.040985
103.04,-0.039624
103.05,-0.044053
103.05,-0.038156
103.05,-0.043838
103.06,-0.04244
103.06,-0.042067
103.06,-0.040415
103.06,-0.042913
103.07,-0.040044
103.07,-0.038002
103.07,-0.041725
103.08,-0.04176
103.08,-0.039004
103.08,-0.041569
103.09,-0.036815
103.09,-0.041222
103.09,-0.041176
103.09,-0.042735
103.1,-0.040743
103.1,-0.04215
103.1,-0.041755
103.11,-0.041591
103.11,-0.041503
103.11,-0.040791
103.12,-0.043088
103.12,-0.040604
103.12,-0.039325
103.13,-0.043096
103.13,-0.041794
103.13,-0.04555
103.13,-0.042238
103.14,-0.043613
103.14,-0.044607
103.14,-0.041338
103.15,-0.042631
103.15,-0.042804
103.15,-0.042449
103.16,-0.042179
103.16,-0.042327
103.16,-0.045527
103.17,-0.040877
103.17,-0.04493
103.17,-0.047374
103.17,-0.042658
103.18,-0.043483
103.18,-0.041047
103.18,-0.04314
103.19,-0.042036
103.19,-0.03997
103.19,-0.044567
103.2,-0.046169
103.2,-0.041185
103.2,-0.041875
103.2,-0.044098
103.21,-0.045022
103.21,-0.043015
103.21,-0.047952
103.22,-0.043161
103.22,-0.044281
103.22,-0.046985
103.23,-0.042915
103.23,-0.044958
103.23,-0.042056
103.24,-0.041505
103.24,-0.048478
103.24,-0.042766
103.24,-0.046175
103.25,-0.047417
103.25,-0.040915
103.25,-0.042296
103.26,-0.046507
103.26,-0.046373
103.26,-0.044286
103.27,-0.043071
103.27,-0.039673
103.27,-0.044861
103.28,-0.041977
103.28,-0.044425
103.28,-0.045903
103.28,-0.048541
103.29,-0.044286
103.29,-0.047657
103.29,-0.04595
103.3,-0.045841
103.3,-0.0442
103.3,-0.043691
103.31,-0.046563
103.31,-0.044245
103.31,-0.049032
103.32,-0.041944
103.32,-0.043278
103.32,-0.047152
103.32,-0.047011
103.33,-0.04525
103.33,-0.046065
103.33,-0.04514
103.34,-0.047087
103.34,-0.044135
103.34,-0.047159
103.35,-0.043852
103.35,-0.048212
103.35,-0.046685
103.35,-0.046839
103.36,-0.047067
103.36,-0.047118
103.36,-0.045859
103.37,-0.048187
103.37,-0.041643
103.37,-0.042152
103.38,-0.049402
103.38,-0.046178
103.38,-0.04502
103.39,-0.046339
103.39,-0.043991
103.39,-0.047776
103.39,-0.048802
103.4,-0.048007
103.4,-0.048876
103.4,-0.050024
103.41,-0.04573
103.41,-0.047787
103.41,-0.044677
103.42,-0.046885
103.42,-0.05015
103.42,-0.048015
103.43,-0.045596
103.43,-0.048671
103.43,-0.049483
103.43,-0.049036
103.44,-0.047399
103.44,-0.045678
103.44,-0.047692
103.45,-0.047848
103.45,-0.049542
103.45,-0.046807
103.46,-0.046306
103.46,-0.049416
103.46,-0.045374
103.46,-0.048234
103.47,-0.047725
103.47,-0.049886
103.47,-0.047204
103.48,-0.055266
103.48,-0.049103
103.48,-0.049364
103.49,-0.047785
103.49,-0.047903
103.49,-0.04451
103.5,-0.051644
103.5,-0.046778
103.5,-0.050838
103.5,-0.049624
103.51,-0.049531
103.51,-0.050749
103.51,-0.051583
103.52,-0.050379
103.52,-0.049277
103.52,-0.052852
103.53,-0.048769
103.53,-0.053709
103.53,-0.0504
103.54,-0.047694
103.54,-0.050252
103.54,-0.046178
103.54,-0.051326
103.55,-0.04582
103.55,-0.050298
103.55,-0.049984
103.56,-0.049405
103.56,-0.048338
103.56,-0.048723
103.57,-0.051556
103.57,-0.050169
103.57,-0.048627
103.58,-0.050121
103.58,-0.046875
103.58,-0.050659
103.58,-0.050052
103.59,-0.04965
103.59,-0.050633
103.59,-0.048592
103.6,-0.052423
103.6,-0.050404
103.6,-0.04886
103.61,-0.049824
103.61,-0.046338
103.61,-0.052725
103.61,-0.051327
103.62,-0.049047
103.62,-0.047915
103.62,-0.051067
103.63,-0.053718
103.63,-0.050348
103.63,-0.049249
103.64,-0.050554
103.64,-0.051857
103.64,-0.052415
103.65,-0.050853
103.65,-0.048848
103.65,-0.051897
103.65,-0.050215
103.66,-0.051646
103.66,-0.047101
103.66,-0.055161
103.67,-0.051166
103.67,-0.050061
103.67,-0.053627
103.68,-0.047998
103.68,-0.051191
103.68,-0.051433
103.69,-0.050976
103.69,-0.048174
103.69,-0.050992
103.69,-0.050761
103.7,-0.052711
103.7,-0.055217
103.7,-0.051749
103.71,-0.050845
103.71,-0.053238
103.71,-0.050307
103.72,-0.048877
103.72,-0.051738
103.72,-0.050281
103.72,-0.051645
103.73,-0.050077
103.73,-0.052906
103.73,-0.054667
103.74,-0.058639
103.74,-0.053009
103.74,-0.04929
103.75,-0.051444
103.75,-0.048075
103.75,-0.049727
103.76,-0.051311
103.76,-0.053906
103.76,-0.057705
103.76,-0.055181
103.77,-0.053482
103.77,-0.051714
103.77,-0.053014
103.78,-0.054417
103.78,-0.051494
103.78,-0.050304
103.79,-0.050086
103.79,-0.051208
103.79,-0.0534
103.8,-0.050489
103.8,-0.053222
103.8,-0.05185
103.8,-0.057588
103.81,-0.054504
103.81,-0.052796
103.81,-0.053187
103.82,-0.049943
103.82,-0.049589
103.82,-0.053941
103.83,-0.05155
103.83,-0.056859
103.83,-0.051636
103.83,-0.048124
103.84,-0.05529
103.84,-0.052141
103.84,-0.047166
103.85,-0.052954
103.85,-0.055546
103.85,-0.049083
103.86,-0.054001
103.86,-0.054632
103.86,-0.054229
103.87,-0.056206
103.87,-0.054617
103.87,-0.051219
103.87,-0.055825
103.88,-0.051156
103.88,-0.050709
103.88,-0.054914
103.89,-0.050938
103.89,-0.055204
103.89,-0.051388
103.9,-0.054279
103.9,-0.055453
103.9,-0.053186
103.91,-0.057352
103.91,-0.052883
103.91,-0.05252
103.91,-0.054568
103.92,-0.050895
103.92,-0.051625
103.92,-0.054865
103.93,-0.055473
103.93,-0.050301
103.93,-0.050619
103.94,-0.054166
103.94,-0.054049
103.94,-0.054745
103.95,-0.053887
103.95,-0.053859
103.95,-0.053519
103.95,-0.05577
103.96,-0.056623
103.96,-0.055282
103.96,-0.053643
103.97,-0.052791
103.97,-0.053358
103.97,-0.056018
103.98,-0.056636
103.98,-0.050995
103.98,-0.057789
103.98,-0.056473
103.99,-0.052666
103.99,-0.053581
103.99,-0.052986
104,-0.05536
104,-0.052987
104,-0.054742
104.01,-0.053768
104.01,-0.055176
104.01,-0.055643
104.02,-0.054007
104.02,-0.05439
104.02,-0.053871
104.02,-0.054716
104.03,-0.05446
104.03,-0.050005
104.03,-0.051418
104.04,-0.054847
104.04,-0.054213
104.04,-0.0579
104.05,-0.05472
104.05,-0.054044
104.05,-0.056522
104.06,-0.055175
104.06,-0.05837
104.06,-0.051146
104.06,-0.055889
104.07,-0.055909
104.07,-0.052618
104.07,-0.056014
104.08,-0.052506
104.08,-0.057518
104.08,-0.056311
104.09,-0.053192
104.09,-0.055612
104.09,-0.054121
104.09,-0.05689
104.1,-0.053067
104.1,-0.053103
104.1,-0.056741
104.11,-0.053455
104.11,-0.052961
104.11,-0.054607
104.12,-0.055385
104.12,-0.055596
104.12,-0.057615
104.13,-0.059036
104.13,-0.053232
104.13,-0.057228
104.13,-0.056039
104.14,-0.054401
104.14,-0.054109
104.14,-0.053777
104.15,-0.056421
104.15,-0.054944
104.15,-0.052155
104.16,-0.056676
104.16,-0.05644
104.16,-0.049235
104.17,-0.056115
104.17,-0.054244
104.17,-0.056442
104.17,-0.052847
104.18,-0.054929
104.18,-0.058762
104.18,-0.055328
104.19,-0.056105
104.19,-0.055365
104.19,-0.055605
104.2,-0.050981
104.2,-0.057559
104.2,-0.058089
104.2,-0.058385
104.21,-0.054106
104.21,-0.057043
104.21,-0.054234
104.22,-0.05688
104.22,-0.057247
104.22,-0.053107
104.23,-0.055159
104.23,-0.055038
104.23,-0.057677
104.24,-0.057601
104.24,-0.053888
104.24,-0.053925
104.24,-0.053585
104.25,-0.054726
104.25,-0.056629
104.25,-0.054176
104.26,-0.059468
104.26,-0.054295
104.26,-0.057758
104.27,-0.059966
104.27,-0.059367
104.27,-0.053745
104.28,-0.054144
104.28,-0.056625
104.28,-0.058618
104.28,-0.058777
104.29,-0.054681
104.29,-0.054011
104.29,-0.052221
104.3,-0.056893
104.3,-0.058801
104.3,-0.054701
104.31,-0.060677
104.31,-0.054426
104.31,-0.055465
104.32,-0.055628
104.32,-0.05605
104.32,-0.061218
104.32,-0.059955
104.33,-0.058619
104.33,-0.054156
104.33,-0.059472
104.34,-0.05359
104.34,-0.056489
104.34,-0.059154
104.35,-0.057188
104.35,-0.054945
104.35,-0.060249
104.35,-0.05846
104.36,-0.060526
104.36,-0.059623
104.36,-0.055454
104.37,-0.059411
104.37,-0.051319
104.37,-0.057569
104.38,-0.059053
104.38,-0.06077
104.38,-0.059315
104.39,-0.059775
104.39,-0.054481
104.39,-0.059079
104.39,-0.059101
104.4,-0.058597
104.4,-0.055272
104.4,-0.058405
104.41,-0.06024
104.41,-0.062615
104.41,-0.060877
104.42,-0.056112
104.42,-0.060691
104.42,-0.056023
104.43,-0.058002
104.43,-0.06125
104.43,-0.05764
104.43,-0.061316
104.44,-0.060831
104.44,-0.0584
104.44,-0.059533
104.45,-0.060987
104.45,-0.060561
104.45,-0.060325
104.46,-0.062335
104.46,-0.059378
104.46,-0.06045
104.46,-0.058495
104.47,-0.062791
104.47,-0.06051
104.47,-0.06021
104.48,-0.060364
104.48,-0.059993
104.48,-0.058457
104.49,-0.060543
104.49,-0.057095
104.49,-0.058939
104.5,-0.05735
104.5,-0.062219
104.5,-0.060338
104.5,-0.060462
104.51,-0.059297
104.51,-0.062366
104.51,-0.064464
104.52,-0.061162
104.52,-0.061395
104.52,-0.062561
104.53,-0.058874
104.53,-0.059547
104.53,-0.064962
104.54,-0.059654
104.54,-0.059419
104.54,-0.0587
104.54,-0.062528
104.55,-0.063043
104.55,-0.060696
104.55,-0.063787
104.56,-0.062706
104.56,-0.060393
104.56,-0.062179
104.57,-0.059109
104.57,-0.065302
104.57,-0.066271
104.58,-0.065922
104.58,-0.067191
104.58,-0.066301
104.58,-0.064794
104.59,-0.061106
104.59,-0.064249
104.59,-0.066057
104.6,-0.057965
104.6,-0.064223
104.6,-0.067074
104.61,-0.059395
104.61,-0.068509
104.61,-0.062857
104.61,-0.068643
104.62,-0.066012
104.62,-0.064879
104.62,-0.066339
104.63,-0.06313
104.63,-0.062393
104.63,-0.06879
104.64,-0.06726
104.64,-0.063799
104.64,-0.067271
104.65,-0.060579
104.65,-0.067464
104.65,-0.061002
104.65,-0.065678
104.66,-0.069172
104.66,-0.065486
104.66,-0.068093
104.67,-0.064596
104.67,-0.068783
104.67,-0.064084
104.68,-0.067655
104.68,-0.066752
104.68,-0.061469
104.69,-0.071661
104.69,-0.066994
104.69,-0.065686
104.69,-0.067116
104.7,-0.068503
104.7,-0.0682
104.7,-0.070093
104.71,-0.068613
104.71,-0.070572
104.71,-0.067771
104.72,-0.072086
104.72,-0.064848
104.72,-0.069746
104.72,-0.069111
104.73,-0.066457
104.73,-0.070073
104.73,-0.070636
104.74,-0.068823
104.74,-0.072934
104.74,-0.075197
104.75,-0.071886
104.75,-0.070726
104.75,-0.070048
104.76,-0.07697
104.76,-0.07079
104.76,-0.071511
104.76,-0.072567
104.77,-0.072894
104.77,-0.068334
104.77,-0.074403
104.78,-0.075223
104.78,-0.069411
104.78,-0.071904
104.79,-0.075841
104.79,-0.069018
104.79,-0.071102
104.8,-0.072957
104.8,-0.075896
104.8,-0.071053
104.8,-0.073866
104.81,-0.075026
104.81,-0.077091
104.81,-0.071617
104.82,-0.078898
104.82,-0.075782
104.82,-0.076773
104.83,-0.075745
104.83,-0.079194
104.83,-0.076267
104.83,-0.073907
104.84,-0.080582
104.84,-0.077061
104.84,-0.077496
104.85,-0.081389
104.85,-0.077979
104.85,-0.076394
104.86,-0.08307
104.86,-0.075894
104.86,-0.075169
104.87,-0.078678
104.87,-0.080028
104.87,-0.082321
104.87,-0.080639
104.88,-0.082714
104.88,-0.07134
104.88,-0.076674
104.89,-0.081077
104.89,-0.081746
104.89,-0.081493
104.9,-0.081208
104.9,-0.081448
104.9,-0.083009
104.91,-0.08246
104.91,-0.083257
104.91,-0.083595
104.91,-0.084708
104.92,-0.086311
104.92,-0.082029
104.92,-0.084787
104.93,-0.080664
104.93,-0.085111
104.93,-0.083571
104.94,-0.083915
104.94,-0.084282
104.94,-0.086489
104.95,-0.083927
104.95,-0.085599
104.95,-0.086208
104.95,-0.085228
104.96,-0.083356
104.96,-0.088414
104.96,-0.087617
104.97,-0.08838
104.97,-0.087777
104.97,-0.087574
104.98,-0.084937
104.98,-0.089062
104.98,-0.085038
104.98,-0.08869
104.99,-0.092729
104.99,-0.08599
104.99,-0.091436
105,-0.088553
105,-0.092606
105,-0.094845
105.01,-0.09024
105.01,-0.090649
105.01,-0.090457
105.02,-0.092233
105.02,-0.088523
105.02,-0.091421
105.02,-0.094321
105.03,-0.096249
105.03,-0.09084
105.03,-0.094698
105.04,-0.09357
105.04,-0.089063
105.04,-0.093486
105.05,-0.094915
105.05,-0.094104
105.05,-0.096811
105.06,-0.095002
105.06,-0.095025
105.06,-0.09862
105.06,-0.098438
105.07,-0.095716
105.07,-0.097022
105.07,-0.10047
105.08,-0.10152
105.08,-0.096969
105.08,-0.09989
105.09,-0.099078
105.09,-0.09736
105.09,-0.095056
105.09,-0.096346
105.1,-0.10078
105.1,-0.10344
105.1,-0.094674
105.11,-0.10578
105.11,-0.098111
105.11,-0.10302
105.12,-0.10094
105.12,-0.10236
105.12,-0.10156
105.13,-0.098392
105.13,-0.10196
105.13,-0.1022
105.13,-0.10352
105.14,-0.10391
105.14,-0.10327
105.14,-0.10724
105.15,-0.10665
105.15,-0.10432
105.15,-0.10542
105.16,-0.10477
105.16,-0.10794
105.16,-0.10624
105.17,-0.10585
105.17,-0.10848
105.17,-0.10805
105.17,-0.10772
105.18,-0.10448
105.18,-0.10753
105.18,-0.11298
105.19,-0.11086
105.19,-0.10907
105.19,-0.10929
105.2,-0.11163
105.2,-0.10936
105.2,-0.1124
105.21,-0.11064
105.21,-0.11303
105.21,-0.11144
105.21,-0.11407
105.22,-0.11268
105.22,-0.11479
105.22,-0.11567
105.23,-0.11554
105.23,-0.11346
105.23,-0.11734
105.24,-0.1155
105.24,-0.11673
105.24,-0.11497
105.24,-0.11637
105.25,-0.11858
105.25,-0.12122
105.25,-0.11591
105.26,-0.11823
105.26,-0.11369
105.26,-0.11956
105.27,-0.11823
105.27,-0.11992
105.27,-0.11708
105.28,-0.12047
105.28,-0.12
105.28,-0.12287
105.28,-0.1206
105.29,-0.12509
105.29,-0.12544
105.29,-0.12493
105.3,-0.12193
105.3,-0.12375
105.3,-0.12718
105.31,-0.12397
105.31,-0.12221
105.31,-0.12399
105.32,-0.12218
105.32,-0.13076
105.32,-0.12221
105.32,-0.12634
105.33,-0.12792
105.33,-0.12886
105.33,-0.13118
105.34,-0.12466
105.34,-0.12762
105.34,-0.12862
105.35,-0.12987
105.35,-0.13672
105.35,-0.12924
105.35,-0.13361
105.36,-0.12942
105.36,-0.12909
105.36,-0.1318
105.37,-0.13326
105.37,-0.13686
105.37,-0.13341
105.38,-0.13359
105.38,-0.13199
105.38,-0.13393
105.39,-0.13397
105.39,-0.13462
105.39,-0.13464
105.39,-0.13143
105.4,-0.13925
105.4,-0.14251
105.4,-0.13962
105.41,-0.1364
105.41,-0.13634
105.41,-0.13476
105.42,-0.14072
105.42,-0.13756
105.42,-0.13807
105.43,-0.13761
105.43,-0.13955
105.43,-0.14168
105.43,-0.14348
105.44,-0.14729
105.44,-0.14605
105.44,-0.14267
105.45,-0.1411
105.45,-0.14166
105.45,-0.14701
105.46,-0.14207
105.46,-0.14363
105.46,-0.14668
105.46,-0.14479
105.47,-0.14887
105.47,-0.14552
105.47,-0.14536
105.48,-0.14917
105.48,-0.14804
105.48,-0.14538
105.49,-0.14813
105.49,-0.14851
105.49,-0.14571
105.5,-0.14637
105.5,-0.14884
105.5,-0.15272
105.5,-0.14954
105.51,-0.14929
105.51,-0.15191
105.51,-0.15134
105.52,-0.1519
105.52,-0.15249
105.52,-0.15623
105.53,-0.15145
105.53,-0.15376
105.53,-0.15866
105.54,-0.15275
105.54,-0.161
105.54,-0.15093
105.54,-0.15687
105.55,-0.15551
105.55,-0.15558
105.55,-0.15822
105.56,-0.1593
105.56,-0.16301
105.56,-0.15653
105.57,-0.16391
105.57,-0.15683
105.57,-0.16094
105.58,-0.16185
105.58,-0.16152
105.58,-0.16102
105.58,-0.1658
105.59,-0.16271
105.59,-0.16659
105.59,-0.16345
105.6,-0.16
105.6,-0.16521
105.6,-0.16369
105.61,-0.15858
105.61,-0.1662
105.61,-0.16745
105.61,-0.16633
105.62,-0.17206
105.62,-0.17538
105.62,-0.17163
105.63,-0.16861
105.63,-0.16981
105.63,-0.17275
105.64,-0.17102
105.64,-0.17603
105.64,-0.17179
105.65,-0.17292
105.65,-0.17686
105.65,-0.17287
105.65,-0.17437
105.66,-0.17719
105.66,-0.17636
105.66,-0.1713
105.67,-0.18052
105.67,-0.17594
105.67,-0.17774
105.68,-0.18048
105.68,-0.18026
105.68,-0.17845
105.69,-0.18454
105.69,-0.18015
105.69,-0.1797
105.69,-0.17971
105.7,-0.18054
105.7,-0.18002
105.7,-0.17894
105.71,-0.18878
105.71,-0.18219
105.71,-0.18914
105.72,-0.18481
105.72,-0.19146
105.72,-0.18548
105.72,-0.18815
105.73,-0.18812
105.73,-0.19141
105.73,-0.18882
105.74,-0.19212
105.74,-0.18851
105.74,-0.19116
105.75,-0.19438
105.75,-0.19469
105.75,-0.18411
105.76,-0.18961
105.76,-0.19413
105.76,-0.19824
105.76,-0.1945
105.77,-0.18951
105.77,-0.19469
105.77,-0.19904
105.78,-0.198
105.78,-0.20245
105.78,-0.19448
105.79,-0.20058
105.79,-0.1995
105.79,-0.20538
105.8,-0.19896
105.8,-0.20189
105.8,-0.20263
105.8,-0.20029
105.81,-0.19752
105.81,-0.20042
105.81,-0.20471
105.82,-0.20435
105.82,-0.20342
105.82,-0.20286
105.83,-0.20298
105.83,-0.20763
105.83,-0.20916
105.84,-0.20508
105.84,-0.2083
105.84,-0.21185
105.84,-0.20937
105.85,-0.2056
105.85,-0.20967
105.85,-0.21208
105.86,-0.21584
105.86,-0.21048
105.86,-0.22054
105.87,-0.21187
105.87,-0.21872
105.87,-0.21541
105.87,-0.21674
105.88,-0.21816
105.88,-0.22144
105.88,-0.21503
105.89,-0.21687
105.89,-0.21972
105.89,-0.22495
105.9,-0.22069
105.9,-0.21891
105.9,-0.22256
105.91,-0.22701
105.91,-0.22901
105.91,-0.22394
105.91,-0.22228
105.92,-0.22498
105.92,-0.22584
105.92,-0.23238
105.93,-0.22369
105.93,-0.23129
105.93,-0.23369
105.94,-0.23077
105.94,-0.22602
105.94,-0.23232
105.95,-0.23161
105.95,-0.23174
105.95,-0.23379
105.95,-0.23696
105.96,-0.23873
105.96,-0.23197
105.96,-0.2381
105.97,-0.2367
105.97,-0.24159
105.97,-0.23686
105.98,-0.23899
105.98,-0.23945
105.98,-0.23986
105.98,-0.23533
105.99,-0.2356
105.99,-0.24555
105.99,-0.24311
106,-0.24106
106,-0.24702
106,-0.24154
106.01,-0.249
106.01,-0.25171
106.01,-0.24815
106.02,-0.24656
106.02,-0.24628
106.02,-0.2503
106.02,-0.25291
106.03,-0.25211
106.03,-0.25594
106.03,-0.24766
106.04,-0.25066
106.04,-0.25298
106.04,-0.25902
106.05,-0.25851
106.05,-0.25573
106.05,-0.259
106.06,-0.25578
106.06,-0.25535
106.06,-0.25706
106.06,-0.25761
106.07,-0.25977
106.07,-0.26252
106.07,-0.26646
106.08,-0.25979
106.08,-0.26586
106.08,-0.26226
106.09,-0.26823
106.09,-0.26544
106.09,-0.26305
106.09,-0.2688
106.1,-0.26545
106.1,-0.27403
106.1,-0.2615
106.11,-0.27067
106.11,-0.27843
106.11,-0.27327
106.12,-0.27222
106.12,-0.27072
106.12,-0.27626
106.13,-0.27657
106.13,-0.27522
106.13,-0.27611
106.13,-0.27696
106.14,-0.27336
106.14,-0.27541
106.14,-0.28209
106.15,-0.27839
106.15,-0.28368
106.15,-0.28369
106.16,-0.28354
106.16,-0.28544
106.16,-0.28472
106.17,-0.2865
106.17,-0.28023
106.17,-0.28685
106.17,-0.28748
106.18,-0.28601
106.18,-0.29085
106.18,-0.29489
106.19,-0.29041
106.19,-0.29891
106.19,-0.29596
106.2,-0.29256
106.2,-0.29271
106.2,-0.29239
106.21,-0.2926
106.21,-0.29401
106.21,-0.2981
106.21,-0.298
106.22,-0.30201
106.22,-0.29915
106.22,-0.29785
106.23,-0.29994
106.23,-0.30751
106.23,-0.30178
106.24,-0.30715
106.24,-0.30425
106.24,-0.30812
106.24,-0.30747
106.25,-0.30735
106.25,-0.30419
106.25,-0.30927
106.26,-0.31004
106.26,-0.31192
106.26,-0.31411
106.27,-0.31128
106.27,-0.31563
106.27,-0.31156
106.28,-0.31704
106.28,-0.32304
106.28,-0.30965
106.28,-0.31434
106.29,-0.31887
106.29,-0.31713
106.29,-0.32105
106.3,-0.32069
106.3,-0.32204
106.3,-0.32312
106.31,-0.32541
106.31,-0.32188
106.31,-0.32972
106.32,-0.32885
106.32,-0.32568
106.32,-0.32484
106.32,-0.33096
106.33,-0.32755
106.33,-0.33183
106.33,-0.3379
106.34,-0.33208
106.34,-0.33225
106.34,-0.33749
106.35,-0.33591
106.35,-0.33496
106.35,-0.3352
106.35,-0.33942
106.36,-0.3395
106.36,-0.33817
106.36,-0.33897
106.37,-0.33917
106.37,-0.3428
106.37,-0.34347
106.38,-0.34619
106.38,-0.34574
106.38,-0.34139
106.39,-0.34794
106.39,-0.35255
106.39,-0.34558
106.39,-0.35394
106.4,-0.35061
106.4,-0.3508
106.4,-0.35178
106.41,-0.35268
106.41,-0.35182
106.41,-0.35081
106.42,-0.35636
106.42,-0.35871
106.42,-0.36034
106.43,-0.35932
106.43,-0.35377
106.43,-0.36226
106.43,-0.35721
106.44,-0.36067
106.44,-0.3628
106.44,-0.36548
106.45,-0.36635
106.45,-0.36494
106.45,-0.36486
106.46,-0.36793
106.46,-0.37129
106.46,-0.36578
106.47,-0.37231
106.47,-0.36875
106.47,-0.3723
106.47,-0.37024
106.48,-0.37487
106.48,-0.37083
106.48,-0.37572
106.49,-0.37445
106.49,-0.37795
106.49,-0.37621
106.5,-0.38119
106.5,-0.38143
106.5,-0.38553
106.5,-0.38324
106.51,-0.37972
106.51,-0.38466
106.51,-0.37729
106.52,-0.38746
106.52,-0.3812
106.52,-0.38976
106.53,-0.39361
106.53,-0.38368
106.53,-0.38735
106.54,-0.39164
106.54,-0.38894
106.54,-0.3912
106.54,-0.39537
106.55,-0.39242
106.55,-0.39407
106.55,-0.39338
106.56,-0.39389
106.56,-0.39789
106.56,-0.39444
106.57,-0.40051
106.57,-0.39557
106.57,-0.39763
106.58,-0.40978
106.58,-0.40769
106.58,-0.39988
106.58,-0.40328
106.59,-0.40545
106.59,-0.4054
106.59,-0.40723
106.6,-0.40609
106.6,-0.40918
106.6,-0.41496
106.61,-0.40991
106.61,-0.41823
106.61,-0.41283
106.61,-0.41831
106.62,-0.4124
106.62,-0.41574
106.62,-0.41659
106.63,-0.41397
106.63,-0.41421
106.63,-0.42221
106.64,-0.42133
106.64,-0.4141
106.64,-0.42194
106.65,-0.42588
106.65,-0.42435
106.65,-0.41841
106.65,-0.42856
106.66,-0.42914
106.66,-0.42303
106.66,-0.42649
106.67,-0.43231
106.67,-0.42601
106.67,-0.42531
106.68,-0.4328
106.68,-0.43266
106.68,-0.43201
106.69,-0.43422
106.69,-0.43321
106.69,-0.43002
106.69,-0.43595
106.7,-0.43656
106.7,-0.43537
106.7,-0.43839
106.71,-0.43905
106.71,-0.43817
106.71,-0.44371
106.72,-0.44622
106.72,-0.44081
106.72,-0.44276
106.72,-0.44649
106.73,-0.44384
106.73,-0.44002
106.73,-0.45339
106.74,-0.44057
106.74,-0.45378
106.74,-0.44382
106.75,-0.44801
106.75,-0.44732
106.75,-0.44852
106.76,-0.4547
106.76,-0.4554
106.76,-0.45431
106.76,-0.45075
106.77,-0.45848
106.77,-0.44852
106.77,-0.46153
106.78,-0.45394
106.78,-0.45818
106.78,-0.45299
106.79,-0.45636
106.79,-0.4619
106.79,-0.46232
106.8,-0.45459
106.8,-0.46356
106.8,-0.46009
106.8,-0.45754
106.81,-0.46492
106.81,-0.46161
106.81,-0.4698
106.82,-0.46146
106.82,-0.45486
106.82,-0.46481
106.83,-0.46405
106.83,-0.46995
106.83,-0.473
106.84,-0.4688
106.84,-0.46837
106.84,-0.46939
106.84,-0.46902
106.85,-0.46752
106.85,-0.47086
106.85,-0.4682
106.86,-0.46599
106.86,-0.47007
106.86,-0.47966
106.87,-0.47493
106.87,-0.47295
106.87,-0.476
106.87,-0.47008
106.88,-0.47409
106.88,-0.47432
106.88,-0.47562
106.89,-0.47523
106.89,-0.47672
106.89,-0.475
106.9,-0.47588
106.9,-0.47469
106.9,-0.47845
106.91,-0.48038
106.91,-0.48373
106.91,-0.48061
106.91,-0.47686
106.92,-0.47892
106.92,-0.47486
106.92,-0.48432
106.93,-0.48237
106.93,-0.47664
106.93,-0.48154
106.94,-0.4813
106.94,-0.48125
106.94,-0.47759
106.95,-0.48099
106.95,-0.47541
106.95,-0.47785
106.95,-0.47614
106.96,-0.4788
106.96,-0.4844
106.96,-0.481
106.97,-0.48842
106.97,-0.48497
106.97,-0.47868
106.98,-0.48712
106.98,-0.47975
106.98,-0.47988
106.98,-0.48103
106.99,-0.47944
106.99,-0.48571
106.99,-0.48087
107,-0.47977
107,-0.47972
107,-0.4829
107.01,-0.48191
107.01,-0.47463
107.01,-0.47771
107.02,-0.48301
107.02,-0.48026
107.02,-0.47807
107.02,-0.47367
107.03,-0.4761
107.03,-0.47444
107.03,-0.47999
107.04,-0.47587
107.04,-0.47579
107.04,-0.47448
107.05,-0.47191
107.05,-0.46607
107.05,-0.47749
107.06,-0.46807
107.06,-0.47147
107.06,-0.47376
107.06,-0.47905
107.07,-0.46935
107.07,-0.47077
107.07,-0.47097
107.08,-0.46983
107.08,-0.46554
107.08,-0.46957
107.09,-0.47066
107.09,-0.46371
107.09,-0.46739
107.09,-0.46191
107.1,-0.46867
107.1,-0.46026
107.1,-0.46507
107.11,-0.45695
107.11,-0.45637
107.11,-0.45722
107.12,-0.45728
107.12,-0.45154
107.12,-0.45369
107.13,-0.45484
107.13,-0.44399
107.13,-0.44778
107.13,-0.45062
107.14,-0.451
107.14,-0.43987
107.14,-0.44351
107.15,-0.44139
107.15,-0.44452
107.15,-0.44102
107.16,-0.44343
107.16,-0.43387
107.16,-0.42836
107.17,-0.43373
107.17,-0.43681
107.17,-0.43038
107.17,-0.43271
107.18,-0.42819
107.18,-0.42659
107.18,-0.41572
107.19,-0.41793
107.19,-0.42421
107.19,-0.4159
107.2,-0.40506
107.2,-0.4119
107.2,-0.40816
107.21,-0.40445
107.21,-0.40211
107.21,-0.40405
107.21,-0.40152
107.22,-0.40108
107.22,-0.39992
107.22,-0.39139
107.23,-0.39554
107.23,-0.39461
107.23,-0.39078
107.24,-0.38031
107.24,-0.37629
107.24,-0.3839
107.24,-0.37525
107.25,-0.37375
107.25,-0.36849
107.25,-0.36726
107.26,-0.3598
107.26,-0.36313
107.26,-0.35503
107.27,-0.35225
107.27,-0.35021
107.27,-0.34808
107.28,-0.33739
107.28,-0.34179
107.28,-0.336
107.28,-0.33135
107.29,-0.32931
107.29,-0.33193
107.29,-0.32156
107.3,-0.31716
107.3,-0.31692
107.3,-0.31026
107.31,-0.31179
107.31,-0.30069
107.31,-0.31027
107.32,-0.29542
107.32,-0.2938
107.32,-0.28398
107.32,-0.28479
107.33,-0.27458
107.33,-0.27207
107.33,-0.26917
107.34,-0.26069
107.34,-0.26462
107.34,-0.25633
107.35,-0.25156
107.35,-0.24679
107.35,-0.23672
107.35,-0.22889
107.36,-0.23236
107.36,-0.22436
107.36,-0.22089
107.37,-0.22078
107.37,-0.20634
107.37,-0.20207
107.38,-0.20033
107.38,-0.19479
107.38,-0.18924
107.39,-0.18868
107.39,-0.17101
107.39,-0.16355
107.39,-0.16853
107.4,-0.15369
107.4,-0.15631
107.4,-0.15396
107.41,-0.14923
107.41,-0.13642
107.41,-0.12429
107.42,-0.11967
107.42,-0.11049
107.42,-0.10278
107.43,-0.10673
107.43,-0.1015
107.43,-0.081028
107.43,-0.083868
107.44,-0.077132
107.44,-0.065561
107.44,-0.060305
107.45,-0.04168
107.45,-0.044692
107.45,-0.045365
107.46,-0.022847
107.46,-0.031165
107.46,-0.016683
107.47,-0.011497
107.47,-0.00024636
107.47,-0.0021154
107.47,0.020146
107.48,0.027813
107.48,0.036781
107.48,0.031701
107.49,0.053421
107.49,0.056397
107.49,0.069552
107.5,0.076308
107.5,0.080744
107.5,0.092308
107.5,0.099959
107.51,0.10219
107.51,0.11883
107.51,0.13001
107.52,0.13911
107.52,0.15505
107.52,0.15879
107.53,0.1657
107.53,0.16578
107.53,0.18893
107.54,0.18745
107.54,0.21008
107.54,0.20958
107.54,0.22252
107.55,0.23476
107.55,0.24258
107.55,0.24883
107.56,0.26472
107.56,0.27171
107.56,0.2828
107.57,0.29223
107.57,0.29996
107.57,0.31887
107.58,0.33173
107.58,0.34251
107.58,0.35503
107.58,0.36613
107.59,0.36215
107.59,0.3797
107.59,0.39316
107.6,0.40823
107.6,0.41113
107.6,0.42772
107.61,0.45275
107.61,0.45681
107.61,0.45605
107.61,0.48635
107.62,0.49206
107.62,0.49872
107.62,0.50968
107.63,0.52442
107.63,0.53038
107.63,0.55015
107.64,0.57053
107.64,0.57261
107.64,0.59736
107.65,0.59415
107.65,0.62842
107.65,0.61509
107.65,0.63487
107.66,0.65397
107.66,0.65885
107.66,0.66988
107.67,0.6935
107.67,0.7006
107.67,0.71203
107.68,0.7437
107.68,0.74319
107.68,0.75494
107.69,0.77966
107.69,0.77234
107.69,0.80508
107.69,0.81323
107.7,0.81872
107.7,0.84087
107.7,0.85516
107.71,0.85846
107.71,0.8869
107.71,0.89141
107.72,0.9124
107.72,0.89417
107.72,0.92554
107.72,0.94609
107.73,0.95946
107.73,0.97137
107.73,0.99271
107.74,0.99825
107.74,1.0025
107.74,1.0348
107.75,1.0367
107.75,1.0584
107.75,1.0539
107.76,1.0882
107.76,1.0979
107.76,1.1116
107.76,1.1293
107.77,1.1485
107.77,1.1465
107.77,1.1671
107.78,1.1948
107.78,1.1907
107.78,1.2156
107.79,1.2082
107.79,1.2297
107.79,1.2527
107.8,1.2687
107.8,1.2693
107.8,1.2976
107.8,1.3042
107.81,1.3226
107.81,1.3331
107.81,1.3363
107.82,1.3507
107.82,1.3769
107.82,1.3675
107.83,1.3807
107.83,1.3876
107.83,1.425
107.84,1.4305
107.84,1.4487
107.84,1.4576
107.84,1.4747
107.85,1.4541
107.85,1.4886
107.85,1.5002
107.86,1.5188
107.86,1.5267
107.86,1.5424
107.87,1.5606
107.87,1.558
107.87,1.5747
107.87,1.5949
107.88,1.6125
107.88,1.622
107.88,1.6069
107.89,1.625
107.89,1.6389
107.89,1.6473
107.9,1.6638
107.9,1.6496
107.9,1.6738
107.91,1.6899
107.91,1.69
107.91,1.7091
107.91,1.7209
107.92,1.7143
107.92,1.7558
107.92,1.7299
107.93,1.7574
107.93,1.762
107.93,1.7703
107.94,1.7728
107.94,1.8007
107.94,1.7858
107.95,1.8097
107.95,1.8023
107.95,1.8224
107.95,1.8202
107.96,1.8273
107.96,1.8368
107.96,1.8465
107.97,1.8437
107.97,1.8543
107.97,1.8633
107.98,1.8523
107.98,1.8358
107.98,1.8819
107.98,1.863
107.99,1.8718
107.99,1.8754
107.99,1.9054
108,1.9004
108,1.8924
108,1.9029
108.01,1.899
108.01,1.91
108.01,1.9039
108.02,1.9241
108.02,1.9166
108.02,1.9142
108.02,1.9261
108.03,1.9179
108.03,1.9277
108.03,1.9142
108.04,1.9194
108.04,1.9415
108.04,1.922
108.05,1.9285
108.05,1.914
108.05,1.9325
108.06,1.927
108.06,1.8926
108.06,1.9349
108.06,1.9
108.07,1.9068
108.07,1.9361
108.07,1.9067
108.08,1.8989
108.08,1.9233
108.08,1.899
108.09,1.9103
108.09,1.9055
108.09,1.9079
108.1,1.9039
108.1,1.8963
108.1,1.885
108.1,1.8838
108.11,1.8814
108.11,1.8913
108.11,1.8771
108.12,1.8642
108.12,1.8667
108.12,1.8473
108.13,1.8403
108.13,1.8429
108.13,1.8304
108.13,1.821
108.14,1.8175
108.14,1.8016
108.14,1.8149
108.15,1.8124
108.15,1.806
108.15,1.7702
108.16,1.7776
108.16,1.7815
108.16,1.777
108.17,1.7616
108.17,1.7559
108.17,1.7515
108.17,1.7378
108.18,1.7219
108.18,1.7079
108.18,1.7383
108.19,1.7229
108.19,1.6936
108.19,1.6905
108.2,1.6717
108.2,1.6704
108.2,1.6525
108.21,1.6495
108.21,1.6561
108.21,1.6307
108.21,1.5908
108.22,1.6091
108.22,1.583
108.22,1.5898
108.23,1.585
108.23,1.5701
108.23,1.5502
108.24,1.5397
108.24,1.5511
108.24,1.5339
108.24,1.5168
108.25,1.5112
108.25,1.4999
108.25,1.4829
108.26,1.4765
108.26,1.4668
108.26,1.4543
108.27,1.4542
108.27,1.4215
108.27,1.415
108.28,1.4058
108.28,1.3984
108.28,1.3846
108.28,1.3823
108.29,1.359
108.29,1.3486
108.29,1.3384
108.3,1.3209
108.3,1.3102
108.3,1.3038
108.31,1.3082
108.31,1.2972
108.31,1.268
108.32,1.272
108.32,1.2442
108.32,1.2328
108.32,1.229
108.33,1.2291
108.33,1.2031
108.33,1.2008
108.34,1.1752
108.34,1.1812
108.34,1.1635
108.35,1.1496
108.35,1.1428
108.35,1.1334
108.35,1.1197
108.36,1.0974
108.36,1.1042
108.36,1.0883
108.37,1.0791
108.37,1.0502
108.37,1.0494
108.38,1.0403
108.38,1.026
108.38,1.0277
108.39,1.0142
108.39,1.0034
108.39,0.99525
108.39,0.98063
108.4,0.96847
108.4,0.95388
108.4,0.95813
108.41,0.93849
108.41,0.93688
108.41,0.92013
108.42,0.91315
108.42,0.8961
108.42,0.89207
108.43,0.87903
108.43,0.87735
108.43,0.87199
108.43,0.85091
108.44,0.85222
108.44,0.83687
108.44,0.82098
108.45,0.8272
108.45,0.81152
108.45,0.79891
108.46,0.78591
108.46,0.78005
108.46,0.76961
108.47,0.76358
108.47,0.76522
108.47,0.7559
108.47,0.73703
108.48,0.73229
108.48,0.72228
108.48,0.71947
108.49,0.7052
108.49,0.70195
108.49,0.69041
108.5,0.68944
108.5,0.67187
108.5,0.66668
108.5,0.66082
108.51,0.65654
108.51,0.65397
108.51,0.64392
108.52,0.63778
108.52,0.61736
108.52,0.62134
108.53,0.60594
108.53,0.6055
108.53,0.59952
108.54,0.58835
108.54,0.57864
108.54,0.58593
108.54,0.56442
108.55,0.56607
108.55,0.55433
108.55,0.55349
108.56,0.54049
108.56,0.53631
108.56,0.52476
108.57,0.52592
108.57,0.51846
108.57,0.51521
108.58,0.51202
108.58,0.49978
108.58,0.4982
108.58,0.49147
108.59,0.48497
108.59,0.47883
108.59,0.47222
108.6,0.46643
108.6,0.46102
108.6,0.45923
108.61,0.45946
108.61,0.44814
108.61,0.44435
108.61,0.43923
108.62,0.43056
108.62,0.42341
108.62,0.42645
108.63,0.4165
108.63,0.41769
108.63,0.41044
108.64,0.40904
108.64,0.39703
108.64,0.39522
108.65,0.39349
108.65,0.38588
108.65,0.3836
108.65,0.37801
108.66,0.37403
108.66,0.36656
108.66,0.36185
108.67,0.36342
108.67,0.36026
108.67,0.34979
108.68,0.34436
108.68,0.34588
108.68,0.33657
108.69,0.33872
108.69,0.32853
108.69,0.32696
108.69,0.32824
108.7,0.32479
108.7,0.31955
108.7,0.31391
108.71,0.31045
108.71,0.30571
108.71,0.30318
108.72,0.29783
108.72,0.29427
108.72,0.29022
108.73,0.29446
108.73,0.28743
108.73,0.28715
108.73,0.27726
108.74,0.28032
108.74,0.2709
108.74,0.26773
108.75,0.27053
108.75,0.26143
108.75,0.25849
108.76,0.25651
108.76,0.2583
108.76,0.25328
108.76,0.24829
108.77,0.24365
108.77,0.2401
108.77,0.24557
108.78,0.24158
108.78,0.23414
108.78,0.23422
108.79,0.22806
108.79,0.227
108.79,0.22598
108.8,0.21459
108.8,0.2211
108.8,0.21059
108.8,0.21272
108.81,0.21434
108.81,0.20315
108.81,0.20607
108.82,0.2003
108.82,0.20083
108.82,0.19608
108.83,0.19562
108.83,0.19427
108.83,0.18647
108.84,0.19009
108.84,0.18724
108.84,0.18703
108.84,0.17865
108.85,0.17361
108.85,0.17428
108.85,0.17196
108.86,0.16995
108.86,0.17724
108.86,0.16847
108.87,0.15848
108.87,0.16137
108.87,0.16225
108.87,0.15269
108.88,0.1579
108.88,0.15559
108.88,0.1549
108.89,0.14541
108.89,0.14755
108.89,0.14541
108.9,0.14021
108.9,0.14106
108.9,0.14147
108.91,0.13412
108.91,0.13237
108.91,0.134
108.91,0.12782
108.92,0.12587
108.92,0.13014
108.92,0.1232
108.93,0.12728
108.93,0.12123
108.93,0.11637
108.94,0.11465
108.94,0.11529
108.94,0.11294
108.95,0.11284
108.95,0.11208
108.95,0.1044
108.95,0.10672
108.96,0.10417
108.96,0.098503
108.96,0.098582
108.97,0.095662
108.97,0.093417
108.97,0.09358
108.98,0.088137
108.98,0.089494
108.98,0.083737
108.98,0.089297
108.99,0.081852
108.99,0.082773
108.99,0.082627
109,0.082271
109,0.076456
109,0.08074
109.01,0.074943
109.01,0.072052
109.01,0.068964
109.02,0.069189
109.02,0.063055
109.02,0.065586
109.02,0.063844
109.03,0.06507
109.03,0.065873
109.03,0.056546
109.04,0.05808
109.04,0.053764
109.04,0.058211
109.05,0.051025
109.05,0.049988
109.05,0.043311
109.06,0.04937
109.06,0.049458
109.06,0.044962
109.06,0.042272
109.07,0.043091
109.07,0.042521
109.07,0.036015
109.08,0.034876
109.08,0.037004
109.08,0.03569
109.09,0.029357
109.09,0.037414
109.09,0.031303
109.1,0.027466
109.1,0.028741
109.1,0.028359
109.1,0.021737
109.11,0.021546
109.11,0.025432
109.11,0.016992
109.12,0.019334
109.12,0.021869
109.12,0.01643
109.13,0.012007
109.13,0.0090511
109.13,0.013939
109.13,0.010661
109.14,0.0055918
109.14,0.0025702
109.14,0.0080047
109.15,0.0075849
109.15,-0.00043026
109.15,0.007675
109.16,0.0034823
109.16,-0.00067892
109.16,0.0014375
109.17,-0.00035002
109.17,-0.0026771
109.17,-0.0074271
109.17,-0.0081993
109.18,-0.007498
109.18,-0.010943
109.18,-0.0039314
109.19,-0.011781
109.19,-0.0062597
109.19,-0.017505
109.2,-0.014262
109.2,-0.01894
109.2,-0.017608
109.21,-0.016736
109.21,-0.01915
109.21,-0.018627
109.21,-0.017775
109.22,-0.020733
109.22,-0.029645
109.22,-0.023516
109.23,-0.023672
109.23,-0.022977
109.23,-0.029896
109.24,-0.027757
109.24,-0.030122
109.24,-0.022634
109.24,-0.03397
109.25,-0.030792
109.25,-0.035846
109.25,-0.036122
109.26,-0.034199
109.26,-0.033076
109.26,-0.037546
109.27,-0.03679
109.27,-0.037438
109.27,-0.042806
109.28,-0.044268
109.28,-0.042295
109.28,-0.046209
109.28,-0.044417
109.29,-0.038265
109.29,-0.050417
109.29,-0.050917
109.3,-0.046462
109.3,-0.052264
109.3,-0.050623
109.31,-0.048102
109.31,-0.05534
109.31,-0.052336
109.32,-0.05409
109.32,-0.05576
109.32,-0.061583
109.32,-0.058435
109.33,-0.062726
109.33,-0.058383
109.33,-0.063451
109.34,-0.061625
109.34,-0.064335
109.34,-0.06528
109.35,-0.063824
109.35,-0.057772
109.35,-0.06852
109.36,-0.068121
109.36,-0.069822
109.36,-0.069796
109.36,-0.071294
109.37,-0.069533
109.37,-0.073769
109.37,-0.074876
109.38,-0.080729
109.38,-0.077192
109.38,-0.081257
109.39,-0.078136
109.39,-0.083778
109.39,-0.08177
109.39,-0.083452
109.4,-0.085073
109.4,-0.09051
109.4,-0.09012
109.41,-0.091863
109.41,-0.091366
109.41,-0.09518
109.42,-0.093896
109.42,-0.095543
109.42,-0.093125
109.43,-0.099215
109.43,-0.1017
109.43,-0.10427
109.43,-0.099657
109.44,-0.10563
109.44,-0.099444
109.44,-0.11154
109.45,-0.108
109.45,-0.11632
109.45,-0.10959
109.46,-0.11257
109.46,-0.12017
109.46,-0.1143
109.47,-0.1154
109.47,-0.11805
109.47,-0.12186
109.47,-0.12274
109.48,-0.12276
109.48,-0.1229
109.48,-0.12427
109.49,-0.13092
109.49,-0.13224
109.49,-0.13441
109.5,-0.12874
109.5,-0.14151
109.5,-0.14175
109.5,-0.14181
109.51,-0.14459
109.51,-0.14826
109.51,-0.1485
109.52,-0.15064
109.52,-0.14744
109.52,-0.14863
109.53,-0.15472
109.53,-0.15696
109.53,-0.15963
109.54,-0.16249
109.54,-0.16448
109.54,-0.16167
109.54,-0.16814
109.55,-0.1692
109.55,-0.17181
109.55,-0.17351
109.56,-0.17154
109.56,-0.17533
109.56,-0.18345
109.57,-0.17402
109.57,-0.18603
109.57,-0.18629
109.58,-0.18561
109.58,-0.19014
109.58,-0.1904
109.58,-0.18945
109.59,-0.19548
109.59,-0.19798
109.59,-0.19715
109.6,-0.20564
109.6,-0.2003
109.6,-0.20619
109.61,-0.20823
109.61,-0.20961
109.61,-0.21018
109.61,-0.2108
109.62,-0.21025
109.62,-0.21772
109.62,-0.21751
109.63,-0.2196
109.63,-0.2175
109.63,-0.22351
109.64,-0.22567
109.64,-0.22857
109.64,-0.21993
109.65,-0.22745
109.65,-0.23154
109.65,-0.22803
109.65,-0.23855
109.66,-0.23491
109.66,-0.23717
109.66,-0.24337
109.67,-0.24449
109.67,-0.24313
109.67,-0.24679
109.68,-0.24507
109.68,-0.2482
109.68,-0.24856
109.69,-0.25366
109.69,-0.25448
109.69,-0.24748
109.69,-0.25495
109.7,-0.25915
109.7,-0.25585
109.7,-0.25405
109.71,-0.26401
109.71,-0.25601
109.71,-0.26564
109.72,-0.26236
109.72,-0.26451
109.72,-0.26903
109.73,-0.26468
109.73,-0.26706
109.73,-0.26728
109.73,-0.26471
109.74,-0.27187
109.74,-0.27269
109.74,-0.27229
109.75,-0.27641
109.75,-0.27893
109.75,-0.27008
109.76,-0.27541
109.76,-0.2747
109.76,-0.27519
109.76,-0.27127
109.77,-0.27845
109.77,-0.27414
109.77,-0.28168
109.78,-0.27113
109.78,-0.28058
109.78,-0.28069
109.79,-0.27757
109.79,-0.27069
109.79,-0.2758
109.8,-0.27462
109.8,-0.27531
109.8,-0.26867
109.8,-0.27219
109.81,-0.27866
109.81,-0.27738
109.81,-0.27076
109.82,-0.27528
109.82,-0.27132
109.82,-0.27753
109.83,-0.27535
109.83,-0.27429
109.83,-0.27154
109.84,-0.27259
109.84,-0.27139
109.84,-0.27382
109.84,-0.26374
109.85,-0.26715
109.85,-0.26452
109.85,-0.27028
109.86,-0.27222
109.86,-0.26594
109.86,-0.25965
109.87,-0.25924
109.87,-0.26131
109.87,-0.25682
109.87,-0.25515
109.88,-0.25933
109.88,-0.25308
109.88,-0.25383
109.89,-0.25221
109.89,-0.25215
109.89,-0.24632
109.9,-0.25126
109.9,-0.24746
109.9,-0.24633
109.91,-0.2441
109.91,-0.24866
109.91,-0.23464
109.91,-0.23308
109.92,-0.23443
109.92,-0.23637
109.92,-0.23414
109.93,-0.23244
109.93,-0.23134
109.93,-0.22803
109.94,-0.21858
109.94,-0.22152
109.94,-0.22412
109.95,-0.22371
109.95,-0.22167
109.95,-0.21762
109.95,-0.21389
109.96,-0.21159
109.96,-0.20755
109.96,-0.21005
109.97,-0.20734
109.97,-0.20462
109.97,-0.20199
109.98,-0.19654
109.98,-0.1949
109.98,-0.19742
109.98,-0.19382
109.99,-0.18928
109.99,-0.1855
109.99,-0.18508
110,-0.18077
110,-0.18508
110,-0.18323
110.01,-0.17824
110.01,-0.17416
110.01,-0.17507
110.02,-0.17225
110.02,-0.17367
110.02,-0.17128
110.02,-0.16274
110.03,-0.15841
110.03,-0.1663
110.03,-0.16003
110.04,-0.15296
110.04,-0.15613
110.04,-0.15778
110.05,-0.15441
110.05,-0.14697
110.05,-0.15007
110.06,-0.14568
110.06,-0.14278
110.06,-0.14032
110.06,-0.1396
110.07,-0.14105
110.07,-0.13728
110.07,-0.133
110.08,-0.13299
110.08,-0.14014
110.08,-0.13299
110.09,-0.12547
110.09,-0.12278
110.09,-0.12625
110.1,-0.11951
110.1,-0.12582
110.1,-0.12114
110.1,-0.11985
110.11,-0.11793
110.11,-0.11791
110.11,-0.11154
110.12,-0.11347
110.12,-0.11568
110.12,-0.11182
110.13,-0.11231
110.13,-0.10743
110.13,-0.10114
110.13,-0.10886
110.14,-0.10397
110.14,-0.10788
110.14,-0.10327
110.15,-0.10403
110.15,-0.098703
110.15,-0.10026
110.16,-0.10288
110.16,-0.10322
110.16,-0.095345
110.17,-0.094136
110.17,-0.098744
110.17,-0.097116
110.17,-0.090279
110.18,-0.094401
110.18,-0.097641
110.18,-0.08986
110.19,-0.096041
110.19,-0.089739
110.19,-0.08968
110.2,-0.094385
110.2,-0.092712
110.2,-0.088986
110.21,-0.089146
110.21,-0.094341
110.21,-0.092133
110.21,-0.093633
110.22,-0.087962
110.22,-0.089685
110.22,-0.090629
110.23,-0.091757
110.23,-0.084894
110.23,-0.090332
110.24,-0.087121
110.24,-0.088645
110.24,-0.089291
110.24,-0.085736
110.25,-0.08983
110.25,-0.090147
110.25,-0.091415
110.26,-0.088022
110.26,-0.088989
110.26,-0.089591
110.27,-0.093283
110.27,-0.093845
110.27,-0.093056
110.28,-0.089818
110.28,-0.090135
110.28,-0.092386
110.28,-0.090994
110.29,-0.091521
110.29,-0.093598
110.29,-0.087727
110.3,-0.097882
110.3,-0.095305
110.3,-0.095855
110.31,-0.093816
110.31,-0.095941
110.31,-0.095237
110.32,-0.094716
110.32,-0.092304
110.32,-0.099478
110.32,-0.0943
110.33,-0.099659
110.33,-0.096261
110.33,-0.098506
110.34,-0.10083
110.34,-0.095662
110.34,-0.10009
110.35,-0.096846
110.35,-0.10323
110.35,-0.10033
110.36,-0.10168
110.36,-0.10553
110.36,-0.10545
110.36,-0.10095
110.37,-0.10342
110.37,-0.10742
110.37,-0.10579
110.38,-0.10668
110.38,-0.10877
110.38,-0.10335
110.39,-0.10294
110.39,-0.11273
110.39,-0.10628
110.39,-0.10938
110.4,-0.1148
110.4,-0.11173
110.4,-0.10369
110.41,-0.11044
110.41,-0.11172
110.41,-0.11315
110.42,-0.113
110.42,-0.11049
110.42,-0.1143
110.43,-0.10998
110.43,-0.11275
110.43,-0.10668
110.43,-0.10627
110.44,-0.11853
110.44,-0.1151
110.44,-0.11453
110.45,-0.11575
110.45,-0.11689
110.45,-0.1141
110.46,-0.11436
110.46,-0.11678
110.46,-0.11423
110.47,-0.11778
110.47,-0.11631
110.47,-0.11847
110.47,-0.11411
110.48,-0.12057
110.48,-0.11965
110.48,-0.12029
110.49,-0.12293
110.49,-0.11631
110.49,-0.12155
110.5,-0.11906
110.5,-0.11999
110.5,-0.11814
110.5,-0.12057
110.51,-0.11645
110.51,-0.11779
110.51,-0.1184
110.52,-0.12314
110.52,-0.12121
110.52,-0.12471
110.53,-0.12031
110.53,-0.11816
110.53,-0.12248
110.54,-0.12379
110.54,-0.12186
110.54,-0.12262
110.54,-0.12443
110.55,-0.11927
110.55,-0.12073
110.55,-0.12334
110.56,-0.12485
110.56,-0.12332
110.56,-0.12068
110.57,-0.12336
110.57,-0.11719
110.57,-0.11975
110.58,-0.12013
110.58,-0.12346
110.58,-0.121
110.58,-0.11664
110.59,-0.12191
110.59,-0.12419
110.59,-0.11657
110.6,-0.11887
110.6,-0.12389
110.6,-0.12072
110.61,-0.12148
110.61,-0.1148
110.61,-0.11768
110.61,-0.11953
110.62,-0.12017
110.62,-0.12113
110.62,-0.11855
110.63,-0.11394
110.63,-0.11984
110.63,-0.11295
110.64,-0.11964
110.64,-0.11322
110.64,-0.11918
110.65,-0.1125
110.65,-0.11733
110.65,-0.1163
110.65,-0.12607
110.66,-0.11075
110.66,-0.11015
110.66,-0.11544
110.67,-0.1148
110.67,-0.11312
110.67,-0.1138
110.68,-0.11384
110.68,-0.11252
110.68,-0.11469
110.69,-0.10969
110.69,-0.11115
110.69,-0.11357
110.69,-0.10831
110.7,-0.1085
110.7,-0.11284
110.7,-0.11069
110.71,-0.11087
110.71,-0.1072
110.71,-0.10725
110.72,-0.10712
110.72,-0.09617
110.72,-0.11144
110.73,-0.10435
110.73,-0.10838
110.73,-0.10581
110.73,-0.10043
110.74,-0.10428
110.74,-0.10081
110.74,-0.10432
110.75,-0.1056
110.75,-0.099536
110.75,-0.094604
110.76,-0.099487
110.76,-0.10017
110.76,-0.10237
110.76,-0.10105
110.77,-0.10113
110.77,-0.096388
110.77,-0.097769
110.78,-0.095855
110.78,-0.0926
110.78,-0.10199
110.79,-0.095648
110.79,-0.097284
110.79,-0.093123
110.8,-0.089494
110.8,-0.092825
110.8,-0.094114
110.8,-0.092278
110.81,-0.090841
110.81,-0.087129
110.81,-0.087598
110.82,-0.09519
110.82,-0.090797
110.82,-0.087984
110.83,-0.092912
110.83,-0.086369
110.83,-0.085666
110.84,-0.084324
110.84,-0.087128
110.84,-0.084532
110.84,-0.086835
110.85,-0.083668
110.85,-0.077322
110.85,-0.07931
110.86,-0.080791
110.86,-0.082928
110.86,-0.07828
110.87,-0.075832
110.87,-0.078559
110.87,-0.079183
110.87,-0.077614
110.88,-0.076302
110.88,-0.076703
110.88,-0.075154
110.89,-0.077252
110.89,-0.068802
110.89,-0.072211
110.9,-0.074183
110.9,-0.072102
110.9,-0.071285
110.91,-0.070689
110.91,-0.065062
110.91,-0.072411
110.91,-0.07156
110.92,-0.066708
110.92,-0.066478
110.92,-0.067598
110.93,-0.06715
110.93,-0.066531
110.93,-0.063818
110.94,-0.06063
110.94,-0.064503
110.94,-0.058454
110.95,-0.061889
110.95,-0.060472
110.95,-0.058703
110.95,-0.056778
110.96,-0.06181
110.96,-0.06051
110.96,-0.058033
110.97,-0.057421
110.97,-0.052318
110.97,-0.051734
110.98,-0.058464
110.98,-0.061273
110.98,-0.052941
110.99,-0.055619
110.99,-0.052056
110.99,-0.0543
110.99,-0.047471
111,-0.050566
111,-0.047572
111,-0.044672
111.01,-0.050222
111.01,-0.047671
111.01,-0.052034
111.02,-0.045473
111.02,-0.045387
111.02,-0.042076
111.02,-0.044166
111.03,-0.044458
111.03,-0.044899
111.03,-0.048208
111.04,-0.040134
111.04,-0.042577
111.04,-0.041907
111.05,-0.04012
111.05,-0.038384
111.05,-0.038724
111.06,-0.038113
111.06,-0.039997
111.06,-0.042784
111.06,-0.033258
111.07,-0.038283
111.07,-0.034996
111.07,-0.040539
111.08,-0.035056
111.08,-0.037711
111.08,-0.034205
111.09,-0.032082
111.09,-0.039426
111.09,-0.030671
111.1,-0.031053
111.1,-0.03232
111.1,-0.033766
111.1,-0.039139
111.11,-0.02962
111.11,-0.027629
111.11,-0.030353
111.12,-0.028026
111.12,-0.033159
111.12,-0.032579
111.13,-0.034737
111.13,-0.030066
111.13,-0.02867
111.13,-0.031542
111.14,-0.030322
111.14,-0.026008
111.14,-0.037845
111.15,-0.031655
111.15,-0.026731
111.15,-0.028181
111.16,-0.025546
111.16,-0.033188
111.16,-0.030948
111.17,-0.025225
111.17,-0.026603
111.17,-0.030816
111.17,-0.028533
111.18,-0.032061
111.18,-0.030985
111.18,-0.029697
111.19,-0.030188
111.19,-0.027173
111.19,-0.030081
111.2,-0.027552
111.2,-0.030214
111.2,-0.029134
111.21,-0.027039
111.21,-0.033399
111.21,-0.028753
111.21,-0.028187
111.22,-0.027849
111.22,-0.02955
111.22,-0.032995
111.23,-0.030979
111.23,-0.03396
111.23,-0.034143
111.24,-0.033736
111.24,-0.033001
111.24,-0.036541
111.24,-0.032294
111.25,-0.031384
111.25,-0.036106
111.25,-0.03617
111.26,-0.035672
111.26,-0.035539
111.26,-0.03639
111.27,-0.036186
111.27,-0.039724
111.27,-0.040982
111.28,-0.034418
111.28,-0.03907
111.28,-0.04169
111.28,-0.040601
111.29,-0.041546
111.29,-0.044738
111.29,-0.03957
111.3,-0.043501
111.3,-0.042721
111.3,-0.04485
111.31,-0.043422
111.31,-0.049193
111.31,-0.046901
111.32,-0.046898
111.32,-0.046348
111.32,-0.04921
111.32,-0.056259
111.33,-0.051892
111.33,-0.052629
111.33,-0.057891
111.34,-0.052757
111.34,-0.060582
111.34,-0.057384
111.35,-0.053296
111.35,-0.057847
111.35,-0.061524
111.36,-0.062076
111.36,-0.056722
111.36,-0.062322
111.36,-0.062538
111.37,-0.063362
111.37,-0.068353
111.37,-0.066734
111.38,-0.066339
111.38,-0.066393
111.38,-0.068593
111.39,-0.066512
111.39,-0.070554
111.39,-0.06998
111.39,-0.07208
111.4,-0.076061
111.4,-0.075677
111.4,-0.076543
111.41,-0.078827
111.41,-0.08017
111.41,-0.077018
111.42,-0.080929
111.42,-0.082074
111.42,-0.078857
111.43,-0.082705
111.43,-0.08381
111.43,-0.082912
111.43,-0.086499
111.44,-0.085166
111.44,-0.090748
111.44,-0.093128
111.45,-0.093766
111.45,-0.090359
111.45,-0.087253
111.46,-0.10104
111.46,-0.091112
111.46,-0.096369
111.47,-0.098509
111.47,-0.091557
111.47,-0.098639
111.47,-0.094395
111.48,-0.094061
111.48,-0.10227
111.48,-0.098862
111.49,-0.10623
111.49,-0.10039
111.49,-0.10218
111.5,-0.10353
111.5,-0.10792
111.5,-0.10914
111.5,-0.10551
111.51,-0.1101
111.51,-0.10335
111.51,-0.11276
111.52,-0.11291
111.52,-0.11064
111.52,-0.11439
111.53,-0.11037
111.53,-0.11552
111.53,-0.11093
111.54,-0.11601
111.54,-0.11394
111.54,-0.11548
111.54,-0.11754
111.55,-0.11824
111.55,-0.11817
111.55,-0.11564
111.56,-0.11902
111.56,-0.12153
111.56,-0.11945
111.57,-0.11484
111.57,-0.12043
111.57,-0.12373
111.58,-0.12032
111.58,-0.11815
111.58,-0.12097
111.58,-0.12336
111.59,-0.12234
111.59,-0.12224
111.59,-0.12495
111.6,-0.12479
111.6,-0.12067
111.6,-0.12522
111.61,-0.12416
111.61,-0.12098
111.61,-0.12156
111.62,-0.12309
111.62,-0.12422
111.62,-0.12212
111.62,-0.1229
111.63,-0.12335
111.63,-0.11883
111.63,-0.11679
111.64,-0.12276
111.64,-0.12164
111.64,-0.12103
111.65,-0.12122
111.65,-0.11932
111.65,-0.12653
111.65,-0.11913
111.66,-0.11795
111.66,-0.12031
111.66,-0.12254
111.67,-0.11898
111.67,-0.12156
111.67,-0.11573
111.68,-0.11763
111.68,-0.11844
111.68,-0.11839
111.69,-0.11363
111.69,-0.1138
111.69,-0.11524
111.69,-0.11219
111.7,-0.11235
111.7,-0.11414
111.7,-0.10874
111.71,-0.11136
111.71,-0.11171
111.71,-0.11007
111.72,-0.10398
111.72,-0.10919
111.72,-0.1076
111.73,-0.10743
111.73,-0.10254
111.73,-0.10654
111.73,-0.10365
111.74,-0.10278
111.74,-0.10363
111.74,-0.096204
111.75,-0.098432
111.75,-0.10031
111.75,-0.096698
111.76,-0.099474
111.76,-0.097556
111.76,-0.091595
111.76,-0.093241
111.77,-0.095069
111.77,-0.087819
111.77,-0.090839
111.78,-0.08978
111.78,-0.087692
111.78,-0.083757
111.79,-0.088782
111.79,-0.084526
111.79,-0.084196
111.8,-0.086197
111.8,-0.081177
111.8,-0.081583
111.8,-0.079158
111.81,-0.075603
111.81,-0.078225
111.81,-0.077941
111.82,-0.078732
111.82,-0.073105
111.82,-0.076385
111.83,-0.071707
111.83,-0.067016
111.83,-0.072963
111.84,-0.069051
111.84,-0.072097
111.84,-0.066273
111.84,-0.064316
111.85,-0.066717
111.85,-0.060742
111.85,-0.063698
111.86,-0.062718
111.86,-0.066385
111.86,-0.060159
111.87,-0.059899
111.87,-0.062321
111.87,-0.056976
111.87,-0.059299
111.88,-0.055202
111.88,-0.061727
111.88,-0.058448
111.89,-0.04985
111.89,-0.055034
111.89,-0.047052
111.9,-0.048185
111.9,-0.052605
111.9,-0.052064
111.91,-0.052045
111.91,-0.046091
111.91,-0.043554
111.91,-0.042927
111.92,-0.050246
111.92,-0.050621
111.92,-0.048721
111.93,-0.044914
111.93,-0.043604
111.93,-0.043891
111.94,-0.045263
111.94,-0.042308
111.94,-0.047105
111.95,-0.041153
111.95,-0.042424
111.95,-0.04536
111.95,-0.037069
111.96,-0.0435
111.96,-0.043682
111.96,-0.037051
111.97,-0.038859
111.97,-0.040849
111.97,-0.038823
111.98,-0.039961
111.98,-0.038048
111.98,-0.040341
111.99,-0.036199
111.99,-0.043811
111.99,-0.040427
111.99,-0.038177
112,-0.041954
112,-0.038975
112,-0.034111
112.01,-0.039796
112.01,-0.038603
112.01,-0.038678
112.02,-0.037134
112.02,-0.037912
112.02,-0.040687
112.02,-0.038673
112.03,-0.041185
112.03,-0.040172
112.03,-0.038164
112.04,-0.039531
112.04,-0.038563
112.04,-0.044843
112.05,-0.041303
112.05,-0.040586
112.05,-0.040338
112.06,-0.041847
112.06,-0.039809
112.06,-0.041843
112.06,-0.042851
112.07,-0.038328
112.07,-0.044019
112.07,-0.042132
112.08,-0.047971
112.08,-0.042006
112.08,-0.040868
112.09,-0.048889
112.09,-0.042994
112.09,-0.048251
112.1,-0.046037
112.1,-0.04961
112.1,-0.046325
112.1,-0.047529
112.11,-0.048159
112.11,-0.046478
112.11,-0.045027
112.12,-0.051383
112.12,-0.04845
112.12,-0.052443
112.13,-0.048422
112.13,-0.045978
112.13,-0.056962
112.13,-0.054187
112.14,-0.056009
112.14,-0.052937
112.14,-0.053403
112.15,-0.053115
112.15,-0.057115
112.15,-0.055632
112.16,-0.055452
112.16,-0.059548
112.16,-0.060891
112.17,-0.057102
112.17,-0.059478
112.17,-0.055123
112.17,-0.058596
112.18,-0.058046
112.18,-0.059175
112.18,-0.061801
112.19,-0.057151
112.19,-0.062262
112.19,-0.06177
112.2,-0.06208
112.2,-0.064159
112.2,-0.06317
112.21,-0.061287
112.21,-0.061932
112.21,-0.062282
112.21,-0.062747
112.22,-0.060466
112.22,-0.064032
112.22,-0.068906
112.23,-0.062591
112.23,-0.063264
112.23,-0.064802
112.24,-0.06555
112.24,-0.06542
112.24,-0.064093
112.25,-0.064939
112.25,-0.063932
112.25,-0.064737
112.25,-0.063429
112.26,-0.063206
112.26,-0.066363
112.26,-0.065073
112.27,-0.064962
112.27,-0.062894
112.27,-0.06674
112.28,-0.061399
112.28,-0.065668
112.28,-0.065303
112.28,-0.063037
112.29,-0.068349
112.29,-0.060752
112.29,-0.066751
112.3,-0.063583
112.3,-0.065314
112.3,-0.061539
112.31,-0.061523
112.31,-0.061093
112.31,-0.063935
112.32,-0.061616
112.32,-0.060009
112.32,-0.057163
112.32,-0.061701
112.33,-0.057586
112.33,-0.057722
112.33,-0.058182
112.34,-0.059092
112.34,-0.061238
112.34,-0.061216
112.35,-0.056447
112.35,-0.063465
112.35,-0.055571
112.36,-0.052806
112.36,-0.056261
112.36,-0.052561
112.36,-0.056952
112.37,-0.054456
112.37,-0.053299
112.37,-0.050581
112.38,-0.051706
112.38,-0.052963
112.38,-0.048905
112.39,-0.049016
112.39,-0.048573
112.39,-0.053306
112.39,-0.047075
112.4,-0.045819
112.4,-0.044945
112.4,-0.042421
112.41,-0.044208
112.41,-0.046817
112.41,-0.040137
112.42,-0.040133
112.42,-0.042878
112.42,-0.040158
112.43,-0.039057
112.43,-0.038804
112.43,-0.03738
112.43,-0.040167
112.44,-0.03778
112.44,-0.037373
112.44,-0.035395
112.45,-0.03989
112.45,-0.033211
112.45,-0.033153
112.46,-0.033999
112.46,-0.030471
112.46,-0.030167
112.47,-0.033496
112.47,-0.028879
112.47,-0.030763
112.47,-0.024228
112.48,-0.032308
112.48,-0.024713
112.48,-0.026145
112.49,-0.022389
112.49,-0.021864
112.49,-0.023934
112.5,-0.020911
112.5,-0.02189
112.5,-0.020021
112.5,-0.021709
112.51,-0.020204
112.51,-0.018519
112.51,-0.018629
112.52,-0.017744
112.52,-0.019836
112.52,-0.016347
112.53,-0.014566
112.53,-0.009877
112.53,-0.015147
112.54,-0.012639
112.54,-0.0086042
112.54,-0.013959
112.54,-0.0045314
112.55,-0.015363
112.55,-0.0086071
112.55,-0.0077173
112.56,-0.012715
112.56,-0.0097186
112.56,-0.0072174
112.57,-0.012008
112.57,-0.008543
112.57,-0.0068208
112.58,-0.0060527
112.58,-0.0090629
112.58,-0.0052192
112.58,-0.010082
112.59,-0.00438
112.59,-0.0056596
112.59,-0.0083678
112.6,-0.0085869
112.6,-0.0030945
112.6,-0.0045093
112.61,-0.0029129
112.61,-0.0057558
112.61,-0.0093231
112.62,-0.0045582
112.62,-0.0011053
112.62,-0.0015481
112.62,-0.00075315
112.63,-0.0011681
112.63,-0.0014291
112.63,-0.0022165
112.64,-0.0022029
112.64,-0.00086152
112.64,-0.0048068
112.65,0.00015321
112.65,-0.00055611
112.65,-0.0040802
112.65,-0.00027542
112.66,0.0002499
112.66,-0.0036262
112.66,-0.0023361
112.67,0.00048219
112.67,-0.0042395
112.67,-0.0025548
112.68,-0.0029194
112.68,-0.0037349
112.68,-0.0029653
112.69,-0.0022449
112.69,-0.0039251
112.69,-0.0039845
112.69,-0.001946
112.7,-0.0024734
112.7,-0.0066513
112.7,-0.0039731
112.71,6.031e-05
112.71,-0.0080626
112.71,-0.0049849
112.72,-0.006794
112.72,-0.0079644
112.72,-0.0064058
112.73,-0.0066136
112.73,-0.0024811
112.73,-0.00648
112.73,-0.0075828
112.74,-0.0057159
112.74,-0.0048102
112.74,-0.008415
112.75,-0.0058449
112.75,-0.0087187
112.75,-0.0054156
112.76,-0.0085393
112.76,-0.010017
112.76,-0.0070672
112.76,-0.01543
112.77,-0.0090486
112.77,-0.010079
112.77,-0.014717
112.78,-0.015813
112.78,-0.014439
112.78,-0.010549
112.79,-0.015531
112.79,-0.015468
112.79,-0.016267
112.8,-0.013495
112.8,-0.016807
112.8,-0.015137
112.8,-0.016885
112.81,-0.019783
112.81,-0.017737
112.81,-0.018544
112.82,-0.019288
112.82,-0.021342
112.82,-0.021959
112.83,-0.022994
112.83,-0.022598
112.83,-0.02218
112.84,-0.024939
112.84,-0.026733
112.84,-0.025575
112.84,-0.024126
112.85,-0.027076
112.85,-0.024218
112.85,-0.02895
112.86,-0.029645
112.86,-0.027898
112.86,-0.029584
112.87,-0.031901
112.87,-0.031804
112.87,-0.029012
112.87,-0.035884
112.88,-0.027831
112.88,-0.033769
112.88,-0.032934
112.89,-0.035162
112.89,-0.035697
112.89,-0.036604
112.9,-0.037209
112.9,-0.036236
112.9,-0.035109
112.91,-0.04233
112.91,-0.038773
112.91,-0.040946
112.91,-0.042066
112.92,-0.04268
112.92,-0.039473
112.92,-0.043561
112.93,-0.047789
112.93,-0.041386
112.93,-0.045643
112.94,-0.050224
112.94,-0.046381
112.94,-0.048824
112.95,-0.046012
112.95,-0.046532
112.95,-0.046741
112.95,-0.051071
112.96,-0.050248
112.96,-0.052075
112.96,-0.053323
112.97,-0.051349
112.97,-0.057328
112.97,-0.055718
112.98,-0.054824
112.98,-0.054754
112.98,-0.055509
112.99,-0.057697
112.99,-0.058455
112.99,-0.057183
112.99,-0.057167
113,-0.060192
113,-0.060101
113,-0.059661
113.01,-0.062693
113.01,-0.064634
113.01,-0.061516
113.02,-0.061465
113.02,-0.063933
113.02,-0.067497
113.02,-0.062471
113.03,-0.067544
113.03,-0.065274
113.03,-0.070172
113.04,-0.066838
113.04,-0.070538
113.04,-0.068097
113.05,-0.068322
113.05,-0.070501
113.05,-0.073515
113.06,-0.072101
113.06,-0.073302
113.06,-0.075009
113.06,-0.074103
113.07,-0.068403
113.07,-0.073508
113.07,-0.074348
113.08,-0.077123
113.08,-0.076115
113.08,-0.081588
113.09,-0.076326
113.09,-0.078941
113.09,-0.080755
113.1,-0.080386
113.1,-0.081307
113.1,-0.077515
113.1,-0.079936
113.11,-0.083879
113.11,-0.080129
113.11,-0.084316
113.12,-0.084325
113.12,-0.084667
113.12,-0.081768
113.13,-0.087026
113.13,-0.082923
113.13,-0.08813
113.13,-0.085549
113.14,-0.086845
113.14,-0.088156
113.14,-0.087825
113.15,-0.087535
113.15,-0.085935
113.15,-0.090133
113.16,-0.091692
113.16,-0.089599
113.16,-0.088717
113.17,-0.092923
113.17,-0.09069
113.17,-0.093038
113.17,-0.091809
113.18,-0.092667
113.18,-0.094449
113.18,-0.090559
113.19,-0.096495
113.19,-0.092921
113.19,-0.093762
113.2,-0.093197
113.2,-0.096651
113.2,-0.096456
113.21,-0.094857
113.21,-0.098091
113.21,-0.097066
113.21,-0.099733
113.22,-0.097189
113.22,-0.097376
113.22,-0.096376
113.23,-0.099773
113.23,-0.099512
113.23,-0.099735
113.24,-0.10021
113.24,-0.10282
113.24,-0.10206
113.25,-0.099296
113.25,-0.10273
113.25,-0.10168
113.25,-0.10239
113.26,-0.099522
113.26,-0.10224
113.26,-0.10986
113.27,-0.10552
113.27,-0.10083
113.27,-0.1049
113.28,-0.10609
113.28,-0.10742
113.28,-0.1034
113.28,-0.10974
113.29,-0.10862
113.29,-0.10714
113.29,-0.1088
113.3,-0.10547
113.3,-0.10707
113.3,-0.10633
113.31,-0.10647
113.31,-0.10798
113.31,-0.10714
113.32,-0.11144
113.32,-0.10713
113.32,-0.10972
113.32,-0.10647
113.33,-0.10847
113.33,-0.1095
113.33,-0.10995
113.34,-0.1086
113.34,-0.10769
113.34,-0.11145
113.35,-0.10933
113.35,-0.11207
113.35,-0.11171
113.36,-0.11543
113.36,-0.11146
113.36,-0.11223
113.36,-0.11311
113.37,-0.11668
113.37,-0.11308
113.37,-0.11136
113.38,-0.11401
113.38,-0.11443
113.38,-0.11453
113.39,-0.11067
113.39,-0.11451
113.39,-0.11537
113.39,-0.11744
113.4,-0.11461
113.4,-0.11312
113.4,-0.11473
113.41,-0.11586
113.41,-0.11634
113.41,-0.11349
113.42,-0.11709
113.42,-0.11557
113.42,-0.1157
113.43,-0.1115
113.43,-0.11317
113.43,-0.11838
113.43,-0.11611
113.44,-0.11422
113.44,-0.11442
113.44,-0.11624
113.45,-0.11362
113.45,-0.11615
113.45,-0.11717
113.46,-0.1149
113.46,-0.11182
113.46,-0.11222
113.47,-0.11617
113.47,-0.11318
113.47,-0.11673
113.47,-0.11421
113.48,-0.11531
113.48,-0.11492
113.48,-0.11556
113.49,-0.11583
113.49,-0.11396
113.49,-0.11436
113.5,-0.11256
113.5,-0.11299
113.5,-0.10836
113.5,-0.11427
113.51,-0.11398
113.51,-0.11476
113.51,-0.11132
113.52,-0.11019
113.52,-0.11105
113.52,-0.115
113.53,-0.11209
113.53,-0.11072
113.53,-0.10852
113.54,-0.11289
113.54,-0.10662
113.54,-0.10818
113.54,-0.11233
113.55,-0.1093
113.55,-0.10949
113.55,-0.10648
113.56,-0.11204
113.56,-0.10946
113.56,-0.10584
113.57,-0.10531
113.57,-0.10957
113.57,-0.106
113.58,-0.10522
113.58,-0.10369
113.58,-0.10702
113.58,-0.10316
113.59,-0.10545
113.59,-0.11499
113.59,-0.10641
113.6,-0.1057
113.6,-0.10512
113.6,-0.10335
113.61,-0.10337
113.61,-0.099692
113.61,-0.09813
113.62,-0.10131
113.62,-0.10084
113.62,-0.099399
113.62,-0.099664
113.63,-0.10062
113.63,-0.099511
113.63,-0.099209
113.64,-0.10005
113.64,-0.096521
113.64,-0.094396
113.65,-0.099109
113.65,-0.099494
113.65,-0.093701
113.65,-0.097623
113.66,-0.092873
113.66,-0.094871
113.66,-0.092087
113.67,-0.092007
113.67,-0.09563
113.67,-0.093444
113.68,-0.092388
113.68,-0.090891
113.68,-0.090903
113.69,-0.090009
113.69,-0.091013
113.69,-0.094464
113.69,-0.087066
113.7,-0.089463
113.7,-0.086085
113.7,-0.088744
113.71,-0.086249
113.71,-0.083226
113.71,-0.083929
113.72,-0.083531
113.72,-0.082398
113.72,-0.083501
113.73,-0.085347
113.73,-0.084148
113.73,-0.080987
113.73,-0.080545
113.74,-0.07929
113.74,-0.078566
113.74,-0.080224
113.75,-0.079172
113.75,-0.081026
113.75,-0.07736
113.76,-0.078776
113.76,-0.076023
113.76,-0.076464
113.76,-0.075828
113.77,-0.075538
113.77,-0.076426
113.77,-0.072528
113.78,-0.075919
113.78,-0.074663
113.78,-0.072825
113.79,-0.071138
113.79,-0.069134
113.79,-0.072105
113.8,-0.071082
113.8,-0.070417
113.8,-0.069764
113.8,-0.070781
113.81,-0.069458
113.81,-0.066679
113.81,-0.066172
113.82,-0.063403
113.82,-0.06948
113.82,-0.066477
113.83,-0.064838
113.83,-0.062158
113.83,-0.066064
113.84,-0.062794
113.84,-0.061666
113.84,-0.064374
113.84,-0.061691
113.85,-0.062334
113.85,-0.063502
113.85,-0.060725
113.86,-0.061809
113.86,-0.061378
113.86,-0.061666
113.87,-0.055905
113.87,-0.056313
113.87,-0.05552
113.88,-0.057163
113.88,-0.059277
113.88,-0.056326
113.88,-0.05374
113.89,-0.05354
113.89,-0.051842
113.89,-0.053159
113.9,-0.05123
113.9,-0.051904
113.9,-0.052346
113.91,-0.054114
113.91,-0.050418
113.91,-0.05088
113.91,-0.05448
113.92,-0.050278
113.92,-0.049538
113.92,-0.050114
113.93,-0.047839
113.93,-0.046331
113.93,-0.046595
113.94,-0.047508
113.94,-0.047161
113.94,-0.047389
113.95,-0.044458
113.95,-0.04561
113.95,-0.046499
113.95,-0.047195
113.96,-0.044661
113.96,-0.043676
113.96,-0.04443
113.97,-0.038638
113.97,-0.043773
113.97,-0.044316
113.98,-0.04209
113.98,-0.044682
113.98,-0.039157
113.99,-0.040735
113.99,-0.040357
113.99,-0.041237
113.99,-0.037933
114,-0.039155
114,-0.040043
114,-0.03786
114.01,-0.038301
114.01,-0.03814
114.01,-0.038693
114.02,-0.037758
114.02,-0.036605
114.02,-0.037533
114.02,-0.038886
114.03,-0.036513
114.03,-0.035322
114.03,-0.03866
114.04,-0.034433
114.04,-0.03544
114.04,-0.03383
114.05,-0.035336
114.05,-0.037003
114.05,-0.036752
114.06,-0.032779
114.06,-0.032517
114.06,-0.035097
114.06,-0.034936
114.07,-0.035225
114.07,-0.035344
114.07,-0.03381
114.08,-0.031306
114.08,-0.037044
114.08,-0.032757
114.09,-0.032827
114.09,-0.033927
114.09,-0.033984
114.1,-0.03344
114.1,-0.033851
114.1,-0.031531
114.1,-0.032372
114.11,-0.033087
114.11,-0.031519
114.11,-0.033493
114.12,-0.033014
114.12,-0.03229
114.12,-0.033385
114.13,-0.033658
114.13,-0.035594
114.13,-0.034811
114.13,-0.032144
114.14,-0.033668
114.14,-0.034849
114.14,-0.035833
114.15,-0.03363
114.15,-0.033737
114.15,-0.034893
114.16,-0.031624
114.16,-0.033643
114.16,-0.035642
114.17,-0.035539
114.17,-0.034592
114.17,-0.037749
114.17,-0.034338
114.18,-0.035357
114.18,-0.034689
114.18,-0.036271
114.19,-0.036739
114.19,-0.037534
114.19,-0.036489
114.2,-0.036917
114.2,-0.037635
114.2,-0.036894
114.21,-0.038067
114.21,-0.0364
114.21,-0.038478
114.21,-0.040774
114.22,-0.038002
114.22,-0.039043
114.22,-0.040684
114.23,-0.038869
114.23,-0.03976
114.23,-0.040581
114.24,-0.041306
114.24,-0.040336
114.24,-0.041548
114.25,-0.041417
114.25,-0.041527
114.25,-0.040246
114.25,-0.043597
114.26,-0.043623
114.26,-0.042957
114.26,-0.042938
114.27,-0.043553
114.27,-0.044503
114.27,-0.045027
114.28,-0.043051
114.28,-0.043847
114.28,-0.045661
114.28,-0.037949
114.29,-0.033115
114.29,-0.028089
114.29,-0.034147
114.3,-0.049838
114.3,-0.032172
114.3,-0.026675
114.31,0
