101.74,0.0011321
101.74,-0.018562
101.74,0.01202
101.75,-0.035641
101.75,0
101.75,0.016983
101.76,0
101.76,-0.038737
101.76,-0.00030896
101.76,0.0012922
101.77,-0.0060731
101.77,0
101.77,-0.019523
101.78,-0.012638
101.78,0
101.78,0
101.79,-0.012478
101.79,0.0016124
101.79,-0.0099159
101.8,0
101.8,0.0016124
101.8,0
101.8,0.0003315
101.81,0.011219
101.81,-0.011063
101.81,-0.017281
101.82,-0.015322
101.82,-0.0076
101.82,-0.011247
101.83,-0.010959
101.83,-0.0098869
101.83,-0.0089593
101.84,-0.010391
101.84,-0.010701
101.84,-0.0097425
101.85,-0.010871
101.85,-0.010015
101.85,-0.011877
101.85,-0.010317
101.86,-0.010715
101.86,-0.010771
101.86,-0.01056
101.87,-0.01036
101.87,-0.011041
101.87,-0.0092793
101.88,-0.010799
101.88,-0.011499
101.88,-0.0096973
101.89,-0.010783
101.89,-0.0095385
101.89,-0.010039
101.89,-0.010324
101.9,-0.010726
101.9,-0.0095669
101.9,-0.011198
101.91,-0.01156
101.91,-0.011595
101.91,-0.01142
101.92,-0.011291
101.92,-0.011042
101.92,-0.011515
101.93,-0.010989
101.93,-0.010805
101.93,-0.0094897
101.94,-0.0094343
101.94,-0.011004
101.94,-0.010166
101.94,-0.011606
101.95,-0.011044
101.95,-0.011551
101.95,-0.0098934
101.96,-0.010108
101.96,-0.011979
101.96,-0.013242
101.97,-0.011848
101.97,-0.010273
101.97,-0.0112
101.98,-0.010776
101.98,-0.010947
101.98,-0.012153
101.98,-0.012307
101.99,-0.011443
101.99,-0.011353
101.99,-0.0096751
102,-0.01213
102,-0.011674
102,-0.011227
102.01,-0.010814
102.01,-0.012163
102.01,-0.0092765
102.02,-0.012935
102.02,-0.012569
102.02,-0.011669
102.03,-0.012394
102.03,-0.011265
102.03,-0.011552
102.03,-0.012719
102.04,-0.010576
102.04,-0.010969
102.04,-0.014301
102.05,-0.011049
102.05,-0.01172
102.05,-0.012298
102.06,-0.012092
102.06,-0.013493
102.06,-0.011746
102.07,-0.012579
102.07,-0.011545
102.07,-0.012368
102.07,-0.011174
102.08,-0.013155
102.08,-0.011004
102.08,-0.0079984
102.09,-0.010934
102.09,-0.0095423
102.09,-0.014694
102.1,-0.013073
102.1,-0.012397
102.1,-0.011004
102.11,-0.011928
102.11,-0.009411
102.11,-0.012911
102.12,-0.011172
102.12,-0.014024
102.12,-0.0084983
102.12,-0.012118
102.13,-0.014654
102.13,-0.010561
102.13,-0.012917
102.14,-0.013562
102.14,-0.01245
102.14,-0.014762
102.15,-0.012093
102.15,-0.01417
102.15,-0.011442
102.16,-0.012904
102.16,-0.013983
102.16,-0.011573
102.16,-0.014654
102.17,-0.012989
102.17,-0.011722
102.17,-0.014762
102.18,-0.011202
102.18,-0.01386
102.18,-0.012591
102.19,-0.010921
102.19,-0.013772
102.19,-0.013498
102.2,-0.010992
102.2,-0.012285
102.2,-0.015083
102.21,-0.014409
102.21,-0.013251
102.21,-0.012225
102.21,-0.013931
102.22,-0.011308
102.22,-0.012284
102.22,-0.012686
102.23,-0.014004
102.23,-0.015155
102.23,-0.010776
102.24,-0.014674
102.24,-0.011681
102.24,-0.015858
102.25,-0.013667
102.25,-0.014284
102.25,-0.014044
102.25,-0.013126
102.26,-0.015553
102.26,-0.012849
102.26,-0.011436
102.27,-0.015239
102.27,-0.015327
102.27,-0.014817
102.28,-0.013352
102.28,-0.014775
102.28,-0.013134
102.29,-0.013725
102.29,-0.016521
102.29,-0.012808
102.3,-0.01267
102.3,-0.015342
102.3,-0.013695
102.3,-0.015913
102.31,-0.011385
102.31,-0.014396
102.31,-0.013468
102.32,-0.018013
102.32,-0.012365
102.32,-0.015756
102.33,-0.015104
102.33,-0.015023
102.33,-0.014306
102.34,-0.015005
102.34,-0.016111
102.34,-0.016443
102.35,-0.015482
102.35,-0.015178
102.35,-0.013719
102.35,-0.013009
102.36,-0.017161
102.36,-0.013833
102.36,-0.01778
102.37,-0.016312
102.37,-0.016212
102.37,-0.015572
102.38,-0.012996
102.38,-0.015851
102.38,-0.014031
102.39,-0.01426
102.39,-0.013644
102.39,-0.015923
102.39,-0.017364
102.4,-0.016923
102.4,-0.014502
102.4,-0.01615
102.41,-0.013578
102.41,-0.014579
102.41,-0.017452
102.42,-0.014725
102.42,-0.016256
102.42,-0.014161
102.43,-0.013868
102.43,-0.015515
102.43,-0.014968
102.44,-0.016982
102.44,-0.015365
102.44,-0.015671
102.44,-0.017486
102.45,-0.015815
102.45,-0.014225
102.45,-0.014209
102.46,-0.016043
102.46,-0.014105
102.46,-0.013815
102.47,-0.017586
102.47,-0.017356
102.47,-0.015257
102.48,-0.016516
102.48,-0.014899
102.48,-0.017755
102.48,-0.017845
102.49,-0.016525
102.49,-0.018186
102.49,-0.01472
102.5,-0.018605
102.5,-0.015966
102.5,-0.017744
102.51,-0.017197
102.51,-0.017631
102.51,-0.015331
102.52,-0.014625
102.52,-0.017463
102.52,-0.018821
102.53,-0.016905
102.53,-0.01672
102.53,-0.016544
102.53,-0.015401
102.54,-0.014609
102.54,-0.021278
102.54,-0.017753
102.55,-0.014026
102.55,-0.01709
102.55,-0.019164
102.56,-0.017749
102.56,-0.015169
102.56,-0.019438
102.57,-0.018165
102.57,-0.018751
102.57,-0.019399
102.57,-0.017186
102.58,-0.019786
102.58,-0.01624
102.58,-0.017299
102.59,-0.01585
102.59,-0.017808
102.59,-0.017215
102.6,-0.019376
102.6,-0.016583
102.6,-0.01535
102.61,-0.017765
102.61,-0.013862
102.61,-0.017842
102.62,-0.016443
102.62,-0.017801
102.62,-0.018836
102.62,-0.018874
102.63,-0.018187
102.63,-0.017871
102.63,-0.017439
102.64,-0.018075
102.64,-0.017857
102.64,-0.017005
102.65,-0.018196
102.65,-0.014772
102.65,-0.017973
102.66,-0.019175
102.66,-0.01835
102.66,-0.013719
102.66,-0.018079
102.67,-0.017029
102.67,-0.01598
102.67,-0.019665
102.68,-0.018851
102.68,-0.015067
102.68,-0.017249
102.69,-0.019859
102.69,-0.018725
102.69,-0.018975
102.7,-0.017924
102.7,-0.019452
102.7,-0.017499
102.71,-0.019595
102.71,-0.016703
102.71,-0.020218
102.71,-0.018579
102.72,-0.018622
102.72,-0.019174
102.72,-0.020218
102.73,-0.020531
102.73,-0.019947
102.73,-0.020542
102.74,-0.018849
102.74,-0.020174
102.74,-0.017546
102.75,-0.019489
102.75,-0.017347
102.75,-0.01847
102.75,-0.020888
102.76,-0.02261
102.76,-0.018767
102.76,-0.02434
102.77,-0.02251
102.77,-0.020562
102.77,-0.017476
102.78,-0.014955
102.78,-0.020902
102.78,-0.019029
102.79,-0.019776
102.79,-0.01997
102.79,-0.019739
102.8,-0.022538
102.8,-0.019183
102.8,-0.019508
102.8,-0.020127
102.81,-0.018478
102.81,-0.022585
102.81,-0.019182
102.82,-0.018074
102.82,-0.020072
102.82,-0.021498
102.83,-0.01989
102.83,-0.021966
102.83,-0.019516
102.84,-0.018958
102.84,-0.019772
102.84,-0.01868
102.84,-0.018866
102.85,-0.021948
102.85,-0.022756
102.85,-0.020863
102.86,-0.023908
102.86,-0.018275
102.86,-0.019582
102.87,-0.018169
102.87,-0.023195
102.87,-0.019867
102.88,-0.016477
102.88,-0.021545
102.88,-0.02037
102.89,-0.020439
102.89,-0.021852
102.89,-0.019643
102.89,-0.020533
102.9,-0.021601
102.9,-0.024117
102.9,-0.019654
102.91,-0.016856
102.91,-0.022175
102.91,-0.021561
102.92,-0.021148
102.92,-0.020512
102.92,-0.022324
102.93,-0.020558
102.93,-0.024156
102.93,-0.020496
102.94,-0.02103
102.94,-0.020506
102.94,-0.020584
102.94,-0.021734
102.95,-0.022734
102.95,-0.022292
102.95,-0.018711
102.96,-0.025886
102.96,-0.020358
102.96,-0.023611
102.97,-0.021901
102.97,-0.021742
102.97,-0.021238
102.98,-0.023564
102.98,-0.024792
102.98,-0.023538
102.98,-0.020986
102.99,-0.026819
102.99,-0.026069
102.99,-0.022263
103,-0.01938
103,-0.023755
103,-0.020525
103.01,-0.023387
103.01,-0.021853
103.01,-0.026689
103.02,-0.025762
103.02,-0.019227
103.02,-0.023041
103.03,-0.020873
103.03,-0.022623
103.03,-0.0216
103.03,-0.020059
103.04,-0.023335
103.04,-0.02523
103.04,-0.025567
103.05,-0.022945
103.05,-0.022792
103.05,-0.025265
103.06,-0.021723
103.06,-0.020471
103.06,-0.027058
103.07,-0.021346
103.07,-0.020056
103.07,-0.024061
103.07,-0.024462
103.08,-0.024358
103.08,-0.024137
103.08,-0.025077
103.09,-0.021961
103.09,-0.023597
103.09,-0.023142
103.1,-0.028036
103.1,-0.02499
103.1,-0.022561
103.11,-0.021517
103.11,-0.024136
103.11,-0.028459
103.12,-0.028209
103.12,-0.022564
103.12,-0.02181
103.12,-0.023694
103.13,-0.024735
103.13,-0.028003
103.13,-0.022554
103.14,-0.024688
103.14,-0.02543
103.14,-0.023816
103.15,-0.024524
103.15,-0.026543
103.15,-0.0246
103.16,-0.023813
103.16,-0.027656
103.16,-0.026565
103.16,-0.025436
103.17,-0.024066
103.17,-0.025228
103.17,-0.023891
103.18,-0.023108
103.18,-0.024673
103.18,-0.030198
103.19,-0.026374
103.19,-0.024538
103.19,-0.026605
103.2,-0.026569
103.2,-0.023996
103.2,-0.025829
103.21,-0.025027
103.21,-0.026413
103.21,-0.026821
103.21,-0.025997
103.22,-0.0256
103.22,-0.027956
103.22,-0.02763
103.23,-0.028461
103.23,-0.026021
103.23,-0.025197
103.24,-0.024503
103.24,-0.027347
103.24,-0.030904
103.25,-0.026017
103.25,-0.027216
103.25,-0.022018
103.25,-0.028468
103.26,-0.029407
103.26,-0.027002
103.26,-0.029264
103.27,-0.029297
103.27,-0.024931
103.27,-0.025701
103.28,-0.022624
103.28,-0.025284
103.28,-0.026932
103.29,-0.030618
103.29,-0.028728
103.29,-0.027576
103.3,-0.026008
103.3,-0.028366
103.3,-0.03083
103.3,-0.025931
103.31,-0.026858
103.31,-0.022926
103.31,-0.029008
103.32,-0.03171
103.32,-0.027669
103.32,-0.026895
103.33,-0.029828
103.33,-0.0269
103.33,-0.029678
103.34,-0.027837
103.34,-0.028646
103.34,-0.027452
103.34,-0.029515
103.35,-0.024025
103.35,-0.026845
103.35,-0.030984
103.36,-0.028681
103.36,-0.029193
103.36,-0.028735
103.37,-0.028816
103.37,-0.030581
103.37,-0.033127
103.38,-0.028587
103.38,-0.029719
103.38,-0.031121
103.39,-0.02846
103.39,-0.030864
103.39,-0.027888
103.39,-0.02807
103.4,-0.027604
103.4,-0.031946
103.4,-0.030576
103.41,-0.031063
103.41,-0.030345
103.41,-0.032137
103.42,-0.030985
103.42,-0.027278
103.42,-0.030966
103.43,-0.031769
103.43,-0.030858
103.43,-0.030035
103.43,-0.030104
103.44,-0.029408
103.44,-0.034598
103.44,-0.029535
103.45,-0.031139
103.45,-0.028903
103.45,-0.0308
103.46,-0.029343
103.46,-0.03468
103.46,-0.030054
103.47,-0.030779
103.47,-0.03605
103.47,-0.02969
103.48,-0.031016
103.48,-0.031657
103.48,-0.031146
103.48,-0.027795
103.49,-0.030408
103.49,-0.031902
103.49,-0.032692
103.5,-0.030347
103.5,-0.031883
103.5,-0.029543
103.51,-0.033819
103.51,-0.034143
103.51,-0.032882
103.52,-0.031531
103.52,-0.029697
103.52,-0.033021
103.52,-0.031707
103.53,-0.033396
103.53,-0.031008
103.53,-0.030524
103.54,-0.029985
103.54,-0.031382
103.54,-0.033607
103.55,-0.029822
103.55,-0.029429
103.55,-0.034462
103.56,-0.031843
103.56,-0.030127
103.56,-0.033561
103.57,-0.033431
103.57,-0.033408
103.57,-0.029945
103.57,-0.033668
103.58,-0.034233
103.58,-0.033384
103.58,-0.033149
103.59,-0.032048
103.59,-0.032199
103.59,-0.034465
103.6,-0.031428
103.6,-0.031051
103.6,-0.033826
103.61,-0.031577
103.61,-0.033979
103.61,-0.034558
103.62,-0.038443
103.62,-0.033983
103.62,-0.034489
103.62,-0.031765
103.63,-0.030405
103.63,-0.034291
103.63,-0.035704
103.64,-0.033994
103.64,-0.032898
103.64,-0.034317
103.65,-0.033632
103.65,-0.036394
103.65,-0.034227
103.66,-0.035894
103.66,-0.03476
103.66,-0.033227
103.66,-0.036214
103.67,-0.035682
103.67,-0.032521
103.67,-0.036806
103.68,-0.033242
103.68,-0.03489
103.68,-0.036199
103.69,-0.038336
103.69,-0.034047
103.69,-0.035797
103.7,-0.033327
103.7,-0.037276
103.7,-0.036605
103.71,-0.035501
103.71,-0.034754
103.71,-0.037477
103.71,-0.034474
103.72,-0.034373
103.72,-0.038926
103.72,-0.037598
103.73,-0.039102
103.73,-0.035552
103.73,-0.036759
103.74,-0.037433
103.74,-0.036823
103.74,-0.03324
103.75,-0.035261
103.75,-0.037654
103.75,-0.037795
103.75,-0.036446
103.76,-0.037524
103.76,-0.038316
103.76,-0.040424
103.77,-0.036663
103.77,-0.0367
103.77,-0.038421
103.78,-0.03384
103.78,-0.037254
103.78,-0.035501
103.79,-0.038467
103.79,-0.0369
103.79,-0.035497
103.8,-0.040468
103.8,-0.041152
103.8,-0.036666
103.8,-0.038468
103.81,-0.038344
103.81,-0.038493
103.81,-0.037436
103.82,-0.041461
103.82,-0.036363
103.82,-0.040254
103.83,-0.037881
103.83,-0.036245
103.83,-0.043408
103.84,-0.036521
103.84,-0.03749
103.84,-0.040738
103.84,-0.042288
103.85,-0.038004
103.85,-0.035956
103.85,-0.038142
103.86,-0.037333
103.86,-0.039385
103.86,-0.041084
103.87,-0.040417
103.87,-0.040717
103.87,-0.037053
103.88,-0.046104
103.88,-0.042044
103.88,-0.040478
103.89,-0.041625
103.89,-0.040591
103.89,-0.040524
103.89,-0.039871
103.9,-0.041541
103.9,-0.041347
103.9,-0.03654
103.91,-0.038206
103.91,-0.043337
103.91,-0.043424
103.92,-0.039235
103.92,-0.038608
103.92,-0.04209
103.93,-0.043522
103.93,-0.043068
103.93,-0.040134
103.93,-0.039083
103.94,-0.041266
103.94,-0.04169
103.94,-0.042216
103.95,-0.042557
103.95,-0.046623
103.95,-0.041369
103.96,-0.041239
103.96,-0.041859
103.96,-0.041037
103.97,-0.04061
103.97,-0.040169
103.97,-0.04368
103.98,-0.044457
103.98,-0.04321
103.98,-0.040957
103.98,-0.04468
103.99,-0.040981
103.99,-0.042832
103.99,-0.044777
104,-0.042316
104,-0.042329
104,-0.041549
104.01,-0.043879
104.01,-0.04215
104.01,-0.044619
104.02,-0.045465
104.02,-0.043114
104.02,-0.044786
104.02,-0.047981
104.03,-0.043904
104.03,-0.044592
104.03,-0.04462
104.04,-0.044843
104.04,-0.042658
104.04,-0.04643
104.05,-0.046609
104.05,-0.047736
104.05,-0.039972
104.06,-0.042224
104.06,-0.0467
104.06,-0.046431
104.07,-0.047028
104.07,-0.042482
104.07,-0.044349
104.07,-0.046588
104.08,-0.045899
104.08,-0.04583
104.08,-0.046333
104.09,-0.04909
104.09,-0.044839
104.09,-0.044615
104.1,-0.04922
104.1,-0.049671
104.1,-0.048268
104.11,-0.044152
104.11,-0.044097
104.11,-0.047596
104.11,-0.0472
104.12,-0.045381
104.12,-0.048951
104.12,-0.04896
104.13,-0.046629
104.13,-0.046672
104.13,-0.044791
104.14,-0.051027
104.14,-0.048818
104.14,-0.045548
104.15,-0.047409
104.15,-0.047383
104.15,-0.048034
104.16,-0.044358
104.16,-0.046859
104.16,-0.047026
104.16,-0.051724
104.17,-0.046433
104.17,-0.049983
104.17,-0.048964
104.18,-0.051261
104.18,-0.047174
104.18,-0.051457
104.19,-0.051845
104.19,-0.048918
104.19,-0.048158
104.2,-0.04936
104.2,-0.049102
104.2,-0.04956
104.21,-0.049989
104.21,-0.046659
104.21,-0.047373
104.21,-0.046869
104.22,-0.0502
104.22,-0.05041
104.22,-0.052087
104.23,-0.049486
104.23,-0.048584
104.23,-0.052572
104.24,-0.051503
104.24,-0.053893
104.24,-0.050396
104.25,-0.053179
104.25,-0.055522
104.25,-0.048172
104.25,-0.048114
104.26,-0.048789
104.26,-0.054055
104.26,-0.053548
104.27,-0.053013
104.27,-0.052825
104.27,-0.054678
104.28,-0.047851
104.28,-0.052165
104.28,-0.055828
104.29,-0.053596
104.29,-0.055851
104.29,-0.052688
104.3,-0.050939
104.3,-0.053755
104.3,-0.053697
104.3,-0.053207
104.31,-0.052777
104.31,-0.055053
104.31,-0.05232
104.32,-0.055701
104.32,-0.059604
104.32,-0.056313
104.33,-0.055076
104.33,-0.055772
104.33,-0.052249
104.34,-0.057141
104.34,-0.054808
104.34,-0.052152
104.34,-0.056649
104.35,-0.057664
104.35,-0.053539
104.35,-0.058515
104.36,-0.054687
104.36,-0.053673
104.36,-0.055623
104.37,-0.054684
104.37,-0.053067
104.37,-0.057083
104.38,-0.058317
104.38,-0.055812
104.38,-0.053801
104.39,-0.057091
104.39,-0.057856
104.39,-0.05838
104.39,-0.053417
104.4,-0.05817
104.4,-0.055901
104.4,-0.058947
104.41,-0.053151
104.41,-0.05879
104.41,-0.058096
104.42,-0.058556
104.42,-0.055578
104.42,-0.060041
104.43,-0.05417
104.43,-0.055639
104.43,-0.058076
104.43,-0.056024
104.44,-0.059136
104.44,-0.061004
104.44,-0.05571
104.45,-0.059731
104.45,-0.057975
104.45,-0.059426
104.46,-0.056995
104.46,-0.058667
104.46,-0.056853
104.47,-0.058116
104.47,-0.063281
104.47,-0.059326
104.48,-0.058429
104.48,-0.059622
104.48,-0.06044
104.48,-0.064665
104.49,-0.059545
104.49,-0.059285
104.49,-0.059091
104.5,-0.063496
104.5,-0.060356
104.5,-0.063861
104.51,-0.060657
104.51,-0.060535
104.51,-0.061997
104.52,-0.062975
104.52,-0.060392
104.52,-0.064768
104.52,-0.064622
104.53,-0.061818
104.53,-0.060016
104.53,-0.062798
104.54,-0.06372
104.54,-0.066811
104.54,-0.065054
104.55,-0.065791
104.55,-0.06486
104.55,-0.06329
104.56,-0.064136
104.56,-0.064543
104.56,-0.066932
104.57,-0.06154
104.57,-0.063685
104.57,-0.067639
104.57,-0.059583
104.58,-0.061346
104.58,-0.063618
104.58,-0.063316
104.59,-0.069746
104.59,-0.062206
104.59,-0.068363
104.6,-0.064823
104.6,-0.064404
104.6,-0.065813
104.61,-0.070936
104.61,-0.065298
104.61,-0.067369
104.61,-0.064019
104.62,-0.068243
104.62,-0.065775
104.62,-0.065982
104.63,-0.066167
104.63,-0.070038
104.63,-0.064139
104.64,-0.068947
104.64,-0.062663
104.64,-0.067219
104.65,-0.067274
104.65,-0.063927
104.65,-0.066915
104.66,-0.071206
104.66,-0.072566
104.66,-0.067243
104.66,-0.065695
104.67,-0.06935
104.67,-0.06538
104.67,-0.065006
104.68,-0.071134
104.68,-0.067645
104.68,-0.072119
104.69,-0.073982
104.69,-0.066987
104.69,-0.068159
104.7,-0.071373
104.7,-0.071249
104.7,-0.072212
104.7,-0.068645
104.71,-0.070509
104.71,-0.072375
104.71,-0.069629
104.72,-0.073949
104.72,-0.075249
104.72,-0.069949
104.73,-0.066288
104.73,-0.075733
104.73,-0.069475
104.74,-0.0722
104.74,-0.074414
104.74,-0.076012
104.75,-0.071055
104.75,-0.069732
104.75,-0.072265
104.75,-0.073982
104.76,-0.076004
104.76,-0.073107
104.76,-0.072965
104.77,-0.073555
104.77,-0.080817
104.77,-0.074592
104.78,-0.073401
104.78,-0.078999
104.78,-0.075172
104.79,-0.076934
104.79,-0.071121
104.79,-0.076916
104.8,-0.076193
104.8,-0.077083
104.8,-0.076391
104.8,-0.077865
104.81,-0.075453
104.81,-0.078714
104.81,-0.075715
104.82,-0.069324
104.82,-0.07997
104.82,-0.075618
104.83,-0.07898
104.83,-0.077213
104.83,-0.078935
104.84,-0.078695
104.84,-0.074125
104.84,-0.077898
104.84,-0.074541
104.85,-0.078526
104.85,-0.07968
104.85,-0.078809
104.86,-0.080654
104.86,-0.082863
104.86,-0.081043
104.87,-0.086203
104.87,-0.082141
104.87,-0.077275
104.88,-0.08122
104.88,-0.083882
104.88,-0.083966
104.89,-0.077797
104.89,-0.081228
104.89,-0.080659
104.89,-0.081608
104.9,-0.081723
104.9,-0.083243
104.9,-0.080347
104.91,-0.082931
104.91,-0.081213
104.91,-0.080698
104.92,-0.079832
104.92,-0.083265
104.92,-0.081473
104.93,-0.08475
104.93,-0.08676
104.93,-0.084584
104.93,-0.090129
104.94,-0.08669
104.94,-0.083243
104.94,-0.08406
104.95,-0.081761
104.95,-0.086651
104.95,-0.085738
104.96,-0.086421
104.96,-0.085177
104.96,-0.08236
104.97,-0.084992
104.97,-0.08466
104.97,-0.086674
104.98,-0.087489
104.98,-0.086248
104.98,-0.087909
104.98,-0.087643
104.99,-0.085183
104.99,-0.088589
104.99,-0.091507
105,-0.089517
105,-0.089387
105,-0.086748
105.01,-0.090716
105.01,-0.089579
105.01,-0.091578
105.02,-0.08737
105.02,-0.086941
105.02,-0.092338
105.02,-0.088078
105.03,-0.094491
105.03,-0.087091
105.03,-0.096759
105.04,-0.092019
105.04,-0.092803
105.04,-0.094292
105.05,-0.087106
105.05,-0.094618
105.05,-0.09692
105.06,-0.089704
105.06,-0.091185
105.06,-0.092415
105.07,-0.091959
105.07,-0.095983
105.07,-0.096118
105.07,-0.091652
105.08,-0.096292
105.08,-0.09632
105.08,-0.095878
105.09,-0.097247
105.09,-0.096276
105.09,-0.097033
105.1,-0.10067
105.1,-0.10046
105.1,-0.096092
105.11,-0.09948
105.11,-0.099857
105.11,-0.098672
105.11,-0.098893
105.12,-0.095081
105.12,-0.098177
105.12,-0.10353
105.13,-0.097104
105.13,-0.098934
105.13,-0.099648
105.14,-0.09739
105.14,-0.10204
105.14,-0.098938
105.15,-0.10439
105.15,-0.099609
105.15,-0.10122
105.16,-0.11138
105.16,-0.099895
105.16,-0.10181
105.16,-0.099656
105.17,-0.10293
105.17,-0.10439
105.17,-0.10138
105.18,-0.10094
105.18,-0.10404
105.18,-0.10266
105.19,-0.10291
105.19,-0.10228
105.19,-0.10211
105.2,-0.10191
105.2,-0.10716
105.2,-0.10062
105.2,-0.10376
105.21,-0.10833
105.21,-0.10696
105.21,-0.10528
105.22,-0.10668
105.22,-0.11172
105.22,-0.10994
105.23,-0.10517
105.23,-0.10901
105.23,-0.10915
105.24,-0.10788
105.24,-0.10633
105.24,-0.11367
105.25,-0.10798
105.25,-0.11187
105.25,-0.10862
105.25,-0.10246
105.26,-0.11049
105.26,-0.10994
105.26,-0.11457
105.27,-0.11407
105.27,-0.11053
105.27,-0.11307
105.28,-0.11173
105.28,-0.11007
105.28,-0.10986
105.29,-0.11292
105.29,-0.11291
105.29,-0.11486
105.29,-0.11272
105.3,-0.11777
105.3,-0.1145
105.3,-0.11509
105.31,-0.11654
105.31,-0.10929
105.31,-0.11904
105.32,-0.11481
105.32,-0.11547
105.32,-0.11502
105.33,-0.1209
105.33,-0.11406
105.33,-0.12056
105.34,-0.11817
105.34,-0.11597
105.34,-0.12152
105.34,-0.12244
105.35,-0.12037
105.35,-0.11599
105.35,-0.11847
105.36,-0.11974
105.36,-0.11831
105.36,-0.12013
105.37,-0.12185
105.37,-0.11821
105.37,-0.1238
105.38,-0.11833
105.38,-0.1239
105.38,-0.12745
105.39,-0.12403
105.39,-0.11995
105.39,-0.12564
105.39,-0.1244
105.4,-0.12307
105.4,-0.12782
105.4,-0.12675
105.41,-0.12741
105.41,-0.12655
105.41,-0.1227
105.42,-0.12638
105.42,-0.12781
105.42,-0.12603
105.43,-0.12895
105.43,-0.12602
105.43,-0.12977
105.43,-0.1314
105.44,-0.13055
105.44,-0.13279
105.44,-0.12967
105.45,-0.12365
105.45,-0.13328
105.45,-0.13157
105.46,-0.13065
105.46,-0.13248
105.46,-0.13441
105.47,-0.1306
105.47,-0.13349
105.47,-0.13212
105.48,-0.13515
105.48,-0.13268
105.48,-0.13581
105.48,-0.13544
105.49,-0.13409
105.49,-0.13458
105.49,-0.13615
105.5,-0.13507
105.5,-0.13422
105.5,-0.13863
105.51,-0.13401
105.51,-0.14479
105.51,-0.13878
105.52,-0.13904
105.52,-0.14125
105.52,-0.13977
105.52,-0.14333
105.53,-0.13835
105.53,-0.13991
105.53,-0.14262
105.54,-0.14117
105.54,-0.14456
105.54,-0.14344
105.55,-0.14229
105.55,-0.14601
105.55,-0.14963
105.56,-0.14603
105.56,-0.14395
105.56,-0.14298
105.57,-0.14521
105.57,-0.14527
105.57,-0.14298
105.57,-0.14677
105.58,-0.15054
105.58,-0.14506
105.58,-0.1553
105.59,-0.1544
105.59,-0.14761
105.59,-0.14377
105.6,-0.14691
105.6,-0.15186
105.6,-0.14744
105.61,-0.14808
105.61,-0.15057
105.61,-0.14992
105.61,-0.15581
105.62,-0.15384
105.62,-0.15209
105.62,-0.1564
105.63,-0.1561
105.63,-0.15225
105.63,-0.1555
105.64,-0.15707
105.64,-0.15797
105.64,-0.14973
105.65,-0.15351
105.65,-0.15588
105.65,-0.15754
105.66,-0.15673
105.66,-0.16163
105.66,-0.15944
105.66,-0.16198
105.67,-0.15941
105.67,-0.15983
105.67,-0.16029
105.68,-0.161
105.68,-0.16617
105.68,-0.16268
105.69,-0.16094
105.69,-0.16469
105.69,-0.16092
105.7,-0.16771
105.7,-0.16567
105.7,-0.16105
105.7,-0.16303
105.71,-0.16509
105.71,-0.16389
105.71,-0.16406
105.72,-0.17164
105.72,-0.1637
105.72,-0.16845
105.73,-0.173
105.73,-0.16809
105.73,-0.15985
105.74,-0.1672
105.74,-0.17355
105.74,-0.17286
105.75,-0.16851
105.75,-0.17083
105.75,-0.17338
105.75,-0.17817
105.76,-0.17311
105.76,-0.17389
105.76,-0.17092
105.77,-0.17608
105.77,-0.17552
105.77,-0.18252
105.78,-0.17841
105.78,-0.17428
105.78,-0.17884
105.79,-0.17936
105.79,-0.17714
105.79,-0.17944
105.79,-0.1804
105.8,-0.1803
105.8,-0.17814
105.8,-0.18182
105.81,-0.17993
105.81,-0.17994
105.81,-0.18489
105.82,-0.17808
105.82,-0.1833
105.82,-0.18763
105.83,-0.18613
105.83,-0.18401
105.83,-0.18667
105.84,-0.18901
105.84,-0.18753
105.84,-0.19268
105.84,-0.19001
105.85,-0.19173
105.85,-0.19387
105.85,-0.18947
105.86,-0.19353
105.86,-0.19158
105.86,-0.19153
105.87,-0.19096
105.87,-0.19151
105.87,-0.19715
105.88,-0.1937
105.88,-0.1987
105.88,-0.1987
105.88,-0.19999
105.89,-0.19616
105.89,-0.19384
105.89,-0.19989
105.9,-0.20019
105.9,-0.19745
105.9,-0.2005
105.91,-0.2036
105.91,-0.20382
105.91,-0.19857
105.92,-0.20726
105.92,-0.20206
105.92,-0.20471
105.93,-0.21155
105.93,-0.20782
105.93,-0.20931
105.93,-0.20825
105.94,-0.20855
105.94,-0.20678
105.94,-0.21021
105.95,-0.21076
105.95,-0.20615
105.95,-0.20946
105.96,-0.20948
105.96,-0.21151
105.96,-0.21221
105.97,-0.21212
105.97,-0.2188
105.97,-0.21225
105.97,-0.21278
105.98,-0.21694
105.98,-0.21688
105.98,-0.21788
105.99,-0.21743
105.99,-0.22245
105.99,-0.21725
106,-0.21515
106,-0.22335
106,-0.21579
106.01,-0.2248
106.01,-0.22513
106.01,-0.23001
106.02,-0.2219
106.02,-0.22196
106.02,-0.2202
106.02,-0.22318
106.03,-0.22621
106.03,-0.22366
106.03,-0.22796
106.04,-0.22647
106.04,-0.22757
106.04,-0.2334
106.05,-0.23381
106.05,-0.23334
106.05,-0.22533
106.06,-0.23352
106.06,-0.23947
106.06,-0.22844
106.07,-0.23785
106.07,-0.23268
106.07,-0.24064
106.07,-0.23757
106.08,-0.23624
106.08,-0.24057
106.08,-0.2375
106.09,-0.23998
106.09,-0.23992
106.09,-0.24217
106.1,-0.24543
106.1,-0.24402
106.1,-0.24005
106.11,-0.24102
106.11,-0.24317
106.11,-0.24574
106.11,-0.24336
106.12,-0.25866
106.12,-0.2475
106.12,-0.24671
106.13,-0.25017
106.13,-0.24698
106.13,-0.24953
106.14,-0.25145
106.14,-0.25346
106.14,-0.25237
106.15,-0.25287
106.15,-0.25709
106.15,-0.25642
106.16,-0.25449
106.16,-0.25166
106.16,-0.25321
106.16,-0.25684
106.17,-0.26131
106.17,-0.25381
106.17,-0.25748
106.18,-0.26185
106.18,-0.25788
106.18,-0.25807
106.19,-0.26542
106.19,-0.26028
106.19,-0.26511
106.2,-0.26325
106.2,-0.26681
106.2,-0.26805
106.2,-0.26247
106.21,-0.26906
106.21,-0.26711
106.21,-0.26969
106.22,-0.27062
106.22,-0.27176
106.22,-0.26974
106.23,-0.27181
106.23,-0.26927
106.23,-0.27399
106.24,-0.27251
106.24,-0.27932
106.24,-0.27516
106.25,-0.27596
106.25,-0.27461
106.25,-0.27558
106.25,-0.28143
106.26,-0.27858
106.26,-0.27889
106.26,-0.28272
106.27,-0.28559
106.27,-0.28043
106.27,-0.28072
106.28,-0.28481
106.28,-0.29141
106.28,-0.28511
106.29,-0.28996
106.29,-0.2873
106.29,-0.29016
106.29,-0.2882
106.3,-0.28764
106.3,-0.28773
106.3,-0.29414
106.31,-0.28969
106.31,-0.29363
106.31,-0.29037
106.32,-0.29897
106.32,-0.29312
106.32,-0.29783
106.33,-0.29917
106.33,-0.2961
106.33,-0.29648
106.34,-0.29934
106.34,-0.30452
106.34,-0.29918
106.34,-0.30323
106.35,-0.30041
106.35,-0.30661
106.35,-0.30384
106.36,-0.30349
106.36,-0.30602
106.36,-0.31016
106.37,-0.30893
106.37,-0.30573
106.37,-0.31104
106.38,-0.31333
106.38,-0.31286
106.38,-0.31551
106.38,-0.31049
106.39,-0.31327
106.39,-0.31187
106.39,-0.3187
106.4,-0.31525
106.4,-0.31829
106.4,-0.31697
106.41,-0.31656
106.41,-0.3172
106.41,-0.31883
106.42,-0.31903
106.42,-0.32564
106.42,-0.32417
106.43,-0.32092
106.43,-0.32616
106.43,-0.32801
106.43,-0.32082
106.44,-0.32669
106.44,-0.32659
106.44,-0.32843
106.45,-0.33147
106.45,-0.32973
106.45,-0.32747
106.46,-0.32593
106.46,-0.33383
106.46,-0.33743
106.47,-0.33475
106.47,-0.3334
106.47,-0.33866
106.47,-0.33421
106.48,-0.34186
106.48,-0.33578
106.48,-0.34096
106.49,-0.34376
106.49,-0.33872
106.49,-0.34435
106.5,-0.34062
106.5,-0.34273
106.5,-0.35081
106.51,-0.34386
106.51,-0.34337
106.51,-0.35334
106.52,-0.34549
106.52,-0.35142
106.52,-0.34807
106.52,-0.35656
106.53,-0.35077
106.53,-0.3502
106.53,-0.35802
106.54,-0.35068
106.54,-0.35646
106.54,-0.36005
106.55,-0.35454
106.55,-0.35662
106.55,-0.35846
106.56,-0.35983
106.56,-0.35946
106.56,-0.36319
106.56,-0.35608
106.57,-0.36964
106.57,-0.3669
106.57,-0.36638
106.58,-0.35854
106.58,-0.36946
106.58,-0.36995
106.59,-0.36957
106.59,-0.3681
106.59,-0.36547
106.6,-0.37526
106.6,-0.38214
106.6,-0.36286
106.61,-0.36913
106.61,-0.38052
106.61,-0.37412
106.61,-0.37591
106.62,-0.37905
106.62,-0.38252
106.62,-0.37452
106.63,-0.38042
106.63,-0.37877
106.63,-0.3873
106.64,-0.38304
106.64,-0.3857
106.64,-0.38457
106.65,-0.38502
106.65,-0.39755
106.65,-0.38808
106.66,-0.38572
106.66,-0.38533
106.66,-0.38883
106.66,-0.38986
106.67,-0.39417
106.67,-0.39291
106.67,-0.39049
106.68,-0.39044
106.68,-0.398
106.68,-0.39649
106.69,-0.39703
106.69,-0.39281
106.69,-0.39594
106.7,-0.39849
106.7,-0.39448
106.7,-0.39799
106.7,-0.39663
106.71,-0.39977
106.71,-0.40731
106.71,-0.40899
106.72,-0.40177
106.72,-0.40308
106.72,-0.41055
106.73,-0.40434
106.73,-0.40035
106.73,-0.4121
106.74,-0.40834
106.74,-0.413
106.74,-0.41489
106.75,-0.41818
106.75,-0.40829
106.75,-0.41295
106.75,-0.41
106.76,-0.42149
106.76,-0.41479
106.76,-0.40933
106.77,-0.41843
106.77,-0.41739
106.77,-0.42123
106.78,-0.42035
106.78,-0.41713
106.78,-0.42182
106.79,-0.41487
106.79,-0.42067
106.79,-0.42608
106.79,-0.42052
106.8,-0.42811
106.8,-0.42166
106.8,-0.42579
106.81,-0.42207
106.81,-0.43108
106.81,-0.42719
106.82,-0.42978
106.82,-0.43014
106.82,-0.43239
106.83,-0.43332
106.83,-0.43471
106.83,-0.43249
106.84,-0.43541
106.84,-0.43639
106.84,-0.43542
106.84,-0.42894
106.85,-0.43892
106.85,-0.4358
106.85,-0.43528
106.86,-0.42807
106.86,-0.43901
106.86,-0.43614
106.87,-0.43653
106.87,-0.43801
106.87,-0.44654
106.88,-0.44391
106.88,-0.43779
106.88,-0.43933
106.88,-0.44729
106.89,-0.44017
106.89,-0.44767
106.89,-0.44429
106.9,-0.44616
106.9,-0.43817
106.9,-0.44871
106.91,-0.44956
106.91,-0.44249
106.91,-0.44488
106.92,-0.44307
106.92,-0.44451
106.92,-0.45247
106.93,-0.44676
106.93,-0.44607
106.93,-0.45245
106.93,-0.45307
106.94,-0.44987
106.94,-0.45004
106.94,-0.45224
106.95,-0.44538
106.95,-0.44952
106.95,-0.45214
106.96,-0.44807
106.96,-0.45253
106.96,-0.45294
106.97,-0.44846
106.97,-0.45265
106.97,-0.45839
106.97,-0.44516
106.98,-0.44986
106.98,-0.45385
106.98,-0.45006
106.99,-0.44801
106.99,-0.45214
106.99,-0.45084
107,-0.45087
107,-0.45276
107,-0.45617
107.01,-0.45207
107.01,-0.46036
107.01,-0.44546
107.02,-0.45407
107.02,-0.44727
107.02,-0.4532
107.02,-0.45472
107.03,-0.45596
107.03,-0.44449
107.03,-0.45144
107.04,-0.45749
107.04,-0.45207
107.04,-0.44939
107.05,-0.45287
107.05,-0.44569
107.05,-0.45197
107.06,-0.45289
107.06,-0.44687
107.06,-0.44951
107.06,-0.44511
107.07,-0.45144
107.07,-0.44905
107.07,-0.44682
107.08,-0.44955
107.08,-0.44769
107.08,-0.43085
107.09,-0.4504
107.09,-0.44528
107.09,-0.44494
107.1,-0.43793
107.1,-0.4403
107.1,-0.43927
107.11,-0.44424
107.11,-0.4352
107.11,-0.4336
107.11,-0.43467
107.12,-0.43619
107.12,-0.43644
107.12,-0.4366
107.13,-0.43872
107.13,-0.43239
107.13,-0.43152
107.14,-0.43525
107.14,-0.43229
107.14,-0.42874
107.15,-0.42709
107.15,-0.42504
107.15,-0.42944
107.15,-0.42056
107.16,-0.42606
107.16,-0.41782
107.16,-0.42279
107.17,-0.4232
107.17,-0.41731
107.17,-0.41771
107.18,-0.41587
107.18,-0.41274
107.18,-0.41129
107.19,-0.41348
107.19,-0.41051
107.19,-0.41139
107.2,-0.40198
107.2,-0.40928
107.2,-0.40052
107.2,-0.40095
107.21,-0.39587
107.21,-0.39707
107.21,-0.39667
107.22,-0.39241
107.22,-0.39143
107.22,-0.38864
107.23,-0.38838
107.23,-0.38072
107.23,-0.38619
107.24,-0.38468
107.24,-0.38324
107.24,-0.37877
107.25,-0.37783
107.25,-0.36295
107.25,-0.37135
107.25,-0.36944
107.26,-0.36221
107.26,-0.3642
107.26,-0.35811
107.27,-0.35126
107.27,-0.35092
107.27,-0.35117
107.28,-0.34651
107.28,-0.34659
107.28,-0.34562
107.29,-0.3372
107.29,-0.33936
107.29,-0.32992
107.29,-0.33088
107.3,-0.33277
107.3,-0.32628
107.3,-0.32082
107.31,-0.32048
107.31,-0.32228
107.31,-0.30385
107.32,-0.31349
107.32,-0.30296
107.32,-0.30533
107.33,-0.30242
107.33,-0.29153
107.33,-0.2873
107.34,-0.27672
107.34,-0.28234
107.34,-0.28319
107.34,-0.27721
107.35,-0.27307
107.35,-0.26767
107.35,-0.26358
107.36,-0.26208
107.36,-0.25492
107.36,-0.24273
107.37,-0.25087
107.37,-0.2355
107.37,-0.24024
107.38,-0.24268
107.38,-0.23026
107.38,-0.23192
107.38,-0.21943
107.39,-0.22217
107.39,-0.21084
107.39,-0.20277
107.4,-0.20864
107.4,-0.20236
107.4,-0.19203
107.41,-0.18775
107.41,-0.17525
107.41,-0.17635
107.42,-0.16756
107.42,-0.16229
107.42,-0.15881
107.43,-0.15113
107.43,-0.14938
107.43,-0.1429
107.43,-0.13561
107.44,-0.13426
107.44,-0.12348
107.44,-0.11039
107.45,-0.10926
107.45,-0.10445
107.45,-0.103
107.46,-0.10397
107.46,-0.093645
107.46,-0.087353
107.47,-0.077785
107.47,-0.073924
107.47,-0.073324
107.47,-0.062719
107.48,-0.058322
107.48,-0.050205
107.48,-0.030765
107.49,-0.035997
107.49,-0.023039
107.49,-0.017537
107.5,-0.010092
107.5,0.005175
107.5,0.0065471
107.51,0.013997
107.51,0.019411
107.51,0.031113
107.52,0.036305
107.52,0.038962
107.52,0.052761
107.52,0.059975
107.53,0.070297
107.53,0.074693
107.53,0.075908
107.54,0.08265
107.54,0.087533
107.54,0.09952
107.55,0.10795
107.55,0.11524
107.55,0.12767
107.56,0.13323
107.56,0.15463
107.56,0.14552
107.56,0.16238
107.57,0.17319
107.57,0.17409
107.57,0.1902
107.58,0.21231
107.58,0.20832
107.58,0.21127
107.59,0.21978
107.59,0.24093
107.59,0.24814
107.6,0.25659
107.6,0.27318
107.6,0.28111
107.61,0.2827
107.61,0.29974
107.61,0.29426
107.61,0.30189
107.62,0.31543
107.62,0.32896
107.62,0.33109
107.63,0.33434
107.63,0.35003
107.63,0.36751
107.64,0.38594
107.64,0.38299
107.64,0.413
107.65,0.4271
107.65,0.4172
107.65,0.43747
107.65,0.44134
107.66,0.46225
107.66,0.47226
107.66,0.47748
107.67,0.48306
107.67,0.49517
107.67,0.51448
107.68,0.51595
107.68,0.52991
107.68,0.54243
107.69,0.54802
107.69,0.5723
107.69,0.57512
107.7,0.57466
107.7,0.59203
107.7,0.5975
107.7,0.61915
107.71,0.62236
107.71,0.62364
107.71,0.66265
107.72,0.65703
107.72,0.66559
107.72,0.68537
107.73,0.70188
107.73,0.72459
107.73,0.71839
107.74,0.72288
107.74,0.7586
107.74,0.76591
107.74,0.75994
107.75,0.78887
107.75,0.7972
107.75,0.80588
107.76,0.82057
107.76,0.82717
107.76,0.83488
107.77,0.84077
107.77,0.85696
107.77,0.86859
107.78,0.88687
107.78,0.89398
107.78,0.90143
107.79,0.91512
107.79,0.93664
107.79,0.93316
107.79,0.96692
107.8,0.97525
107.8,0.9789
107.8,0.97057
107.81,1.0054
107.81,1.0254
107.81,1.0193
107.82,1.0375
107.82,1.0543
107.82,1.0557
107.83,1.0789
107.83,1.0927
107.83,1.0989
107.84,1.1016
107.84,1.1103
107.84,1.1208
107.84,1.1617
107.85,1.1511
107.85,1.1541
107.85,1.1831
107.86,1.197
107.86,1.1945
107.86,1.1948
107.87,1.2217
107.87,1.2217
107.87,1.2507
107.88,1.2443
107.88,1.2763
107.88,1.2531
107.88,1.2813
107.89,1.2909
107.89,1.3106
107.89,1.3091
107.9,1.3206
107.9,1.3248
107.9,1.3427
107.91,1.3619
107.91,1.354
107.91,1.3723
107.92,1.381
107.92,1.387
107.92,1.3997
107.93,1.4225
107.93,1.4073
107.93,1.4289
107.93,1.4213
107.94,1.4415
107.94,1.4556
107.94,1.468
107.95,1.4739
107.95,1.4597
107.95,1.4732
107.96,1.5012
107.96,1.4957
107.96,1.5073
107.97,1.5172
107.97,1.5035
107.97,1.5404
107.97,1.553
107.98,1.5312
107.98,1.5455
107.98,1.5665
107.99,1.5535
107.99,1.5702
107.99,1.5802
108,1.5633
108,1.5727
108,1.5952
108.01,1.6052
108.01,1.6057
108.01,1.6086
108.02,1.6165
108.02,1.6132
108.02,1.6315
108.02,1.6353
108.03,1.6316
108.03,1.6314
108.03,1.6409
108.04,1.6291
108.04,1.6515
108.04,1.6433
108.05,1.6527
108.05,1.6371
108.05,1.6761
108.06,1.6762
108.06,1.6635
108.06,1.6519
108.06,1.6648
108.07,1.6685
108.07,1.6593
108.07,1.6735
108.08,1.6717
108.08,1.6735
108.08,1.6627
108.09,1.6826
108.09,1.6705
108.09,1.6818
108.1,1.6895
108.1,1.6776
108.1,1.6788
108.11,1.6757
108.11,1.6778
108.11,1.6661
108.11,1.6731
108.12,1.6684
108.12,1.6766
108.12,1.6671
108.13,1.6765
108.13,1.6388
108.13,1.6611
108.14,1.6567
108.14,1.6605
108.14,1.6561
108.15,1.6474
108.15,1.6551
108.15,1.6536
108.15,1.6371
108.16,1.6437
108.16,1.6219
108.16,1.6417
108.17,1.6376
108.17,1.6236
108.17,1.622
108.18,1.6209
108.18,1.6057
108.18,1.6145
108.19,1.5873
108.19,1.6134
108.19,1.5966
108.2,1.5911
108.2,1.5765
108.2,1.5415
108.2,1.5847
108.21,1.583
108.21,1.5607
108.21,1.5404
108.22,1.5538
108.22,1.5408
108.22,1.5369
108.23,1.527
108.23,1.5231
108.23,1.5039
108.24,1.514
108.24,1.4957
108.24,1.5016
108.24,1.4977
108.25,1.4735
108.25,1.4789
108.25,1.4691
108.26,1.456
108.26,1.451
108.26,1.4404
108.27,1.4529
108.27,1.4285
108.27,1.4266
108.28,1.4165
108.28,1.3977
108.28,1.3897
108.29,1.4032
108.29,1.3697
108.29,1.387
108.29,1.3477
108.3,1.3668
108.3,1.3611
108.3,1.3326
108.31,1.3337
108.31,1.3241
108.31,1.3101
108.32,1.3041
108.32,1.297
108.32,1.2845
108.33,1.2826
108.33,1.2745
108.33,1.2707
108.33,1.2274
108.34,1.2528
108.34,1.2247
108.34,1.233
108.35,1.2127
108.35,1.2204
108.35,1.2087
108.36,1.1917
108.36,1.1928
108.36,1.1658
108.37,1.1572
108.37,1.1565
108.37,1.1392
108.38,1.1435
108.38,1.1399
108.38,1.123
108.38,1.1136
108.39,1.1014
108.39,1.0908
108.39,1.0836
108.4,1.0871
108.4,1.0737
108.4,1.0599
108.41,1.0454
108.41,1.0397
108.41,1.0318
108.42,1.0325
108.42,1.0058
108.42,1.0091
108.43,0.99902
108.43,0.98699
108.43,0.98013
108.43,0.97497
108.44,0.96528
108.44,0.95362
108.44,0.94955
108.45,0.94804
108.45,0.92521
108.45,0.9283
108.46,0.91632
108.46,0.90387
108.46,0.90109
108.47,0.8909
108.47,0.88597
108.47,0.87718
108.47,0.86148
108.48,0.86117
108.48,0.85139
108.48,0.83761
108.49,0.83302
108.49,0.82825
108.49,0.81638
108.5,0.81285
108.5,0.80039
108.5,0.80009
108.51,0.78724
108.51,0.77305
108.51,0.76921
108.52,0.76916
108.52,0.75358
108.52,0.76017
108.52,0.73824
108.53,0.74208
108.53,0.7325
108.53,0.72212
108.54,0.71611
108.54,0.71001
108.54,0.70309
108.55,0.70095
108.55,0.68284
108.55,0.69203
108.56,0.67907
108.56,0.66693
108.56,0.65764
108.56,0.65641
108.57,0.64287
108.57,0.63685
108.57,0.63663
108.58,0.62758
108.58,0.6252
108.58,0.61056
108.59,0.61811
108.59,0.60815
108.59,0.60533
108.6,0.59278
108.6,0.58624
108.6,0.57764
108.61,0.57398
108.61,0.57354
108.61,0.56528
108.61,0.55876
108.62,0.55817
108.62,0.54138
108.62,0.54054
108.63,0.53749
108.63,0.53284
108.63,0.52726
108.64,0.52055
108.64,0.51783
108.64,0.51666
108.65,0.50024
108.65,0.49792
108.65,0.49306
108.65,0.49101
108.66,0.48254
108.66,0.48489
108.66,0.4679
108.67,0.47639
108.67,0.46709
108.67,0.45713
108.68,0.45531
108.68,0.44963
108.68,0.44732
108.69,0.44423
108.69,0.44104
108.69,0.42992
108.7,0.42785
108.7,0.42707
108.7,0.42757
108.7,0.41532
108.71,0.41275
108.71,0.40255
108.71,0.40475
108.72,0.39773
108.72,0.39754
108.72,0.39527
108.73,0.38904
108.73,0.38499
108.73,0.37901
108.74,0.37351
108.74,0.37179
108.74,0.36803
108.74,0.3667
108.75,0.3658
108.75,0.3602
108.75,0.35858
108.76,0.35088
108.76,0.34941
108.76,0.34477
108.77,0.34456
108.77,0.33012
108.77,0.33629
108.78,0.32697
108.78,0.32687
108.78,0.32414
108.79,0.32287
108.79,0.32065
108.79,0.31822
108.79,0.30979
108.8,0.3043
108.8,0.30221
108.8,0.29799
108.81,0.2978
108.81,0.29683
108.81,0.28682
108.82,0.29236
108.82,0.28853
108.82,0.2835
108.83,0.27769
108.83,0.27653
108.83,0.27985
108.83,0.27265
108.84,0.26863
108.84,0.26766
108.84,0.26564
108.85,0.26052
108.85,0.26014
108.85,0.26037
108.86,0.2515
108.86,0.24946
108.86,0.24381
108.87,0.24791
108.87,0.23827
108.87,0.24261
108.88,0.23857
108.88,0.23861
108.88,0.23295
108.88,0.23199
108.89,0.23063
108.89,0.22716
108.89,0.21925
108.9,0.22114
108.9,0.21706
108.9,0.21557
108.91,0.21638
108.91,0.21349
108.91,0.21048
108.92,0.20839
108.92,0.2089
108.92,0.20955
108.92,0.20464
108.93,0.19909
108.93,0.19559
108.93,0.19634
108.94,0.18972
108.94,0.19464
108.94,0.19296
108.95,0.18349
108.95,0.17696
108.95,0.18221
108.96,0.18089
108.96,0.18174
108.96,0.17519
108.97,0.17104
108.97,0.17719
108.97,0.17125
108.97,0.16746
108.98,0.17001
108.98,0.16296
108.98,0.16048
108.99,0.1653
108.99,0.16228
108.99,0.15301
109,0.15416
109,0.15119
109,0.1467
109.01,0.15058
109.01,0.13778
109.01,0.14924
109.01,0.14366
109.02,0.14466
109.02,0.14349
109.02,0.1376
109.03,0.1367
109.03,0.13291
109.03,0.1367
109.04,0.13069
109.04,0.12538
109.04,0.13176
109.05,0.12317
109.05,0.12132
109.05,0.12558
109.06,0.11962
109.06,0.11897
109.06,0.12176
109.06,0.11624
109.07,0.11348
109.07,0.11219
109.07,0.1145
109.08,0.11227
109.08,0.11103
109.08,0.10878
109.09,0.10567
109.09,0.10478
109.09,0.10445
109.1,0.10011
109.1,0.09949
109.1,0.092869
109.11,0.092916
109.11,0.097858
109.11,0.091995
109.11,0.092784
109.12,0.085605
109.12,0.088849
109.12,0.089451
109.13,0.083434
109.13,0.085156
109.13,0.076536
109.14,0.079161
109.14,0.078947
109.14,0.079419
109.15,0.078815
109.15,0.081414
109.15,0.071327
109.15,0.075563
109.16,0.072082
109.16,0.065622
109.16,0.068835
109.17,0.071178
109.17,0.064852
109.17,0.061048
109.18,0.062932
109.18,0.063296
109.18,0.061854
109.19,0.056633
109.19,0.05377
109.19,0.059932
109.2,0.055345
109.2,0.054202
109.2,0.052
109.2,0.054815
109.21,0.051176
109.21,0.046996
109.21,0.046834
109.22,0.047545
109.22,0.04674
109.22,0.049399
109.23,0.042001
109.23,0.044813
109.23,0.043775
109.24,0.040757
109.24,0.035155
109.24,0.036941
109.24,0.036497
109.25,0.03354
109.25,0.035827
109.25,0.030218
109.26,0.033239
109.26,0.032847
109.26,0.023582
109.27,0.024286
109.27,0.026484
109.27,0.02118
109.28,0.026337
109.28,0.026359
109.28,0.019518
109.29,0.018414
109.29,0.018533
109.29,0.014581
109.29,0.018679
109.3,0.0096073
109.3,0.012532
109.3,0.014943
109.31,0.01335
109.31,0.014938
109.31,0.010845
109.32,0.0089877
109.32,0.0091793
109.32,0.010897
109.33,0.0076167
109.33,0.0066228
109.33,0.0009066
109.33,-0.00090099
109.34,0.00072658
109.34,0.0030354
109.34,-0.001167
109.35,-0.0050553
109.35,0.00032487
109.35,-3.968e-05
109.36,-0.0094203
109.36,-0.003044
109.36,-0.0084738
109.37,-0.0087155
109.37,-0.011486
109.37,-0.012268
109.38,-0.014417
109.38,-0.012296
109.38,-0.016432
109.38,-0.014458
109.39,-0.02183
109.39,-0.020079
109.39,-0.017862
109.4,-0.023903
109.4,-0.026986
109.4,-0.026578
109.41,-0.029553
109.41,-0.028195
109.41,-0.027223
109.42,-0.029476
109.42,-0.033515
109.42,-0.031501
109.42,-0.03043
109.43,-0.039401
109.43,-0.040331
109.43,-0.036358
109.44,-0.043668
109.44,-0.041019
109.44,-0.042199
109.45,-0.045064
109.45,-0.046292
109.45,-0.049028
109.46,-0.050647
109.46,-0.050204
109.46,-0.048103
109.47,-0.055534
109.47,-0.053921
109.47,-0.060599
109.47,-0.055237
109.48,-0.0635
109.48,-0.061743
109.48,-0.065368
109.49,-0.064115
109.49,-0.063588
109.49,-0.067745
109.5,-0.069935
109.5,-0.072099
109.5,-0.070242
109.51,-0.074607
109.51,-0.076667
109.51,-0.078799
109.51,-0.0849
109.52,-0.080023
109.52,-0.087157
109.52,-0.084777
109.53,-0.088391
109.53,-0.089225
109.53,-0.090707
109.54,-0.08994
109.54,-0.098308
109.54,-0.092327
109.55,-0.096505
109.55,-0.10233
109.55,-0.099578
109.56,-0.095742
109.56,-0.10578
109.56,-0.10575
109.56,-0.10644
109.57,-0.10996
109.57,-0.11462
109.57,-0.11033
109.58,-0.12066
109.58,-0.12261
109.58,-0.12104
109.59,-0.12087
109.59,-0.124
109.59,-0.12514
109.6,-0.12683
109.6,-0.12849
109.6,-0.127
109.6,-0.13577
109.61,-0.1306
109.61,-0.13677
109.61,-0.13995
109.62,-0.13741
109.62,-0.14171
109.62,-0.13994
109.63,-0.14607
109.63,-0.14955
109.63,-0.15187
109.64,-0.15064
109.64,-0.15066
109.64,-0.15431
109.65,-0.15965
109.65,-0.16163
109.65,-0.16153
109.65,-0.16091
109.66,-0.16028
109.66,-0.16461
109.66,-0.16498
109.67,-0.16532
109.67,-0.16319
109.67,-0.17378
109.68,-0.17291
109.68,-0.17764
109.68,-0.17361
109.69,-0.18077
109.69,-0.17916
109.69,-0.18033
109.7,-0.18149
109.7,-0.17803
109.7,-0.18789
109.7,-0.18701
109.71,-0.18926
109.71,-0.19259
109.71,-0.19513
109.72,-0.19456
109.72,-0.18992
109.72,-0.2002
109.73,-0.19583
109.73,-0.1945
109.73,-0.20465
109.74,-0.20122
109.74,-0.20108
109.74,-0.20206
109.74,-0.20659
109.75,-0.19931
109.75,-0.2085
109.75,-0.21158
109.76,-0.20756
109.76,-0.21179
109.76,-0.21312
109.77,-0.21057
109.77,-0.21767
109.77,-0.21015
109.78,-0.21416
109.78,-0.21156
109.78,-0.21422
109.79,-0.21392
109.79,-0.22285
109.79,-0.21836
109.79,-0.22338
109.8,-0.21941
109.8,-0.22035
109.8,-0.21774
109.81,-0.22137
109.81,-0.22432
109.81,-0.2217
109.82,-0.21963
109.82,-0.22191
109.82,-0.22168
109.83,-0.21965
109.83,-0.22449
109.83,-0.22747
109.83,-0.22745
109.84,-0.22188
109.84,-0.2259
109.84,-0.22762
109.85,-0.22184
109.85,-0.22137
109.85,-0.22511
109.86,-0.22578
109.86,-0.22097
109.86,-0.22671
109.87,-0.22046
109.87,-0.22535
109.87,-0.22285
109.88,-0.22383
109.88,-0.21568
109.88,-0.21978
109.88,-0.22335
109.89,-0.21666
109.89,-0.21834
109.89,-0.22175
109.9,-0.21938
109.9,-0.21878
109.9,-0.21567
109.91,-0.21528
109.91,-0.21807
109.91,-0.2139
109.92,-0.21053
109.92,-0.21146
109.92,-0.21778
109.92,-0.20574
109.93,-0.21642
109.93,-0.21163
109.93,-0.20869
109.94,-0.20956
109.94,-0.21636
109.94,-0.20399
109.95,-0.20455
109.95,-0.2024
109.95,-0.20394
109.96,-0.20298
109.96,-0.19614
109.96,-0.1992
109.97,-0.19695
109.97,-0.19669
109.97,-0.19445
109.97,-0.19582
109.98,-0.1951
109.98,-0.19371
109.98,-0.18685
109.99,-0.18857
109.99,-0.18443
109.99,-0.18806
110,-0.18557
110,-0.18092
110,-0.18059
110.01,-0.17689
110.01,-0.17901
110.01,-0.18146
110.01,-0.17468
110.02,-0.17673
110.02,-0.16845
110.02,-0.16686
110.03,-0.16908
110.03,-0.17102
110.03,-0.16568
110.04,-0.16597
110.04,-0.16957
110.04,-0.16008
110.05,-0.16065
110.05,-0.15509
110.05,-0.15699
110.06,-0.15386
110.06,-0.15698
110.06,-0.15375
110.06,-0.14778
110.07,-0.15019
110.07,-0.14798
110.07,-0.14596
110.08,-0.14606
110.08,-0.14565
110.08,-0.14609
110.09,-0.13952
110.09,-0.13327
110.09,-0.14083
110.1,-0.13982
110.1,-0.13666
110.1,-0.13384
110.1,-0.13703
110.11,-0.13205
110.11,-0.13086
110.11,-0.1314
110.12,-0.12544
110.12,-0.12129
110.12,-0.12907
110.13,-0.12056
110.13,-0.12272
110.13,-0.11621
110.14,-0.12457
110.14,-0.12168
110.14,-0.11829
110.15,-0.11126
110.15,-0.11523
110.15,-0.11978
110.15,-0.11118
110.16,-0.11419
110.16,-0.11327
110.16,-0.11151
110.17,-0.10708
110.17,-0.11218
110.17,-0.11098
110.18,-0.10194
110.18,-0.10372
110.18,-0.10839
110.19,-0.10352
110.19,-0.10259
110.19,-0.10808
110.19,-0.099862
110.2,-0.10463
110.2,-0.10419
110.2,-0.10283
110.21,-0.09994
110.21,-0.10022
110.21,-0.10119
110.22,-0.095922
110.22,-0.10086
110.22,-0.098256
110.23,-0.09673
110.23,-0.096469
110.23,-0.092508
110.24,-0.094516
110.24,-0.095933
110.24,-0.098593
110.24,-0.096503
110.25,-0.090043
110.25,-0.097207
110.25,-0.095128
110.26,-0.093424
110.26,-0.092035
110.26,-0.095835
110.27,-0.093115
110.27,-0.096539
110.27,-0.094724
110.28,-0.10047
110.28,-0.094967
110.28,-0.091241
110.29,-0.096406
110.29,-0.089725
110.29,-0.092402
110.29,-0.096779
110.3,-0.093421
110.3,-0.092583
110.3,-0.093407
110.31,-0.090052
110.31,-0.093529
110.31,-0.093938
110.32,-0.087003
110.32,-0.095359
110.32,-0.094145
110.33,-0.08923
110.33,-0.094123
110.33,-0.09179
110.33,-0.095584
110.34,-0.097874
110.34,-0.096109
110.34,-0.10054
110.35,-0.094599
110.35,-0.095597
110.35,-0.094287
110.36,-0.093224
110.36,-0.091785
110.36,-0.097579
110.37,-0.097098
110.37,-0.096664
110.37,-0.094505
110.38,-0.094099
110.38,-0.10194
110.38,-0.093272
110.38,-0.099128
110.39,-0.093085
110.39,-0.10007
110.39,-0.094209
110.4,-0.098958
110.4,-0.10068
110.4,-0.097009
110.41,-0.098559
110.41,-0.10584
110.41,-0.10066
110.42,-0.098128
110.42,-0.10121
110.42,-0.10313
110.42,-0.096646
110.43,-0.097751
110.43,-0.10706
110.43,-0.10024
110.44,-0.10622
110.44,-0.10253
110.44,-0.10251
110.45,-0.10606
110.45,-0.10383
110.45,-0.10134
110.46,-0.1032
110.46,-0.10314
110.46,-0.10538
110.47,-0.099301
110.47,-0.10444
110.47,-0.107
110.47,-0.10839
110.48,-0.10455
110.48,-0.10846
110.48,-0.10218
110.49,-0.1124
110.49,-0.10409
110.49,-0.10933
110.5,-0.10586
110.5,-0.11088
110.5,-0.099801
110.51,-0.1057
110.51,-0.10669
110.51,-0.10534
110.51,-0.11107
110.52,-0.1042
110.52,-0.11119
110.52,-0.10722
110.53,-0.11021
110.53,-0.10905
110.53,-0.11017
110.54,-0.11055
110.54,-0.1086
110.54,-0.11369
110.55,-0.10927
110.55,-0.11008
110.55,-0.10175
110.56,-0.11276
110.56,-0.10729
110.56,-0.1115
110.56,-0.11157
110.57,-0.10493
110.57,-0.11222
110.57,-0.11218
110.58,-0.11114
110.58,-0.10854
110.58,-0.11144
110.59,-0.1077
110.59,-0.11167
110.59,-0.10948
110.6,-0.10973
110.6,-0.11136
110.6,-0.11203
110.6,-0.10814
110.61,-0.11336
110.61,-0.1086
110.61,-0.11239
110.62,-0.10773
110.62,-0.11007
110.62,-0.11477
110.63,-0.10655
110.63,-0.11106
110.63,-0.10887
110.64,-0.10481
110.64,-0.10689
110.64,-0.10954
110.65,-0.11229
110.65,-0.11364
110.65,-0.10914
110.65,-0.10856
110.66,-0.10975
110.66,-0.11226
110.66,-0.10762
110.67,-0.1076
110.67,-0.10415
110.67,-0.10656
110.68,-0.1016
110.68,-0.10857
110.68,-0.1063
110.69,-0.10512
110.69,-0.10806
110.69,-0.10866
110.69,-0.10808
110.7,-0.10898
110.7,-0.1066
110.7,-0.10351
110.71,-0.10612
110.71,-0.10679
110.71,-0.10396
110.72,-0.10353
110.72,-0.1085
110.72,-0.10199
110.73,-0.10345
110.73,-0.10227
110.73,-0.10309
110.74,-0.10196
110.74,-0.10224
110.74,-0.10375
110.74,-0.10729
110.75,-0.10456
110.75,-0.099036
110.75,-0.096873
110.76,-0.10098
110.76,-0.099095
110.76,-0.094296
110.77,-0.099258
110.77,-0.10018
110.77,-0.099821
110.78,-0.099619
110.78,-0.093659
110.78,-0.099338
110.78,-0.097356
110.79,-0.095429
110.79,-0.094852
110.79,-0.090559
110.8,-0.094632
110.8,-0.094364
110.8,-0.096329
110.81,-0.097247
110.81,-0.090437
110.81,-0.089991
110.82,-0.091921
110.82,-0.092164
110.82,-0.093541
110.83,-0.092623
110.83,-0.087665
110.83,-0.089323
110.83,-0.087511
110.84,-0.089883
110.84,-0.093637
110.84,-0.089037
110.85,-0.089808
110.85,-0.084878
110.85,-0.089742
110.86,-0.087714
110.86,-0.085139
110.86,-0.083265
110.87,-0.086139
110.87,-0.080786
110.87,-0.085945
110.88,-0.082873
110.88,-0.086262
110.88,-0.084989
110.88,-0.083766
110.89,-0.073217
110.89,-0.076772
110.89,-0.085441
110.9,-0.078555
110.9,-0.079947
110.9,-0.075225
110.91,-0.079084
110.91,-0.077777
110.91,-0.076189
110.92,-0.076652
110.92,-0.076367
110.92,-0.072561
110.92,-0.07641
110.93,-0.071792
110.93,-0.073381
110.93,-0.074575
110.94,-0.075856
110.94,-0.071447
110.94,-0.067776
110.95,-0.073122
110.95,-0.070574
110.95,-0.070994
110.96,-0.067628
110.96,-0.066014
110.96,-0.066002
110.97,-0.064988
110.97,-0.066642
110.97,-0.06599
110.97,-0.068013
110.98,-0.065892
110.98,-0.065204
110.98,-0.069518
110.99,-0.05783
110.99,-0.062767
110.99,-0.057853
111,-0.061531
111,-0.063374
111,-0.058002
111.01,-0.060706
111.01,-0.057557
111.01,-0.059898
111.01,-0.059084
111.02,-0.057574
111.02,-0.056859
111.02,-0.055118
111.03,-0.053825
111.03,-0.056389
111.03,-0.056531
111.04,-0.061096
111.04,-0.051566
111.04,-0.055185
111.05,-0.051737
111.05,-0.053467
111.05,-0.050377
111.06,-0.052155
111.06,-0.052518
111.06,-0.051472
111.06,-0.050238
111.07,-0.051933
111.07,-0.046198
111.07,-0.050421
111.08,-0.048848
111.08,-0.044586
111.08,-0.050523
111.09,-0.047914
111.09,-0.045362
111.09,-0.049318
111.1,-0.05087
111.1,-0.043909
111.1,-0.046623
111.1,-0.044455
111.11,-0.042682
111.11,-0.045797
111.11,-0.042375
111.12,-0.046041
111.12,-0.044786
111.12,-0.041907
111.13,-0.041214
111.13,-0.045551
111.13,-0.045412
111.14,-0.03984
111.14,-0.040585
111.14,-0.041111
111.15,-0.037696
111.15,-0.039666
111.15,-0.04437
111.15,-0.035227
111.16,-0.040183
111.16,-0.040744
111.16,-0.040256
111.17,-0.035123
111.17,-0.039871
111.17,-0.038017
111.18,-0.04499
111.18,-0.040349
111.18,-0.038946
111.19,-0.036024
111.19,-0.030156
111.19,-0.039276
111.19,-0.042502
111.2,-0.041149
111.2,-0.038464
111.2,-0.036371
111.21,-0.039417
111.21,-0.034722
111.21,-0.034181
111.22,-0.041395
111.22,-0.037672
111.22,-0.039287
111.23,-0.03862
111.23,-0.035222
111.23,-0.039873
111.24,-0.037527
111.24,-0.03519
111.24,-0.039612
111.24,-0.041475
111.25,-0.04015
111.25,-0.041289
111.25,-0.040013
111.26,-0.038921
111.26,-0.034241
111.26,-0.041222
111.27,-0.04015
111.27,-0.040209
111.27,-0.03821
111.28,-0.038794
111.28,-0.040538
111.28,-0.038605
111.28,-0.03981
111.29,-0.039205
111.29,-0.042323
111.29,-0.0419
111.3,-0.049756
111.3,-0.041901
111.3,-0.043101
111.31,-0.045151
111.31,-0.044376
111.31,-0.044122
111.32,-0.044784
111.32,-0.046402
111.32,-0.049022
111.33,-0.04642
111.33,-0.048686
111.33,-0.046292
111.33,-0.050436
111.34,-0.052048
111.34,-0.046778
111.34,-0.049763
111.35,-0.047247
111.35,-0.051018
111.35,-0.050763
111.36,-0.05488
111.36,-0.049847
111.36,-0.054778
111.37,-0.056216
111.37,-0.056856
111.37,-0.051468
111.37,-0.057011
111.38,-0.055499
111.38,-0.055697
111.38,-0.05613
111.39,-0.059413
111.39,-0.063156
111.39,-0.060378
111.4,-0.059482
111.4,-0.061637
111.4,-0.059653
111.41,-0.06271
111.41,-0.064904
111.41,-0.064651
111.42,-0.067257
111.42,-0.064912
111.42,-0.067831
111.42,-0.069573
111.43,-0.069918
111.43,-0.06238
111.43,-0.074664
111.44,-0.070507
111.44,-0.069864
111.44,-0.075488
111.45,-0.074329
111.45,-0.077414
111.45,-0.074762
111.46,-0.073251
111.46,-0.077874
111.46,-0.078442
111.46,-0.079975
111.47,-0.083754
111.47,-0.080566
111.47,-0.079333
111.48,-0.08137
111.48,-0.085144
111.48,-0.078959
111.49,-0.083883
111.49,-0.085637
111.49,-0.081733
111.5,-0.08689
111.5,-0.084479
111.5,-0.088406
111.51,-0.087694
111.51,-0.091849
111.51,-0.091082
111.51,-0.093138
111.52,-0.090564
111.52,-0.092237
111.52,-0.091711
111.53,-0.092065
111.53,-0.098034
111.53,-0.096191
111.54,-0.092457
111.54,-0.094917
111.54,-0.10121
111.55,-0.10086
111.55,-0.093494
111.55,-0.10157
111.56,-0.099072
111.56,-0.10135
111.56,-0.10015
111.56,-0.1028
111.57,-0.10277
111.57,-0.10006
111.57,-0.10407
111.58,-0.10121
111.58,-0.10408
111.58,-0.10189
111.59,-0.10813
111.59,-0.10315
111.59,-0.10362
111.6,-0.10759
111.6,-0.10787
111.6,-0.10398
111.6,-0.11099
111.61,-0.10948
111.61,-0.10336
111.61,-0.1059
111.62,-0.10795
111.62,-0.10603
111.62,-0.10958
111.63,-0.10683
111.63,-0.10626
111.63,-0.11206
111.64,-0.11244
111.64,-0.10775
111.64,-0.10659
111.65,-0.10858
111.65,-0.10773
111.65,-0.11041
111.65,-0.10665
111.66,-0.11167
111.66,-0.11427
111.66,-0.10724
111.67,-0.10719
111.67,-0.10664
111.67,-0.1123
111.68,-0.11277
111.68,-0.10932
111.68,-0.10739
111.69,-0.10986
111.69,-0.10882
111.69,-0.10514
111.69,-0.10785
111.7,-0.10647
111.7,-0.10513
111.7,-0.10556
111.71,-0.11501
111.71,-0.10469
111.71,-0.10619
111.72,-0.10838
111.72,-0.10807
111.72,-0.10404
111.73,-0.10318
111.73,-0.10345
111.73,-0.099294
111.74,-0.099507
111.74,-0.10374
111.74,-0.099522
111.74,-0.099126
111.75,-0.1022
111.75,-0.10344
111.75,-0.10143
111.76,-0.10222
111.76,-0.098609
111.76,-0.098079
111.77,-0.097514
111.77,-0.09473
111.77,-0.095248
111.78,-0.094508
111.78,-0.095057
111.78,-0.097481
111.78,-0.096674
111.79,-0.092145
111.79,-0.092188
111.79,-0.094153
111.8,-0.092775
111.8,-0.092739
111.8,-0.089934
111.81,-0.089511
111.81,-0.091235
111.81,-0.088919
111.82,-0.087512
111.82,-0.088833
111.82,-0.084407
111.83,-0.081308
111.83,-0.080703
111.83,-0.085259
111.83,-0.084916
111.84,-0.080188
111.84,-0.084122
111.84,-0.0791
111.85,-0.075839
111.85,-0.080472
111.85,-0.072386
111.86,-0.078903
111.86,-0.07684
111.86,-0.074309
111.87,-0.077105
111.87,-0.072854
111.87,-0.076045
111.87,-0.074594
111.88,-0.067587
111.88,-0.071647
111.88,-0.066171
111.89,-0.068196
111.89,-0.068139
111.89,-0.072597
111.9,-0.068021
111.9,-0.067506
111.9,-0.070284
111.91,-0.0671
111.91,-0.06434
111.91,-0.062592
111.92,-0.061677
111.92,-0.063902
111.92,-0.064221
111.92,-0.063518
111.93,-0.058188
111.93,-0.059844
111.93,-0.056629
111.94,-0.060749
111.94,-0.057654
111.94,-0.060688
111.95,-0.058564
111.95,-0.060932
111.95,-0.060183
111.96,-0.057163
111.96,-0.059664
111.96,-0.05472
111.96,-0.055218
111.97,-0.049292
111.97,-0.050042
111.97,-0.054503
111.98,-0.055967
111.98,-0.049736
111.98,-0.050089
111.99,-0.047476
111.99,-0.053512
111.99,-0.050121
112,-0.052735
112,-0.054242
112,-0.048134
112.01,-0.045191
112.01,-0.045952
112.01,-0.051753
112.01,-0.050617
112.02,-0.050581
112.02,-0.050757
112.02,-0.04788
112.03,-0.048392
112.03,-0.051118
112.03,-0.049004
112.04,-0.046234
112.04,-0.046932
112.04,-0.044374
112.05,-0.04467
112.05,-0.042865
112.05,-0.051051
112.05,-0.047666
112.06,-0.043181
112.06,-0.04719
112.06,-0.047639
112.07,-0.04715
112.07,-0.049821
112.07,-0.046262
112.08,-0.043821
112.08,-0.04736
112.08,-0.04832
112.09,-0.048461
112.09,-0.046112
112.09,-0.045099
112.1,-0.048936
112.1,-0.048476
112.1,-0.047523
112.1,-0.043088
112.11,-0.047171
112.11,-0.048659
112.11,-0.050974
112.12,-0.049483
112.12,-0.048419
112.12,-0.049238
112.13,-0.049435
112.13,-0.050341
112.13,-0.04989
112.14,-0.051676
112.14,-0.051181
112.14,-0.04517
112.15,-0.05103
112.15,-0.050753
112.15,-0.054351
112.15,-0.054807
112.16,-0.050017
112.16,-0.050276
112.16,-0.051342
112.17,-0.05428
112.17,-0.053233
112.17,-0.053841
112.18,-0.054244
112.18,-0.056542
112.18,-0.054353
112.19,-0.058075
112.19,-0.049139
112.19,-0.051431
112.19,-0.056143
112.2,-0.053841
112.2,-0.053824
112.2,-0.055378
112.21,-0.056866
112.21,-0.055164
112.21,-0.055244
112.22,-0.057531
112.22,-0.05678
112.22,-0.057402
112.23,-0.056807
112.23,-0.057585
112.23,-0.05872
112.24,-0.056047
112.24,-0.054406
112.24,-0.060017
112.24,-0.061434
112.25,-0.055763
112.25,-0.059119
112.25,-0.058091
112.26,-0.058656
112.26,-0.058443
112.26,-0.057529
112.27,-0.053791
112.27,-0.055772
112.27,-0.060904
112.28,-0.057085
112.28,-0.053484
112.28,-0.060598
112.28,-0.059215
112.29,-0.059778
112.29,-0.059895
112.29,-0.059909
112.3,-0.058547
112.3,-0.058431
112.3,-0.057978
112.31,-0.05709
112.31,-0.062005
112.31,-0.059478
112.32,-0.056423
112.32,-0.058853
112.32,-0.060231
112.33,-0.053825
112.33,-0.051684
112.33,-0.056566
112.33,-0.061629
112.34,-0.058405
112.34,-0.05355
112.34,-0.059036
112.35,-0.057467
112.35,-0.051099
112.35,-0.054549
112.36,-0.052485
112.36,-0.054801
112.36,-0.05445
112.37,-0.058033
112.37,-0.052707
112.37,-0.051819
112.37,-0.052747
112.38,-0.050633
112.38,-0.053488
112.38,-0.052959
112.39,-0.048979
112.39,-0.052271
112.39,-0.046307
112.4,-0.049466
112.4,-0.049592
112.4,-0.052456
112.41,-0.04971
112.41,-0.044938
112.41,-0.047733
112.42,-0.046482
112.42,-0.044227
112.42,-0.046766
112.42,-0.046004
112.43,-0.04619
112.43,-0.044428
112.43,-0.041573
112.44,-0.04405
112.44,-0.043075
112.44,-0.041828
112.45,-0.043546
112.45,-0.043821
112.45,-0.040072
112.46,-0.039558
112.46,-0.039708
112.46,-0.042205
112.46,-0.040279
112.47,-0.038431
112.47,-0.035191
112.47,-0.039093
112.48,-0.038673
112.48,-0.03169
112.48,-0.034848
112.49,-0.033925
112.49,-0.031782
112.49,-0.033512
112.5,-0.032085
112.5,-0.033799
112.5,-0.032216
112.51,-0.027076
112.51,-0.029545
112.51,-0.031916
112.51,-0.029907
112.52,-0.028307
112.52,-0.032192
112.52,-0.028096
112.53,-0.025979
112.53,-0.023689
112.53,-0.024372
112.54,-0.02547
112.54,-0.024127
112.54,-0.024559
112.55,-0.023086
112.55,-0.024029
112.55,-0.020629
112.55,-0.025767
112.56,-0.019318
112.56,-0.022426
112.56,-0.016933
112.57,-0.021661
112.57,-0.01671
112.57,-0.027952
112.58,-0.020539
112.58,-0.017469
112.58,-0.016994
112.59,-0.015723
112.59,-0.017637
112.59,-0.016062
112.6,-0.019431
112.6,-0.014072
112.6,-0.016375
112.6,-0.013864
112.61,-0.016775
112.61,-0.013826
112.61,-0.012308
112.62,-0.014227
112.62,-0.014192
112.62,-0.011459
112.63,-0.013288
112.63,-0.011896
112.63,-0.01227
112.64,-0.012529
112.64,-0.011979
112.64,-0.0057942
112.64,-0.011074
112.65,-0.011302
112.65,-0.012266
112.65,-0.010618
112.66,-0.010211
112.66,-0.011318
112.66,-0.011516
112.67,-0.0098974
112.67,-0.0042259
112.67,-0.011623
112.68,-0.0089607
112.68,-0.0093468
112.68,-0.012124
112.69,-0.0093587
112.69,-0.01197
112.69,-0.0065153
112.69,-0.0083456
112.7,-0.0099567
112.7,-0.0090726
112.7,-0.0077637
112.71,-0.010709
112.71,-0.0071823
112.71,-0.011822
112.72,-0.0094072
112.72,-0.011017
112.72,-0.014377
112.73,-0.011069
112.73,-0.01404
112.73,-0.011297
112.74,-0.0097488
112.74,-0.0082834
112.74,-0.01217
112.74,-0.012758
112.75,-0.015099
112.75,-0.007707
112.75,-0.011228
112.76,-0.013858
112.76,-0.01257
112.76,-0.01165
112.77,-0.015314
112.77,-0.0087893
112.77,-0.011133
112.78,-0.012509
112.78,-0.014115
112.78,-0.01335
112.78,-0.015892
112.79,-0.015645
112.79,-0.015586
112.79,-0.013706
112.8,-0.016396
112.8,-0.014043
112.8,-0.015948
112.81,-0.015565
112.81,-0.017288
112.81,-0.018301
112.82,-0.016824
112.82,-0.02015
112.82,-0.018393
112.83,-0.018228
112.83,-0.018145
112.83,-0.019575
112.83,-0.01735
112.84,-0.020835
112.84,-0.019451
112.84,-0.021179
112.85,-0.019615
112.85,-0.02353
112.85,-0.02089
112.86,-0.024876
112.86,-0.025857
112.86,-0.022123
112.87,-0.021127
112.87,-0.027545
112.87,-0.024684
112.87,-0.024802
112.88,-0.026671
112.88,-0.026989
112.88,-0.030354
112.89,-0.023421
112.89,-0.026099
112.89,-0.024513
112.9,-0.027949
112.9,-0.032303
112.9,-0.030723
112.91,-0.027487
112.91,-0.030081
112.91,-0.035419
112.92,-0.029969
112.92,-0.033038
112.92,-0.033925
112.92,-0.03369
112.93,-0.038265
112.93,-0.034019
112.93,-0.035879
112.94,-0.036119
112.94,-0.036993
112.94,-0.040436
112.95,-0.037764
112.95,-0.038314
112.95,-0.042636
112.96,-0.039335
112.96,-0.040563
112.96,-0.038275
112.96,-0.040347
112.97,-0.044946
112.97,-0.047876
112.97,-0.040969
112.98,-0.041381
112.98,-0.045889
112.98,-0.044568
112.99,-0.047045
112.99,-0.045662
112.99,-0.044054
113,-0.046051
113,-0.048153
113,-0.050664
113.01,-0.04785
113.01,-0.048469
113.01,-0.051407
113.01,-0.051798
113.02,-0.049747
113.02,-0.051431
113.02,-0.054479
113.03,-0.056092
113.03,-0.053027
113.03,-0.054724
113.04,-0.057557
113.04,-0.053772
113.04,-0.056317
113.05,-0.05851
113.05,-0.057182
113.05,-0.059271
113.05,-0.060787
113.06,-0.057468
113.06,-0.056909
113.06,-0.059282
113.07,-0.059708
113.07,-0.065348
113.07,-0.060484
113.08,-0.061203
113.08,-0.062658
113.08,-0.0641
113.09,-0.065347
113.09,-0.0698
113.09,-0.067804
113.1,-0.065754
113.1,-0.06735
113.1,-0.073163
113.1,-0.069635
113.11,-0.066192
113.11,-0.070911
113.11,-0.069768
113.12,-0.071916
113.12,-0.072599
113.12,-0.068848
113.13,-0.073787
113.13,-0.071608
113.13,-0.071786
113.14,-0.074749
113.14,-0.076229
113.14,-0.07371
113.14,-0.07557
113.15,-0.073339
113.15,-0.078972
113.15,-0.07586
113.16,-0.076283
113.16,-0.0763
113.16,-0.076997
113.17,-0.080064
113.17,-0.073841
113.17,-0.080719
113.18,-0.077161
113.18,-0.077992
113.18,-0.078724
113.19,-0.077622
113.19,-0.082119
113.19,-0.080333
113.19,-0.084316
113.2,-0.079325
113.2,-0.084505
113.2,-0.080398
113.21,-0.086615
113.21,-0.085987
113.21,-0.084652
113.22,-0.08182
113.22,-0.084019
113.22,-0.086393
113.23,-0.083481
113.23,-0.091393
113.23,-0.085098
113.23,-0.089063
113.24,-0.085991
113.24,-0.088591
113.24,-0.085026
113.25,-0.084676
113.25,-0.087137
113.25,-0.088198
113.26,-0.088606
113.26,-0.091155
113.26,-0.092225
113.27,-0.09171
113.27,-0.091007
113.27,-0.091374
113.28,-0.092367
113.28,-0.090277
113.28,-0.090812
113.28,-0.092046
113.29,-0.096219
113.29,-0.090935
113.29,-0.092454
113.3,-0.094119
113.3,-0.091995
113.3,-0.094318
113.31,-0.097185
113.31,-0.096469
113.31,-0.095899
113.32,-0.09697
113.32,-0.093618
113.32,-0.097025
113.33,-0.096716
113.33,-0.098172
113.33,-0.096349
113.33,-0.099188
113.34,-0.096605
113.34,-0.096871
113.34,-0.097807
113.35,-0.099936
113.35,-0.09716
113.35,-0.10189
113.36,-0.10041
113.36,-0.10139
113.36,-0.1021
113.37,-0.1027
113.37,-0.099098
113.37,-0.10087
113.37,-0.1008
113.38,-0.10099
113.38,-0.10318
113.38,-0.10551
113.39,-0.1047
113.39,-0.10167
113.39,-0.10199
113.4,-0.1051
113.4,-0.10041
113.4,-0.10295
113.41,-0.10268
113.41,-0.1013
113.41,-0.10197
113.42,-0.10543
113.42,-0.1062
113.42,-0.10388
113.42,-0.10129
113.43,-0.10424
113.43,-0.10519
113.43,-0.10171
113.44,-0.1054
113.44,-0.10336
113.44,-0.1061
113.45,-0.10311
113.45,-0.10394
113.45,-0.10504
113.46,-0.10565
113.46,-0.10573
113.46,-0.10429
113.46,-0.099385
113.47,-0.10537
113.47,-0.10381
113.47,-0.10413
113.48,-0.10459
113.48,-0.10507
113.48,-0.10215
113.49,-0.10612
113.49,-0.09993
113.49,-0.10606
113.5,-0.10674
113.5,-0.10575
113.5,-0.10079
113.51,-0.1047
113.51,-0.10276
113.51,-0.10502
113.51,-0.10183
113.52,-0.10253
113.52,-0.10566
113.52,-0.10551
113.53,-0.10515
113.53,-0.10274
113.53,-0.1063
113.54,-0.10591
113.54,-0.105
113.54,-0.10386
113.55,-0.10326
113.55,-0.10108
113.55,-0.10346
113.55,-0.10339
113.56,-0.10341
113.56,-0.10239
113.56,-0.10282
113.57,-0.10418
113.57,-0.10033
113.57,-0.10334
113.58,-0.10269
113.58,-0.099525
113.58,-0.10173
113.59,-0.097659
113.59,-0.10333
113.59,-0.10326
113.6,-0.099178
113.6,-0.10107
113.6,-0.099847
113.6,-0.09932
113.61,-0.099393
113.61,-0.098442
113.61,-0.098943
113.62,-0.098689
113.62,-0.097885
113.62,-0.098458
113.63,-0.097904
113.63,-0.095318
113.63,-0.098515
113.64,-0.094691
113.64,-0.094609
113.64,-0.095516
113.64,-0.09697
113.65,-0.094339
113.65,-0.092036
113.65,-0.096468
113.66,-0.095454
113.66,-0.091733
113.66,-0.093662
113.67,-0.090433
113.67,-0.092109
113.67,-0.093325
113.68,-0.091818
113.68,-0.092426
113.68,-0.093025
113.69,-0.092709
113.69,-0.092755
113.69,-0.090069
113.69,-0.086795
113.7,-0.090677
113.7,-0.089267
113.7,-0.088869
113.71,-0.08662
113.71,-0.086602
113.71,-0.088736
113.72,-0.088948
113.72,-0.08839
113.72,-0.087027
113.73,-0.087145
113.73,-0.085294
113.73,-0.082041
113.73,-0.087234
113.74,-0.082815
113.74,-0.083624
113.74,-0.084607
113.75,-0.083744
113.75,-0.081412
113.75,-0.084561
113.76,-0.084174
113.76,-0.078363
113.76,-0.0778
113.77,-0.08094
113.77,-0.07968
113.77,-0.078083
113.78,-0.07999
113.78,-0.077667
113.78,-0.078858
113.78,-0.079107
113.79,-0.077282
113.79,-0.077175
113.79,-0.072362
113.8,-0.074398
113.8,-0.077614
113.8,-0.074231
113.81,-0.073628
113.81,-0.072512
113.81,-0.075653
113.82,-0.072327
113.82,-0.07154
113.82,-0.071598
113.82,-0.070793
113.83,-0.06688
113.83,-0.068259
113.83,-0.069055
113.84,-0.071326
113.84,-0.069193
113.84,-0.068738
113.85,-0.068216
113.85,-0.067189
113.85,-0.066303
113.86,-0.068246
113.86,-0.066295
113.86,-0.067821
113.87,-0.064339
113.87,-0.064393
113.87,-0.062626
113.87,-0.064581
113.88,-0.064872
113.88,-0.062279
113.88,-0.062702
113.89,-0.059858
113.89,-0.063292
113.89,-0.061493
113.9,-0.061365
113.9,-0.060711
113.9,-0.05866
113.91,-0.058972
113.91,-0.060178
113.91,-0.055658
113.92,-0.056088
113.92,-0.057943
113.92,-0.059196
113.92,-0.057331
113.93,-0.05448
113.93,-0.054699
113.93,-0.055529
113.94,-0.054267
113.94,-0.053735
113.94,-0.053205
113.95,-0.053897
113.95,-0.050991
113.95,-0.051004
113.96,-0.050614
113.96,-0.051541
113.96,-0.049923
113.96,-0.050633
113.97,-0.049298
113.97,-0.049275
113.97,-0.050113
113.98,-0.049993
113.98,-0.046619
113.98,-0.048324
113.99,-0.048558
113.99,-0.048218
113.99,-0.046272
114,-0.046322
114,-0.043804
114,-0.044966
114.01,-0.045448
114.01,-0.044804
114.01,-0.046588
114.01,-0.045978
114.02,-0.044221
114.02,-0.043194
114.02,-0.042886
114.03,-0.043664
114.03,-0.042231
114.03,-0.043157
114.04,-0.041797
114.04,-0.041767
114.04,-0.042743
114.05,-0.042458
114.05,-0.042624
114.05,-0.041344
114.05,-0.039395
114.06,-0.039874
114.06,-0.041654
114.06,-0.038884
114.07,-0.040471
114.07,-0.03746
114.07,-0.04179
114.08,-0.038219
114.08,-0.040336
114.08,-0.040299
114.09,-0.036366
114.09,-0.039696
114.09,-0.039386
114.1,-0.038267
114.1,-0.035936
114.1,-0.038593
114.1,-0.03659
114.11,-0.038128
114.11,-0.036925
114.11,-0.038074
114.12,-0.035233
114.12,-0.037528
114.12,-0.037364
114.13,-0.036444
114.13,-0.036759
114.13,-0.037777
114.14,-0.037392
114.14,-0.038286
114.14,-0.035889
114.14,-0.036111
114.15,-0.035934
114.15,-0.037633
114.15,-0.036272
114.16,-0.03744
114.16,-0.037238
114.16,-0.037404
114.17,-0.035374
114.17,-0.038297
114.17,-0.036807
114.18,-0.039533
114.18,-0.037078
114.18,-0.040365
114.19,-0.034654
114.19,-0.038482
114.19,-0.036748
114.19,-0.038078
114.2,-0.038016
114.2,-0.039904
114.2,-0.038051
114.21,-0.03771
114.21,-0.03867
114.21,-0.037631
114.22,-0.038456
114.22,-0.038475
114.22,-0.039785
114.23,-0.040776
114.23,-0.039816
114.23,-0.039869
114.23,-0.040053
114.24,-0.039435
114.24,-0.039486
114.24,-0.039734
114.25,-0.041442
114.25,-0.042116
114.25,-0.041265
114.26,-0.042351
114.26,-0.04193
114.26,-0.042121
114.27,-0.041811
114.27,-0.042286
114.27,-0.042136
114.28,-0.04245
114.28,-0.042815
114.28,-0.044358
114.28,-0.044435
114.29,-0.048975
114.29,-0.05779
114.29,-0.064675
114.3,-0.031051
114.3,-0.062113
114.3,0
114.31,0
114.31,0
114.31,0
114.32,-0.047383
114.32,-0.013759
114.32,0
114.32,0
114.33,0
114.33,0
114.33,0
114.34,0
114.34,0
114.34,0
114.35,0.0083372
114.35,-0.050265
114.35,0
114.36,0
114.36,0
114.36,0
114.37,-0.031051
114.37,0
114.37,0
114.37,-0.037456
114.38,0
114.38,0
114.38,-0.047703
114.39,0
114.39,0
114.39,0
114.4,-0.10086
114.4,0
114.4,0
114.41,0
114.41,-0.095738
114.41,0
114.41,-0.088372
114.42,0
114.42,-0.07204
114.42,0
114.43,0
114.43,0
114.43,-0.087412
114.44,-0.032012
114.44,0
114.44,0
114.45,0
114.45,-0.052186
114.45,0
