6.5413e-12	2.0152
6.5607e-12	2.042
6.58e-12	2.066
6.5993e-12	2.0954
6.6187e-12	2.1177
6.638e-12	2.1396
6.6573e-12	2.1641
6.6767e-12	2.2097
6.696e-12	2.2591
6.7153e-12	2.3016
6.7347e-12	2.322
6.754e-12	2.3365
6.7733e-12	2.3683
6.7927e-12	2.4148
6.812e-12	2.4616
6.8313e-12	2.4811
6.8507e-12	2.4904
6.87e-12	2.5044
6.8893e-12	2.5471
6.9087e-12	2.6006
6.928e-12	2.6427
6.9473e-12	2.6654
6.9667e-12	2.6764
6.986e-12	2.6959
7.0053e-12	2.7458
7.0247e-12	2.809
7.044e-12	2.8706
7.0633e-12	2.8976
7.0827e-12	2.9266
7.102e-12	2.962
7.1213e-12	2.9961
7.1407e-12	3.0237
7.16e-12	3.0615
7.1793e-12	3.1093
7.1987e-12	3.1417
7.218e-12	3.1805
7.2373e-12	3.2274
7.2567e-12	3.2908
7.276e-12	3.3393
7.2953e-12	3.3799
7.3147e-12	3.4283
7.334e-12	3.4935
7.3533e-12	3.5625
7.3727e-12	3.6051
7.392e-12	3.6378
7.4113e-12	3.6642
7.4307e-12	3.7251
7.45e-12	3.8
7.4693e-12	3.8791
7.4887e-12	3.9381
7.508e-12	3.9885
7.5273e-12	4.036
7.5467e-12	4.0829
7.566e-12	4.1237
7.5853e-12	4.1883
7.6047e-12	4.2545
7.624e-12	4.323
7.6433e-12	4.3945
7.6627e-12	4.4936
7.682e-12	4.5861
7.7013e-12	4.6632
7.7207e-12	4.6987
7.74e-12	4.7731
7.7593e-12	4.8522
7.7787e-12	4.9233
7.798e-12	4.9665
7.8173e-12	5.0176
7.8367e-12	5.0913
7.856e-12	5.1831
7.8753e-12	5.3042
7.8947e-12	5.4136
7.914e-12	5.5074
7.9333e-12	5.5498
7.9527e-12	5.5889
7.972e-12	5.6481
7.9913e-12	5.737
8.0107e-12	5.8393
8.03e-12	5.926
8.0493e-12	6.0033
8.0687e-12	6.0834
8.088e-12	6.2044
8.1073e-12	6.2866
8.1267e-12	6.3491
8.146e-12	6.3825
8.1653e-12	6.4118
8.1847e-12	6.4383
8.204e-12	6.4946
8.2233e-12	6.5718
8.2427e-12	6.6526
8.262e-12	6.6937
8.2813e-12	6.7323
8.3007e-12	6.7801
8.32e-12	6.847
8.3393e-12	6.9183
8.3587e-12	6.9805
8.378e-12	7.0313
8.3973e-12	7.0785
8.4167e-12	7.1494
8.436e-12	7.226
8.4553e-12	7.3002
8.4747e-12	7.3581
8.494e-12	7.4087
8.5133e-12	7.4504
8.5327e-12	7.4887
8.552e-12	7.5431
8.5713e-12	7.6072
8.5907e-12	7.6704
8.61e-12	7.7137
8.6293e-12	7.7505
8.6487e-12	7.7881
8.668e-12	7.8246
8.6873e-12	7.8565
8.7067e-12	7.9163
8.726e-12	8.0086
8.7453e-12	8.1114
8.7647e-12	8.1913
8.784e-12	8.2614
8.8033e-12	8.3339
8.8227e-12	8.411
8.842e-12	8.482
8.8613e-12	8.5604
8.8807e-12	8.6488
8.9e-12	8.7435
8.9193e-12	8.8327
8.9387e-12	8.9094
8.958e-12	8.9812
8.9773e-12	9.0477
8.9967e-12	9.1142
9.016e-12	9.1773
9.0353e-12	9.245
9.0547e-12	9.3209
9.074e-12	9.4093
9.0933e-12	9.4693
9.1127e-12	9.5175
9.132e-12	9.5538
9.1513e-12	9.6238
9.1707e-12	9.7013
9.19e-12	9.769
9.2093e-12	9.8072
9.2287e-12	9.8209
9.248e-12	9.8597
9.2673e-12	9.9149
9.2867e-12	9.9777
9.306e-12	10.03
9.3253e-12	10.084
9.3447e-12	10.131
9.364e-12	10.151
9.3833e-12	10.163
9.4027e-12	10.187
9.422e-12	10.222
9.4413e-12	10.245
9.4607e-12	10.262
9.48e-12	10.289
9.4993e-12	10.34
9.5187e-12	10.389
9.538e-12	10.405
9.5573e-12	10.389
9.5767e-12	10.36
9.596e-12	10.344
9.6153e-12	10.368
9.6347e-12	10.401
9.654e-12	10.429
9.6733e-12	10.416
9.6927e-12	10.402
9.712e-12	10.409
9.7313e-12	10.445
9.7507e-12	10.506
9.77e-12	10.513
9.7893e-12	10.492
9.8087e-12	10.441
9.828e-12	10.502
9.8473e-12	10.578
9.8667e-12	10.643
9.886e-12	10.659
9.9053e-12	10.69
9.9247e-12	10.75
9.944e-12	10.825
9.9633e-12	10.879
9.9827e-12	10.91
1.0002e-11	10.941
1.0021e-11	10.988
1.0041e-11	11.061
1.006e-11	11.134
1.0079e-11	11.193
1.0099e-11	11.239
1.0118e-11	11.305
1.0137e-11	11.403
1.0157e-11	11.5
1.0176e-11	11.578
1.0195e-11	11.641
1.0215e-11	11.713
1.0234e-11	11.811
1.0253e-11	11.929
1.0273e-11	12.06
1.0292e-11	12.175
1.0311e-11	12.278
1.0331e-11	12.359
1.035e-11	12.448
1.0369e-11	12.547
1.0389e-11	12.655
1.0408e-11	12.762
1.0427e-11	12.871
1.0447e-11	12.975
1.0466e-11	13.077
1.0485e-11	13.194
1.0505e-11	13.315
1.0524e-11	13.421
1.0543e-11	13.505
1.0563e-11	13.59
1.0582e-11	13.679
1.0601e-11	13.766
1.0621e-11	13.851
1.064e-11	13.921
1.0659e-11	13.969
1.0679e-11	14.026
1.0698e-11	14.11
1.0717e-11	14.211
1.0737e-11	14.281
1.0756e-11	14.313
1.0775e-11	14.327
1.0795e-11	14.383
1.0814e-11	14.468
1.0833e-11	14.547
1.0853e-11	14.585
1.0872e-11	14.624
1.0891e-11	14.682
1.0911e-11	14.743
1.093e-11	14.789
1.0949e-11	14.815
1.0969e-11	14.827
1.0988e-11	14.84
1.1007e-11	14.873
1.1027e-11	14.935
1.1046e-11	14.982
1.1065e-11	15.011
1.1085e-11	15.037
1.1104e-11	15.078
1.1123e-11	15.118
1.1143e-11	15.152
1.1162e-11	15.162
1.1181e-11	15.188
1.1201e-11	15.224
1.122e-11	15.27
1.1239e-11	15.304
1.1259e-11	15.345
1.1278e-11	15.39
1.1297e-11	15.436
1.1317e-11	15.491
1.1336e-11	15.576
1.1355e-11	15.654
1.1375e-11	15.703
1.1394e-11	15.725
1.1413e-11	15.763
1.1433e-11	15.824
1.1452e-11	15.903
1.1471e-11	15.974
1.1491e-11	16.042
1.151e-11	16.113
1.1529e-11	16.196
1.1549e-11	16.276
1.1568e-11	16.357
1.1587e-11	16.426
1.1607e-11	16.476
1.1626e-11	16.526
1.1645e-11	16.605
1.1665e-11	16.694
1.1684e-11	16.779
1.1703e-11	16.844
1.1723e-11	16.9
1.1742e-11	16.954
1.1761e-11	17.025
1.1781e-11	17.106
1.18e-11	17.163
1.1819e-11	17.201
1.1839e-11	17.207
1.1858e-11	17.234
1.1877e-11	17.271
1.1897e-11	17.308
1.1916e-11	17.308
1.1935e-11	17.291
1.1955e-11	17.278
1.1974e-11	17.274
1.1993e-11	17.276
1.2013e-11	17.276
1.2032e-11	17.266
1.2051e-11	17.232
1.2071e-11	17.189
1.209e-11	17.158
1.2109e-11	17.116
1.2129e-11	17.059
1.2148e-11	16.958
1.2167e-11	16.87
1.2187e-11	16.786
1.2206e-11	16.702
1.2225e-11	16.579
1.2245e-11	16.432
1.2264e-11	16.273
1.2283e-11	16.124
1.2303e-11	16.016
1.2322e-11	15.884
1.2341e-11	15.726
1.2361e-11	15.501
1.238e-11	15.27
1.2399e-11	15.058
1.2419e-11	14.863
1.2438e-11	14.66
1.2457e-11	14.415
1.2477e-11	14.163
1.2496e-11	13.914
1.2515e-11	13.688
1.2535e-11	13.433
1.2554e-11	13.158
1.2573e-11	12.854
1.2593e-11	12.539
1.2612e-11	12.234
1.2631e-11	11.941
1.2651e-11	11.652
1.267e-11	11.34
1.2689e-11	10.996
1.2709e-11	10.643
1.2728e-11	10.279
1.2747e-11	9.9161
1.2767e-11	9.5377
1.2786e-11	9.1297
1.2805e-11	8.7035
1.2825e-11	8.2705
1.2844e-11	7.8287
1.2863e-11	7.3797
1.2883e-11	6.9092
1.2902e-11	6.411
1.2921e-11	5.8983
1.2941e-11	5.3743
1.296e-11	4.8487
1.2979e-11	4.2753
1.2999e-11	3.662
1.3018e-11	3.0403
1.3037e-11	2.417
1.3057e-11	1.7878
1.3076e-11	1.1373
1.3095e-11	0.44625
1.3115e-11	-0.27925
1.3134e-11	-1.0437
1.3153e-11	-1.849
1.3173e-11	-2.6683
1.3192e-11	-3.5051
1.3211e-11	-4.3616
1.3231e-11	-5.2324
1.325e-11	-6.1234
1.3269e-11	-7.0222
1.3289e-11	-7.9506
1.3308e-11	-8.9274
1.3327e-11	-9.9302
1.3347e-11	-10.977
1.3366e-11	-12.018
1.3385e-11	-13.06
1.3405e-11	-14.128
1.3424e-11	-15.249
1.3443e-11	-16.416
1.3463e-11	-17.608
1.3482e-11	-18.806
1.3501e-11	-20.021
1.3521e-11	-21.302
1.354e-11	-22.613
1.3559e-11	-23.969
1.3579e-11	-25.325
1.3598e-11	-26.693
1.3617e-11	-28.109
1.3637e-11	-29.558
1.3656e-11	-31.079
1.3675e-11	-32.645
1.3695e-11	-34.223
1.3714e-11	-35.826
1.3733e-11	-37.494
1.3753e-11	-39.222
1.3772e-11	-41.002
1.3791e-11	-42.796
1.3811e-11	-44.644
1.383e-11	-46.567
1.3849e-11	-48.523
1.3869e-11	-50.535
1.3888e-11	-52.578
1.3907e-11	-54.634
1.3927e-11	-56.746
1.3946e-11	-58.919
1.3965e-11	-61.194
1.3985e-11	-63.53
1.4004e-11	-65.891
1.4023e-11	-68.305
1.4043e-11	-70.814
1.4062e-11	-73.381
1.4081e-11	-76.038
1.4101e-11	-78.745
1.412e-11	-81.51
1.4139e-11	-84.348
1.4159e-11	-87.228
1.4178e-11	-90.213
1.4197e-11	-93.315
1.4217e-11	-96.447
1.4236e-11	-99.65
1.4255e-11	-102.92
1.4275e-11	-106.31
1.4294e-11	-109.81
1.4313e-11	-113.35
1.4333e-11	-116.95
1.4352e-11	-120.7
1.4371e-11	-124.5
1.4391e-11	-128.42
1.441e-11	-132.39
1.4429e-11	-136.45
1.4449e-11	-140.66
1.4468e-11	-144.94
1.4487e-11	-149.4
1.4507e-11	-153.95
1.4526e-11	-158.56
1.4545e-11	-163.29
1.4565e-11	-168.16
1.4584e-11	-173.18
1.4603e-11	-178.36
1.4623e-11	-183.62
1.4642e-11	-188.99
1.4661e-11	-194.54
1.4681e-11	-200.19
1.47e-11	-206.06
1.4719e-11	-212.09
1.4739e-11	-218.25
1.4758e-11	-224.58
1.4777e-11	-231
1.4797e-11	-237.68
1.4816e-11	-244.63
1.4835e-11	-251.68
1.4855e-11	-258.95
1.4874e-11	-266.4
1.4893e-11	-274.06
1.4913e-11	-282.02
1.4932e-11	-290.18
1.4951e-11	-298.63
1.4971e-11	-307.35
1.499e-11	-316.22
1.5009e-11	-325.43
1.5029e-11	-335.02
1.5048e-11	-344.83
1.5067e-11	-354.95
1.5087e-11	-365.27
1.5106e-11	-375.98
1.5125e-11	-387.09
1.5145e-11	-398.42
1.5164e-11	-410.17
1.5183e-11	-422.38
1.5203e-11	-434.84
1.5222e-11	-447.71
1.5241e-11	-460.87
1.5261e-11	-474.54
1.528e-11	-488.73
1.5299e-11	-503.17
1.5319e-11	-518.06
1.5338e-11	-533.44
1.5357e-11	-549.12
1.5377e-11	-565.32
1.5396e-11	-581.89
1.5415e-11	-598.93
1.5435e-11	-616.45
1.5454e-11	-634.2
1.5473e-11	-652.38
1.5493e-11	-670.99
1.5512e-11	-689.82
1.5531e-11	-709.07
1.5551e-11	-728.6
1.557e-11	-748.28
1.5589e-11	-768.05
1.5609e-11	-787.84
1.5628e-11	-807.58
1.5647e-11	-827.24
1.5667e-11	-846.72
1.5686e-11	-865.72
1.5705e-11	-884.22
1.5725e-11	-901.79
1.5744e-11	-918.17
1.5763e-11	-933.9
1.5783e-11	-947.88
1.5802e-11	-959.54
1.5821e-11	-969.8
1.5841e-11	-977.03
1.586e-11	-981.67
1.5879e-11	-982.84
1.5899e-11	-979.34
1.5918e-11	-973.39
1.5937e-11	-961.07
1.5957e-11	-941.53
1.5976e-11	-918.2
1.5995e-11	-886.52
1.6015e-11	-847.5
1.6034e-11	-799.99
1.6053e-11	-741.12
1.6073e-11	-676.59
1.6092e-11	-598.22
1.6111e-11	-505.24
1.6131e-11	-405.01
1.615e-11	-289.35
1.6169e-11	-160.71
1.6189e-11	-19.503
1.6208e-11	137.71
1.6227e-11	302.56
1.6247e-11	484.07
1.6266e-11	680.38
1.6285e-11	882.52
1.6305e-11	1095.3
1.6324e-11	1315
1.6343e-11	1537.7
1.6363e-11	1761.6
1.6382e-11	1985.3
1.6401e-11	2201.3
1.6421e-11	2404.4
1.644e-11	2598
1.6459e-11	2769.3
1.6479e-11	2918.2
1.6498e-11	3041.7
1.6517e-11	3128.4
1.6537e-11	3195.8
1.6556e-11	3215.1
1.6575e-11	3187.8
1.6595e-11	3137.6
1.6614e-11	3041
1.6633e-11	2904.4
1.6653e-11	2736.7
1.6672e-11	2531
1.6691e-11	2307.5
1.6711e-11	2053.9
1.673e-11	1779.5
1.6749e-11	1499.5
1.6769e-11	1213.3
1.6788e-11	927.56
1.6807e-11	651.33
1.6827e-11	391.22
1.6846e-11	140.43
1.6865e-11	-81.553
1.6885e-11	-272.55
1.6904e-11	-446.9
1.6923e-11	-587.2
1.6943e-11	-697.91
1.6962e-11	-784.86
1.6981e-11	-841.3
1.7001e-11	-882.72
1.702e-11	-896.86
1.7039e-11	-889.58
1.7059e-11	-874.15
1.7078e-11	-844.21
1.7097e-11	-803.75
1.7117e-11	-757.76
1.7136e-11	-706.05
1.7155e-11	-652.09
1.7175e-11	-596.12
1.7194e-11	-539.52
1.7213e-11	-483.18
1.7233e-11	-428.01
1.7252e-11	-374.51
1.7271e-11	-323.19
1.7291e-11	-274.98
1.731e-11	-228.4
1.7329e-11	-185.99
1.7349e-11	-147.8
1.7368e-11	-111.92
1.7387e-11	-80.728
1.7407e-11	-53.578
1.7426e-11	-29.876
1.7445e-11	-10.569
1.7465e-11	6.5182
1.7484e-11	19.334
1.7503e-11	28.626
1.7523e-11	36.446
1.7542e-11	41.62
1.7561e-11	44.756
1.7581e-11	46.517
1.76e-11	46.741
1.7619e-11	46.241
1.7639e-11	44.595
1.7658e-11	42.105
1.7677e-11	39.302
1.7697e-11	35.988
1.7716e-11	32.366
1.7735e-11	28.648
1.7755e-11	24.863
1.7774e-11	21.069
1.7793e-11	17.514
1.7813e-11	14.425
1.7832e-11	11.604
1.7851e-11	9.3243
1.7871e-11	7.5371
1.789e-11	6.2891
1.7909e-11	5.723
1.7929e-11	5.5073
1.7948e-11	5.9913
1.7967e-11	7.0014
1.7987e-11	8.2223
1.8006e-11	9.8101
1.8025e-11	11.689
1.8045e-11	13.729
1.8064e-11	15.892
1.8083e-11	18.092
1.8103e-11	20.277
1.8122e-11	22.415
1.8141e-11	24.517
1.8161e-11	26.51
1.818e-11	28.358
1.8199e-11	30.069
1.8219e-11	31.676
1.8238e-11	33.244
1.8257e-11	34.755
1.8277e-11	36.274
1.8296e-11	37.852
1.8315e-11	39.542
1.8335e-11	41.311
1.8354e-11	43.18
1.8373e-11	45.19
1.8393e-11	47.27
1.8412e-11	49.452
1.8431e-11	51.723
1.8451e-11	54.001
1.847e-11	56.256
1.8489e-11	58.454
1.8509e-11	60.471
1.8528e-11	62.236
1.8547e-11	63.85
1.8567e-11	65.102
1.8586e-11	65.914
1.8605e-11	66.463
1.8625e-11	66.525
1.8644e-11	66.235
1.8663e-11	65.538
1.8683e-11	64.406
1.8702e-11	63.062
1.8721e-11	61.333
1.8741e-11	59.279
1.876e-11	57.093
1.8779e-11	54.704
1.8799e-11	52.203
1.8818e-11	49.702
1.8837e-11	47.246
1.8857e-11	44.833
1.8876e-11	42.553
1.8895e-11	40.47
1.8915e-11	38.557
1.8934e-11	36.944
1.8953e-11	35.534
1.8973e-11	34.443
1.8992e-11	33.696
1.9011e-11	33.107
1.9031e-11	32.79
1.905e-11	32.736
1.9069e-11	32.806
1.9089e-11	33.036
1.9108e-11	33.344
1.9127e-11	33.732
1.9147e-11	34.158
1.9166e-11	34.596
1.9185e-11	35.043
1.9205e-11	35.491
1.9224e-11	35.92
1.9243e-11	36.312
1.9263e-11	36.677
1.9282e-11	36.987
1.9301e-11	37.291
1.9321e-11	37.593
1.934e-11	37.887
1.9359e-11	38.15
1.9379e-11	38.42
1.9398e-11	38.694
1.9417e-11	38.968
1.9437e-11	39.227
1.9456e-11	39.451
1.9475e-11	39.656
1.9495e-11	39.838
1.9514e-11	40.039
1.9533e-11	40.248
1.9553e-11	40.447
1.9572e-11	40.633
1.9591e-11	40.788
1.9611e-11	40.911
1.963e-11	41.017
1.9649e-11	41.075
1.9669e-11	41.078
1.9688e-11	40.982
1.9707e-11	40.753
1.9727e-11	40.451
1.9746e-11	39.973
1.9765e-11	39.27
1.9785e-11	38.461
1.9804e-11	37.442
1.9823e-11	36.255
1.9843e-11	34.864
1.9862e-11	33.226
1.9881e-11	31.474
1.9901e-11	29.555
1.992e-11	27.539
1.9939e-11	25.497
1.9959e-11	23.412
1.9978e-11	21.31
1.9997e-11	19.301
2.0017e-11	17.45
2.0036e-11	15.695
2.0055e-11	14.181
2.0075e-11	12.935
2.0094e-11	11.817
2.0113e-11	10.941
2.0133e-11	10.233
2.0152e-11	9.8226
2.0171e-11	9.7026
2.0191e-11	9.705
2.021e-11	9.8906
2.0229e-11	10.214
2.0249e-11	10.637
2.0268e-11	11.187
2.0287e-11	11.796
2.0307e-11	12.373
2.0326e-11	12.906
2.0345e-11	13.394
2.0365e-11	13.754
2.0384e-11	13.934
2.0403e-11	13.908
2.0423e-11	13.58
2.0442e-11	13.088
2.0461e-11	12.243
2.0481e-11	11.04
2.05e-11	9.6364
2.0519e-11	7.8276
2.0539e-11	5.6958
2.0558e-11	3.355
2.0577e-11	0.79624
2.0597e-11	-1.8569
2.0616e-11	-4.6395
2.0635e-11	-7.4874
2.0655e-11	-10.301
2.0674e-11	-13.002
2.0693e-11	-15.57
2.0713e-11	-17.911
2.0732e-11	-19.972
2.0751e-11	-21.874
2.0771e-11	-23.423
2.079e-11	-24.596
2.0809e-11	-25.567
2.0829e-11	-26.192
2.0848e-11	-26.59
2.0867e-11	-26.791
2.0887e-11	-26.795
2.0906e-11	-26.714
2.0925e-11	-26.517
2.0945e-11	-26.301
2.0964e-11	-26.094
2.0983e-11	-25.931
2.1003e-11	-25.808
2.1022e-11	-25.848
2.1041e-11	-26.031
2.1061e-11	-26.287
2.108e-11	-26.687
2.1099e-11	-27.202
2.1119e-11	-27.79
2.1138e-11	-28.5
2.1157e-11	-29.278
2.1177e-11	-30.149
2.1196e-11	-31.033
2.1215e-11	-31.918
2.1235e-11	-32.809
2.1254e-11	-33.712
2.1273e-11	-34.591
2.1293e-11	-35.418
2.1312e-11	-36.217
2.1331e-11	-36.955
2.1351e-11	-37.65
2.137e-11	-38.326
2.1389e-11	-38.939
2.1409e-11	-39.48
2.1428e-11	-39.946
2.1447e-11	-40.402
2.1467e-11	-40.861
2.1486e-11	-41.324
2.1505e-11	-41.722
2.1525e-11	-42.105
2.1544e-11	-42.483
2.1563e-11	-42.874
2.1583e-11	-43.261
2.1602e-11	-43.668
2.1621e-11	-44.09
2.1641e-11	-44.552
2.166e-11	-45.03
2.1679e-11	-45.538
2.1699e-11	-46.082
2.1718e-11	-46.642
2.1737e-11	-47.193
2.1757e-11	-47.769
2.1776e-11	-48.349
2.1795e-11	-48.922
2.1815e-11	-49.481
2.1834e-11	-49.984
2.1853e-11	-50.356
2.1873e-11	-50.654
2.1892e-11	-50.791
2.1911e-11	-50.725
2.1931e-11	-50.53
2.195e-11	-50.072
2.1969e-11	-49.431
2.1989e-11	-48.588
2.2008e-11	-47.462
2.2027e-11	-46.202
2.2047e-11	-44.676
2.2066e-11	-43.008
2.2085e-11	-41.318
2.2105e-11	-39.59
2.2124e-11	-37.836
2.2143e-11	-36.14
2.2163e-11	-34.585
2.2182e-11	-33.116
2.2201e-11	-31.847
2.2221e-11	-30.767
2.224e-11	-29.852
2.2259e-11	-29.17
2.2279e-11	-28.597
2.2298e-11	-28.17
2.2317e-11	-27.828
2.2337e-11	-27.5
2.2356e-11	-27.18
2.2375e-11	-26.854
2.2395e-11	-26.476
2.2414e-11	-26.033
2.2433e-11	-25.56
2.2453e-11	-25
2.2472e-11	-24.323
2.2491e-11	-23.604
2.2511e-11	-22.8
2.253e-11	-21.939
2.2549e-11	-21.048
2.2569e-11	-20.161
2.2588e-11	-19.284
2.2607e-11	-18.427
2.2627e-11	-17.576
2.2646e-11	-16.75
2.2665e-11	-15.963
2.2685e-11	-15.201
2.2704e-11	-14.5
2.2723e-11	-13.884
2.2743e-11	-13.317
2.2762e-11	-12.849
2.2781e-11	-12.461
2.2801e-11	-12.142
2.282e-11	-11.932
2.2839e-11	-11.783
2.2859e-11	-11.796
2.2878e-11	-11.919
2.2897e-11	-12.079
2.2917e-11	-12.316
2.2936e-11	-12.613
2.2955e-11	-12.897
2.2975e-11	-13.134
2.2994e-11	-13.342
2.3013e-11	-13.485
2.3033e-11	-13.518
2.3052e-11	-13.455
2.3071e-11	-13.227
2.3091e-11	-12.898
2.311e-11	-12.373
2.3129e-11	-11.73
2.3149e-11	-11.063
2.3168e-11	-10.387
2.3187e-11	-9.6852
2.3207e-11	-9.0077
2.3226e-11	-8.4058
2.3245e-11	-7.855
2.3265e-11	-7.4521
2.3284e-11	-7.1968
2.3303e-11	-7.0353
2.3323e-11	-7.0755
2.3342e-11	-7.2848
2.3361e-11	-7.6049
2.3381e-11	-8.0265
2.34e-11	-8.4945
2.3419e-11	-9.0519
2.3439e-11	-9.6994
2.3458e-11	-10.372
2.3477e-11	-11.052
2.3497e-11	-11.708
2.3516e-11	-12.306
2.3535e-11	-12.888
2.3555e-11	-13.466
2.3574e-11	-14.017
2.3593e-11	-14.497
2.3613e-11	-14.899
2.3632e-11	-15.238
2.3651e-11	-15.555
2.3671e-11	-15.801
2.369e-11	-15.928
2.3709e-11	-15.988
2.3729e-11	-15.925
2.3748e-11	-15.784
2.3767e-11	-15.554
2.3787e-11	-15.179
2.3806e-11	-14.722
2.3825e-11	-14.122
2.3845e-11	-13.43
2.3864e-11	-12.704
2.3883e-11	-11.916
2.3903e-11	-11.087
2.3922e-11	-10.181
2.3941e-11	-9.2913
2.3961e-11	-8.4451
2.398e-11	-7.7118
2.3999e-11	-7.0797
2.4019e-11	-6.5648
2.4038e-11	-6.1868
2.4057e-11	-5.8809
2.4077e-11	-5.7239
2.4096e-11	-5.7706
2.4115e-11	-5.8894
2.4135e-11	-6.1052
2.4154e-11	-6.3532
2.4173e-11	-6.654
2.4193e-11	-7.002
2.4212e-11	-7.3418
2.4231e-11	-7.6012
2.4251e-11	-7.7685
2.427e-11	-7.8734
2.4289e-11	-7.8759
2.4309e-11	-7.816
2.4328e-11	-7.5942
2.4347e-11	-7.2729
2.4367e-11	-6.932
2.4386e-11	-6.5673
2.4405e-11	-6.1822
2.4425e-11	-5.8093
2.4444e-11	-5.4886
2.4463e-11	-5.2114
2.4483e-11	-5.0473
2.4502e-11	-4.9964
2.4521e-11	-5.0027
2.4541e-11	-5.1189
2.456e-11	-5.3112
2.4579e-11	-5.6836
2.4599e-11	-6.1914
2.4618e-11	-6.7693
2.4637e-11	-7.4845
2.4657e-11	-8.3182
2.4676e-11	-9.2408
2.4695e-11	-10.326
2.4715e-11	-11.503
2.4734e-11	-12.815
2.4753e-11	-14.262
2.4773e-11	-15.819
2.4792e-11	-17.551
2.4811e-11	-19.365
2.4831e-11	-21.157
2.485e-11	-22.928
2.4869e-11	-24.669
2.4889e-11	-26.304
2.4908e-11	-27.781
2.4927e-11	-29.073
2.4947e-11	-30.081
2.4966e-11	-30.933
2.4985e-11	-31.467
2.5005e-11	-31.712
2.5024e-11	-31.807
2.5043e-11	-31.609
2.5063e-11	-31.203
2.5082e-11	-30.634
2.5101e-11	-29.973
2.5121e-11	-29.288
2.514e-11	-28.593
2.5159e-11	-27.863
2.5179e-11	-27.17
2.5198e-11	-26.58
2.5217e-11	-26.058
2.5237e-11	-25.658
2.5256e-11	-25.309
2.5275e-11	-24.98
2.5295e-11	-24.709
2.5314e-11	-24.51
2.5333e-11	-24.352
2.5353e-11	-24.188
2.5372e-11	-24.015
2.5391e-11	-23.829
2.5411e-11	-23.632
2.543e-11	-23.462
2.5449e-11	-23.334
2.5469e-11	-23.223
2.5488e-11	-23.059
2.5507e-11	-22.853
2.5527e-11	-22.684
2.5546e-11	-22.577
2.5565e-11	-22.497
2.5585e-11	-22.369
2.5604e-11	-22.22
2.5623e-11	-22.047
2.5643e-11	-21.791
2.5662e-11	-21.433
2.5681e-11	-21.029
2.5701e-11	-20.557
2.572e-11	-20.047
2.5739e-11	-19.445
2.5759e-11	-18.754
2.5778e-11	-18.034
2.5797e-11	-17.27
2.5817e-11	-16.488
2.5836e-11	-15.719
2.5855e-11	-14.972
2.5875e-11	-14.242
2.5894e-11	-13.565
2.5913e-11	-12.947
2.5933e-11	-12.352
2.5952e-11	-11.788
2.5971e-11	-11.24
2.5991e-11	-10.738
2.601e-11	-10.277
2.6029e-11	-9.8241
2.6049e-11	-9.3826
2.6068e-11	-8.9469
2.6087e-11	-8.5348
2.6107e-11	-8.153
2.6126e-11	-7.7993
2.6145e-11	-7.5346
2.6165e-11	-7.3682
2.6184e-11	-7.244
2.6203e-11	-7.1972
2.6223e-11	-7.1959
2.6242e-11	-7.3367
2.6261e-11	-7.5652
2.6281e-11	-7.8117
2.63e-11	-8.0883
2.6319e-11	-8.3911
2.6339e-11	-8.7294
2.6358e-11	-9.0916
2.6377e-11	-9.4533
2.6397e-11	-9.7845
2.6416e-11	-10.101
2.6435e-11	-10.411
2.6455e-11	-10.678
2.6474e-11	-10.909
2.6493e-11	-11.116
2.6513e-11	-11.354
2.6532e-11	-11.58
2.6551e-11	-11.771
2.6571e-11	-11.932
2.659e-11	-12.079
2.6609e-11	-12.187
2.6629e-11	-12.274
2.6648e-11	-12.33
2.6667e-11	-12.366
2.6687e-11	-12.347
2.6706e-11	-12.232
2.6725e-11	-12.063
2.6745e-11	-11.772
2.6764e-11	-11.384
2.6783e-11	-10.959
2.6803e-11	-10.473
2.6822e-11	-9.9497
2.6841e-11	-9.4157
2.6861e-11	-8.8815
2.688e-11	-8.361
2.6899e-11	-7.9007
2.6919e-11	-7.5284
2.6938e-11	-7.2496
2.6957e-11	-7.1295
2.6977e-11	-7.1023
2.6996e-11	-7.287
2.7015e-11	-7.6091
2.7035e-11	-7.9804
2.7054e-11	-8.4733
2.7073e-11	-9.0904
2.7093e-11	-9.8281
2.7112e-11	-10.591
2.7131e-11	-11.348
2.7151e-11	-12.084
2.717e-11	-12.806
2.7189e-11	-13.493
2.7209e-11	-14.097
2.7228e-11	-14.645
2.7247e-11	-15.071
2.7267e-11	-15.401
2.7286e-11	-15.681
2.7305e-11	-15.871
2.7325e-11	-16.002
2.7344e-11	-16.11
2.7363e-11	-16.224
2.7383e-11	-16.334
2.7402e-11	-16.42
2.7421e-11	-16.468
2.7441e-11	-16.502
2.746e-11	-16.54
2.7479e-11	-16.581
2.7499e-11	-16.603
2.7518e-11	-16.603
2.7537e-11	-16.567
2.7557e-11	-16.453
2.7576e-11	-16.281
2.7595e-11	-16.056
2.7615e-11	-15.765
2.7634e-11	-15.419
2.7653e-11	-14.968
2.7673e-11	-14.456
2.7692e-11	-13.919
2.7711e-11	-13.33
2.7731e-11	-12.704
2.775e-11	-11.995
2.7769e-11	-11.214
2.7789e-11	-10.425
2.7808e-11	-9.6231
2.7827e-11	-8.8163
2.7847e-11	-7.9609
2.7866e-11	-7.0664
2.7885e-11	-6.1723
2.7905e-11	-5.2782
2.7924e-11	-4.3738
2.7943e-11	-3.4686
2.7963e-11	-2.6011
2.7982e-11	-1.7587
2.8001e-11	-0.95609
2.8021e-11	-0.16458
2.804e-11	0.57874
2.8059e-11	1.2286
2.8079e-11	1.8162
2.8098e-11	2.2647
2.8117e-11	2.5419
2.8137e-11	2.7463
2.8156e-11	2.7948
2.8175e-11	2.7251
2.8195e-11	2.4299
2.8214e-11	1.9699
2.8233e-11	1.4306
2.8253e-11	0.74092
2.8272e-11	-0.083393
2.8291e-11	-1.0366
2.8311e-11	-2.1348
2.833e-11	-3.2903
2.8349e-11	-4.4794
2.8369e-11	-5.6924
2.8388e-11	-6.8955
2.8407e-11	-8.0531
2.8427e-11	-9.1736
2.8446e-11	-10.196
2.8465e-11	-11.081
2.8485e-11	-11.877
2.8504e-11	-12.502
2.8523e-11	-13.014
2.8543e-11	-13.365
2.8562e-11	-13.5
2.8581e-11	-13.518
2.8601e-11	-13.33
2.862e-11	-13.012
2.8639e-11	-12.587
2.8659e-11	-11.98
2.8678e-11	-11.274
2.8697e-11	-10.424
2.8717e-11	-9.4398
2.8736e-11	-8.3991
2.8755e-11	-7.2567
2.8775e-11	-6.0573
2.8794e-11	-4.8541
2.8813e-11	-3.6771
2.8833e-11	-2.508
2.8852e-11	-1.3693
2.8871e-11	-0.29773
2.8891e-11	0.62706
2.891e-11	1.3689
2.8929e-11	2.0033
2.8949e-11	2.3934
2.8968e-11	2.5366
2.8987e-11	2.5002
2.9007e-11	2.182
2.9026e-11	1.7166
2.9045e-11	1.0021
2.9065e-11	0.050938
2.9084e-11	-1.0037
2.9103e-11	-2.2383
2.9123e-11	-3.5756
2.9142e-11	-4.9805
2.9161e-11	-6.4027
2.9181e-11	-7.8033
2.92e-11	-9.1305
2.9219e-11	-10.387
2.9239e-11	-11.546
2.9258e-11	-12.533
2.9277e-11	-13.419
2.9297e-11	-14.108
2.9316e-11	-14.628
2.9335e-11	-15.031
2.9355e-11	-15.215
2.9374e-11	-15.277
2.9393e-11	-15.089
2.9413e-11	-14.737
2.9432e-11	-14.313
2.9451e-11	-13.739
2.9471e-11	-13.052
2.949e-11	-12.242
2.9509e-11	-11.343
2.9529e-11	-10.407
2.9548e-11	-9.4077
2.9567e-11	-8.358
2.9587e-11	-7.2935
2.9606e-11	-6.2692
2.9625e-11	-5.2903
2.9645e-11	-4.4494
2.9664e-11	-3.6797
2.9683e-11	-2.9589
2.9703e-11	-2.3654
2.9722e-11	-1.858
2.9741e-11	-1.5534
2.9761e-11	-1.4269
2.978e-11	-1.3615
2.9799e-11	-1.3955
2.9819e-11	-1.4841
2.9838e-11	-1.6445
2.9857e-11	-1.858
2.9877e-11	-2.0713
2.9896e-11	-2.2531
2.9915e-11	-2.3985
2.9935e-11	-2.5287
2.9954e-11	-2.6388
2.9973e-11	-2.73
2.9993e-11	-2.7622
3.0012e-11	-2.77
3.0031e-11	-2.7904
3.0051e-11	-2.8434
3.007e-11	-2.9198
3.0089e-11	-3.0939
3.0108e-11	-3.3367
3.0127e-11	-3.6267
3.0147e-11	-4.0226
3.0166e-11	-4.4981
3.0185e-11	-5.0394
3.0205e-11	-5.5749
3.0224e-11	-6.0926
3.0243e-11	-6.5862
3.0263e-11	-7.0864
3.0282e-11	-7.5468
3.0301e-11	-7.9179
3.0321e-11	-8.2274
3.034e-11	-8.3925
3.0359e-11	-8.4057
3.0379e-11	-8.2979
3.0398e-11	-8.0184
3.0417e-11	-7.6518
3.0437e-11	-7.1608
3.0456e-11	-6.573
3.0475e-11	-5.9384
3.0495e-11	-5.2443
3.0514e-11	-4.5291
3.0533e-11	-3.7879
3.0553e-11	-3.0331
3.0572e-11	-2.306
3.0591e-11	-1.648
3.0611e-11	-1.0449
3.063e-11	-0.54195
3.0649e-11	-0.18141
3.0669e-11	0.10503
3.0688e-11	0.25647
3.0707e-11	0.30292
3.0727e-11	0.19961
3.0746e-11	-0.10473
3.0765e-11	-0.51308
3.0785e-11	-1.1019
3.0804e-11	-1.8502
3.0823e-11	-2.7183
3.0843e-11	-3.7708
3.0862e-11	-4.9153
3.0881e-11	-6.1289
3.0901e-11	-7.3088
3.092e-11	-8.4529
3.0939e-11	-9.5367
3.0959e-11	-10.59
3.0978e-11	-11.515
3.0997e-11	-12.246
3.1017e-11	-12.842
3.1036e-11	-13.169
3.1055e-11	-13.323
3.1075e-11	-13.277
3.1094e-11	-12.943
3.1113e-11	-12.46
3.1133e-11	-11.732
3.1152e-11	-10.855
3.1171e-11	-9.8727
3.1191e-11	-8.7822
3.121e-11	-7.6494
3.1229e-11	-6.48
3.1249e-11	-5.3031
3.1268e-11	-4.1775
3.1287e-11	-3.1267
3.1307e-11	-2.1149
3.1326e-11	-1.2001
3.1345e-11	-0.43052
3.1365e-11	0.25948
3.1384e-11	0.80102
3.1403e-11	1.2558
3.1423e-11	1.5885
3.1442e-11	1.8072
3.1461e-11	1.9763
3.1481e-11	2.0783
3.15e-11	2.1585
3.1519e-11	2.2381
3.1539e-11	2.2872
3.1558e-11	2.3217
3.1577e-11	2.347
3.1597e-11	2.3815
3.1616e-11	2.429
3.1635e-11	2.4882
3.1655e-11	2.5483
3.1674e-11	2.5956
3.1693e-11	2.6341
3.1713e-11	2.669
3.1732e-11	2.683
3.1751e-11	2.6744
3.1771e-11	2.5853
3.179e-11	2.402
3.1809e-11	2.1597
3.1829e-11	1.807
3.1848e-11	1.3907
3.1867e-11	0.80269
3.1887e-11	0.047122
3.1906e-11	-0.76576
3.1925e-11	-1.6745
3.1945e-11	-2.6465
3.1964e-11	-3.7136
3.1983e-11	-4.8638
3.2003e-11	-6.0199
3.2022e-11	-7.1284
3.2041e-11	-8.1586
3.2061e-11	-9.0274
3.208e-11	-9.6693
3.2099e-11	-10.174
3.2119e-11	-10.395
3.2138e-11	-10.354
3.2157e-11	-10.095
3.2177e-11	-9.5331
3.2196e-11	-8.8058
3.2215e-11	-7.7608
3.2235e-11	-6.4565
3.2254e-11	-5.0641
3.2273e-11	-3.5557
3.2293e-11	-1.9969
3.2312e-11	-0.4108
3.2331e-11	1.1118
3.2351e-11	2.5499
3.237e-11	3.7991
3.2389e-11	4.9203
3.2409e-11	5.7156
3.2428e-11	6.2205
3.2447e-11	6.5766
3.2467e-11	6.6227
3.2486e-11	6.4378
3.2505e-11	6.0051
3.2525e-11	5.3478
3.2544e-11	4.5574
3.2563e-11	3.4959
3.2583e-11	2.2488
3.2602e-11	0.87949
3.2621e-11	-0.58528
3.2641e-11	-2.0882
3.266e-11	-3.6416
3.2679e-11	-5.2209
3.2699e-11	-6.7473
3.2718e-11	-8.164
3.2737e-11	-9.5033
3.2757e-11	-10.654
3.2776e-11	-11.604
3.2795e-11	-12.341
3.2815e-11	-12.713
3.2834e-11	-12.879
3.2853e-11	-12.643
3.2873e-11	-12.055
3.2892e-11	-11.244
3.2911e-11	-10.049
3.2931e-11	-8.652
3.295e-11	-7.0285
3.2969e-11	-5.2483
3.2989e-11	-3.4486
3.3008e-11	-1.6402
3.3027e-11	0.15939
3.3047e-11	1.8301
3.3066e-11	3.2626
3.3085e-11	4.535
3.3105e-11	5.4954
3.3124e-11	6.2427
3.3143e-11	6.7244
3.3163e-11	6.9341
3.3182e-11	7.0078
3.3201e-11	6.8631
3.3221e-11	6.5882
3.324e-11	6.2618
3.3259e-11	5.8756
3.3279e-11	5.4529
3.3298e-11	4.9811
3.3317e-11	4.5255
3.3337e-11	4.1151
3.3356e-11	3.7367
3.3375e-11	3.3788
3.3395e-11	3.0688
3.3414e-11	2.7626
3.3433e-11	2.4246
3.3453e-11	2.0616
3.3472e-11	1.6861
3.3491e-11	1.2611
3.3511e-11	0.78385
3.353e-11	0.26776
3.3549e-11	-0.29695
3.3569e-11	-0.88183
3.3588e-11	-1.461
3.3607e-11	-2.0345
3.3627e-11	-2.5758
3.3646e-11	-3.0716
3.3665e-11	-3.5455
3.3685e-11	-3.967
3.3704e-11	-4.3017
3.3723e-11	-4.6065
3.3743e-11	-4.8466
3.3762e-11	-5.0392
3.3781e-11	-5.1525
3.3801e-11	-5.2033
3.382e-11	-5.1971
3.3839e-11	-5.0946
3.3859e-11	-4.9422
3.3878e-11	-4.6987
3.3897e-11	-4.3523
3.3917e-11	-3.9595
3.3936e-11	-3.4876
3.3955e-11	-2.958
3.3975e-11	-2.3543
3.3994e-11	-1.6613
3.4013e-11	-0.92539
3.4033e-11	-0.11978
3.4052e-11	0.73472
3.4071e-11	1.6168
3.4091e-11	2.4726
3.411e-11	3.2949
3.4129e-11	4.0408
3.4149e-11	4.7321
3.4168e-11	5.3287
3.4187e-11	5.766
3.4207e-11	6.1067
3.4226e-11	6.265
3.4245e-11	6.2845
3.4265e-11	6.1311
3.4284e-11	5.7467
3.4303e-11	5.245
3.4323e-11	4.5539
3.4342e-11	3.7135
3.4361e-11	2.7534
3.4381e-11	1.612
3.44e-11	0.38541
3.4419e-11	-0.92642
3.4439e-11	-2.2967
3.4458e-11	-3.6683
3.4477e-11	-5.0182
3.4497e-11	-6.3397
3.4516e-11	-7.5496
3.4535e-11	-8.6188
3.4555e-11	-9.5785
3.4574e-11	-10.329
3.4593e-11	-10.954
3.4613e-11	-11.294
3.4632e-11	-11.352
3.4651e-11	-11.276
3.4671e-11	-10.948
3.469e-11	-10.48
3.4709e-11	-9.7745
3.4729e-11	-8.8868
3.4748e-11	-7.9199
3.4767e-11	-6.8213
3.4787e-11	-5.6601
3.4806e-11	-4.4891
3.4825e-11	-3.3416
3.4845e-11	-2.2329
3.4864e-11	-1.214
3.4883e-11	-0.25544
3.4903e-11	0.57493
3.4922e-11	1.2545
3.4941e-11	1.8544
3.4961e-11	2.2882
3.498e-11	2.6068
3.4999e-11	2.7497
3.5019e-11	2.7596
3.5038e-11	2.7243
3.5057e-11	2.6018
3.5077e-11	2.4047
3.5096e-11	2.1468
3.5115e-11	1.885
3.5135e-11	1.6347
3.5154e-11	1.4161
3.5173e-11	1.2245
3.5193e-11	1.0977
3.5212e-11	1.0634
3.5231e-11	1.0848
3.5251e-11	1.2045
3.527e-11	1.3764
3.5289e-11	1.5727
3.5309e-11	1.7888
3.5328e-11	2.0086
3.5347e-11	2.2277
3.5367e-11	2.44
3.5386e-11	2.5887
3.5405e-11	2.6463
3.5425e-11	2.6527
3.5444e-11	2.5584
3.5463e-11	2.3946
3.5483e-11	2.1713
3.5502e-11	1.8483
3.5521e-11	1.4797
3.5541e-11	1.0649
3.556e-11	0.65289
3.5579e-11	0.25091
3.5599e-11	-0.12022
3.5618e-11	-0.45449
3.5637e-11	-0.68345
3.5657e-11	-0.83451
3.5676e-11	-0.90338
3.5695e-11	-0.80488
3.5715e-11	-0.60586
3.5734e-11	-0.23614
3.5753e-11	0.22871
3.5773e-11	0.78201
3.5792e-11	1.4621
3.5811e-11	2.2014
3.5831e-11	3.0332
3.585e-11	3.9581
3.5869e-11	4.9211
3.5889e-11	5.8783
3.5908e-11	6.8185
3.5927e-11	7.7302
3.5947e-11	8.6152
3.5966e-11	9.3751
3.5985e-11	9.9327
3.6005e-11	10.374
3.6024e-11	10.576
3.6043e-11	10.57
3.6063e-11	10.392
3.6082e-11	9.934
3.6101e-11	9.3171
3.6121e-11	8.3986
3.614e-11	7.2515
3.6159e-11	5.9701
3.6179e-11	4.506
3.6198e-11	2.9687
3.6217e-11	1.3983
3.6237e-11	-0.14188
3.6256e-11	-1.6269
3.6275e-11	-3.0079
3.6295e-11	-4.3077
3.6314e-11	-5.3611
3.6333e-11	-6.1392
3.6353e-11	-6.7061
3.6372e-11	-6.9558
3.6391e-11	-7.0287
3.6411e-11	-6.7242
3.643e-11	-6.0727
3.6449e-11	-5.2226
3.6469e-11	-4.1
3.6488e-11	-2.8476
3.6507e-11	-1.378
3.6527e-11	0.24499
3.6546e-11	1.8975
3.6565e-11	3.5375
3.6585e-11	5.1347
3.6604e-11	6.5745
3.6623e-11	7.8922
3.6643e-11	9.0781
3.6662e-11	9.9958
3.6681e-11	10.748
3.6701e-11	11.177
3.672e-11	11.329
3.6739e-11	11.304
3.6759e-11	11.056
3.6778e-11	10.696
3.6797e-11	10.135
3.6817e-11	9.4449
3.6836e-11	8.7506
3.6855e-11	8.0487
3.6875e-11	7.3501
3.6894e-11	6.6921
3.6913e-11	6.1054
3.6933e-11	5.6111
3.6952e-11	5.2645
3.6971e-11	5.0016
3.6991e-11	4.8853
3.701e-11	4.8822
3.7029e-11	4.9873
3.7049e-11	5.2534
3.7068e-11	5.5938
3.7087e-11	6.0114
3.7107e-11	6.4535
3.7126e-11	6.9083
3.7145e-11	7.3669
3.7165e-11	7.8102
3.7184e-11	8.185
3.7203e-11	8.5026
3.7223e-11	8.7449
3.7242e-11	8.8532
3.7261e-11	8.8823
3.7281e-11	8.7583
3.73e-11	8.4998
3.7319e-11	8.1458
3.7339e-11	7.7057
3.7358e-11	7.23
3.7377e-11	6.7027
3.7397e-11	6.159
3.7416e-11	5.6329
3.7435e-11	5.1499
3.7455e-11	4.7086
3.7474e-11	4.366
3.7493e-11	4.0927
3.7513e-11	3.9384
3.7532e-11	3.9614
3.7551e-11	4.0617
3.7571e-11	4.2576
3.759e-11	4.4971
3.7609e-11	4.7995
3.7629e-11	5.1612
3.7648e-11	5.5092
3.7667e-11	5.7719
3.7687e-11	5.9669
3.7706e-11	6.1079
3.7725e-11	6.1923
3.7745e-11	6.2355
3.7764e-11	6.17
3.7783e-11	6.004
3.7803e-11	5.7368
3.7822e-11	5.4144
3.7841e-11	5.0645
3.7861e-11	4.6608
3.788e-11	4.2234
3.7899e-11	3.8008
3.7919e-11	3.3772
3.7938e-11	2.9451
3.7957e-11	2.5093
3.7977e-11	2.0853
3.7996e-11	1.6547
3.8015e-11	1.219
3.8035e-11	0.79797
3.8054e-11	0.40104
3.8073e-11	0.01074
3.8093e-11	-0.29791
3.8112e-11	-0.4645
3.8131e-11	-0.56479
3.8151e-11	-0.54727
3.817e-11	-0.46781
3.8189e-11	-0.2348
3.8209e-11	0.1569
3.8228e-11	0.63092
3.8247e-11	1.2439
3.8267e-11	1.9254
3.8286e-11	2.7146
3.8305e-11	3.5733
3.8325e-11	4.4146
3.8344e-11	5.2111
3.8363e-11	5.9634
3.8383e-11	6.5379
3.8402e-11	6.922
3.8421e-11	7.1904
3.8441e-11	7.2752
3.846e-11	7.258
3.8479e-11	7.0545
3.8499e-11	6.7271
3.8518e-11	6.345
3.8537e-11	5.8547
3.8557e-11	5.3122
3.8576e-11	4.7375
3.8595e-11	4.1962
3.8615e-11	3.7074
3.8634e-11	3.3252
3.8653e-11	3.0103
3.8673e-11	2.8192
3.8692e-11	2.7083
3.8711e-11	2.7199
3.8731e-11	2.8625
3.875e-11	3.0435
3.8769e-11	3.265
3.8789e-11	3.5209
3.8808e-11	3.8397
3.8827e-11	4.1966
3.8847e-11	4.5491
3.8866e-11	4.8739
3.8885e-11	5.1783
3.8905e-11	5.4672
3.8924e-11	5.7467
3.8943e-11	6.0026
3.8963e-11	6.1879
3.8982e-11	6.319
3.9001e-11	6.3693
3.9021e-11	6.3774
3.904e-11	6.3455
3.9059e-11	6.222
3.9079e-11	6.0415
3.9098e-11	5.76
3.9117e-11	5.4098
3.9137e-11	5.0429
3.9156e-11	4.6303
3.9175e-11	4.1988
3.9195e-11	3.8288
3.9214e-11	3.5545
3.9233e-11	3.3054
3.9253e-11	3.1429
3.9272e-11	3.0578
3.9291e-11	3.1635
3.9311e-11	3.378
3.933e-11	3.6562
3.9349e-11	4.0442
3.9369e-11	4.489
3.9388e-11	5.003
3.9407e-11	5.5381
3.9427e-11	6.0592
3.9446e-11	6.5639
3.9465e-11	7.0514
3.9485e-11	7.4877
3.9504e-11	7.87
3.9523e-11	8.0871
3.9543e-11	8.1443
3.9562e-11	8.1525
3.9581e-11	8.021
3.9601e-11	7.7135
3.962e-11	7.1106
3.9639e-11	6.6418
3.9659e-11	6.2916
3.9678e-11	5.9344
3.9697e-11	5.4181
3.9717e-11	4.0503
3.9736e-11	2.709
3.9755e-11	2.1246
3.9775e-11	2.047
3.9794e-11	1.8136
3.9813e-11	1.0026
3.9833e-11	0.86835
3.9852e-11	0.83382
3.9871e-11	0.41362
3.9891e-11	-0.27199
3.991e-11	-0.8474
3.9929e-11	-0.95835
3.9949e-11	-0.90667
3.9968e-11	-0.71541
3.9987e-11	-0.45692
4.0007e-11	-0.071912
4.0026e-11	0.38555
4.0045e-11	0.92262
4.0065e-11	1.5511
4.0084e-11	2.2134
4.0103e-11	2.8963
4.0123e-11	3.5633
4.0142e-11	4.1581
4.0161e-11	4.6767
4.0181e-11	5.1378
4.02e-11	5.4486
4.0219e-11	5.6513
4.0239e-11	5.613
4.0258e-11	5.3707
4.0277e-11	4.995
4.0297e-11	4.3762
4.0316e-11	3.6311
4.0335e-11	2.705
4.0355e-11	1.6528
4.0374e-11	0.56044
4.0393e-11	-0.57586
4.0413e-11	-1.7149
4.0432e-11	-2.8072
4.0451e-11	-3.8459
4.0471e-11	-4.7582
4.049e-11	-5.4682
4.0509e-11	-6.0767
4.0529e-11	-6.5154
4.0548e-11	-6.831
4.0567e-11	-6.9481
4.0587e-11	-6.8716
4.0606e-11	-6.7305
4.0625e-11	-6.5083
4.0645e-11	-6.2477
4.0664e-11	-5.9873
4.0683e-11	-5.7171
4.0703e-11	-5.4803
4.0722e-11	-5.3703
4.0741e-11	-5.3609
4.0761e-11	-5.5123
4.078e-11	-5.7557
4.0799e-11	-6.1058
4.0819e-11	-6.6466
4.0838e-11	-7.2937
4.0857e-11	-8.076
4.0877e-11	-8.9048
4.0896e-11	-9.7679
4.0915e-11	-10.742
4.0935e-11	-11.774
4.0954e-11	-12.871
4.0973e-11	-13.978
4.0993e-11	-15.098
4.1012e-11	-16.244
4.1031e-11	-17.385
4.1051e-11	-18.489
4.107e-11	-19.557
4.1089e-11	-20.594
4.1109e-11	-21.646
4.1128e-11	-22.656
4.1147e-11	-23.558
4.1167e-11	-24.383
4.1186e-11	-25.07
4.1205e-11	-25.633
4.1225e-11	-26.125
4.1244e-11	-26.516
4.1263e-11	-26.853
4.1283e-11	-27.102
4.1302e-11	-27.301
4.1321e-11	-27.467
4.1341e-11	-27.599
4.136e-11	-27.742
4.1379e-11	-27.955
4.1399e-11	-28.232
4.1418e-11	-28.597
4.1437e-11	-29.038
4.1457e-11	-29.526
4.1476e-11	-30.089
4.1495e-11	-30.684
4.1515e-11	-31.307
4.1534e-11	-31.936
4.1553e-11	-32.535
4.1573e-11	-33.072
4.1592e-11	-33.567
4.1611e-11	-33.968
4.1631e-11	-34.309
4.165e-11	-34.603
4.1669e-11	-34.832
4.1689e-11	-35.047
4.1708e-11	-35.272
4.1727e-11	-35.519
4.1747e-11	-35.818
4.1766e-11	-36.194
4.1785e-11	-36.647
4.1805e-11	-37.25
4.1824e-11	-37.946
4.1843e-11	-38.846
4.1863e-11	-39.932
4.1882e-11	-41.154
4.1901e-11	-42.619
4.1921e-11	-44.212
4.194e-11	-45.971
4.1959e-11	-47.808
4.1979e-11	-49.756
4.1998e-11	-51.869
4.2017e-11	-54.06
4.2037e-11	-56.33
4.2056e-11	-58.609
4.2075e-11	-60.845
4.2095e-11	-63.102
4.2114e-11	-65.329
4.2133e-11	-67.41
4.2153e-11	-69.36
4.2172e-11	-71.036
4.2191e-11	-72.549
4.2211e-11	-73.911
4.223e-11	-74.978
4.2249e-11	-75.859
4.2269e-11	-76.423
4.2288e-11	-76.803
4.2307e-11	-76.984
4.2327e-11	-76.847
4.2346e-11	-76.538
4.2365e-11	-75.964
4.2385e-11	-75.277
4.2404e-11	-74.354
4.2423e-11	-73.137
4.2443e-11	-71.745
4.2462e-11	-70.035
4.2481e-11	-68.141
4.2501e-11	-65.843
4.252e-11	-63.183
4.2539e-11	-60.127
4.2559e-11	-56.505
4.2578e-11	-52.538
4.2597e-11	-47.841
4.2617e-11	-42.657
4.2636e-11	-36.725
4.2655e-11	-29.876
4.2675e-11	-22.508
4.2694e-11	-14.182
4.2713e-11	-5.358
4.2733e-11	4.4214
4.2752e-11	15.082
4.2771e-11	26.351
4.2791e-11	38.509
4.281e-11	51.121
4.2829e-11	64.539
4.2849e-11	78.485
4.2868e-11	92.855
4.2887e-11	107.66
4.2907e-11	122.58
4.2926e-11	137.57
4.2945e-11	152.56
4.2965e-11	167.19
4.2984e-11	181.28
4.3003e-11	194.79
4.3023e-11	207.2
4.3042e-11	218.91
4.3061e-11	229
4.3081e-11	237.69
4.31e-11	244.74
4.3119e-11	249.5
4.3139e-11	252.91
4.3158e-11	253.74
4.3177e-11	253
4.3197e-11	249.72
4.3216e-11	243.69
4.3235e-11	236.2
4.3255e-11	226.13
4.3274e-11	214.71
4.3293e-11	201.11
4.3313e-11	185.86
4.3332e-11	169.48
4.3351e-11	151.72
4.3371e-11	133.44
4.339e-11	114.58
4.3409e-11	95.463
4.3429e-11	76.5
4.3448e-11	58.008
4.3467e-11	40.027
4.3487e-11	23.176
4.3506e-11	7.045
4.3525e-11	-7.3928
4.3545e-11	-20.247
4.3564e-11	-31.771
4.3583e-11	-41.245
4.3603e-11	-49.607
4.3622e-11	-55.895
4.3641e-11	-60.803
4.3661e-11	-64.203
4.368e-11	-65.903
4.3699e-11	-66.782
4.3719e-11	-66.273
4.3738e-11	-65.101
4.3757e-11	-62.996
4.3777e-11	-60.185
4.3796e-11	-57.061
4.3815e-11	-53.524
4.3835e-11	-49.828
4.3854e-11	-45.957
4.3873e-11	-42.033
4.3893e-11	-38.163
4.3912e-11	-34.343
4.3931e-11	-30.596
4.3951e-11	-27.03
4.397e-11	-23.573
4.3989e-11	-20.302
4.4009e-11	-17.206
4.4028e-11	-14.226
4.4047e-11	-11.471
4.4067e-11	-8.8591
4.4086e-11	-6.502
4.4105e-11	-4.2595
4.4125e-11	-2.1373
4.4144e-11	-0.28314
4.4163e-11	1.4334
4.4183e-11	2.9424
4.4202e-11	4.3642
4.4221e-11	5.6025
4.4241e-11	6.6475
4.426e-11	7.5653
4.4279e-11	8.3058
4.4299e-11	8.9541
4.4318e-11	9.4298
4.4337e-11	9.8018
4.4357e-11	10.046
4.4376e-11	10.091
4.4395e-11	10.063
4.4415e-11	9.9349
4.4434e-11	9.759
4.4453e-11	9.4483
4.4473e-11	9.0453
4.4492e-11	8.6068
4.4511e-11	8.0941
4.4531e-11	7.5492
4.455e-11	6.9714
4.4569e-11	6.379
4.4589e-11	5.7685
4.4608e-11	5.1451
4.4627e-11	4.5492
4.4647e-11	4.0257
4.4666e-11	3.5452
4.4685e-11	3.1224
4.4705e-11	2.766
4.4724e-11	2.4681
4.4743e-11	2.263
4.4763e-11	2.1259
4.4782e-11	2.118
4.4801e-11	2.1695
4.4821e-11	2.2719
4.484e-11	2.4356
4.4859e-11	2.6544
4.4879e-11	2.981
4.4898e-11	3.3617
4.4917e-11	3.7985
4.4937e-11	4.2656
4.4956e-11	4.7777
4.4975e-11	5.3826
4.4995e-11	6.0207
4.5014e-11	6.6654
4.5033e-11	7.2884
4.5053e-11	7.9115
4.5072e-11	8.5499
4.5091e-11	9.1573
4.5111e-11	9.705
4.513e-11	10.211
4.5149e-11	10.625
4.5169e-11	10.97
4.5188e-11	11.228
4.5207e-11	11.358
4.5227e-11	11.411
4.5246e-11	11.338
4.5265e-11	11.209
4.5285e-11	10.989
4.5304e-11	10.661
4.5323e-11	10.241
4.5343e-11	9.733
4.5362e-11	9.2059
4.5381e-11	8.6586
4.5401e-11	8.0838
4.542e-11	7.4696
4.5439e-11	6.8412
4.5459e-11	6.231
4.5478e-11	5.6467
4.5497e-11	5.064
4.5517e-11	4.4598
4.5536e-11	3.8742
4.5555e-11	3.3375
4.5575e-11	2.8159
4.5594e-11	2.2993
4.5613e-11	1.8082
4.5633e-11	1.3417
4.5652e-11	0.94735
4.5671e-11	0.63877
4.5691e-11	0.40217
4.571e-11	0.29568
4.5729e-11	0.27068
4.5749e-11	0.39748
4.5768e-11	0.61524
4.5787e-11	0.99415
4.5807e-11	1.5225
4.5826e-11	2.1032
4.5845e-11	2.8304
4.5865e-11	3.6539
4.5884e-11	4.5887
4.5903e-11	5.5281
4.5923e-11	6.4593
4.5942e-11	7.3746
4.5961e-11	8.2524
4.5981e-11	9.0313
4.6e-11	9.7473
4.6019e-11	10.294
4.6039e-11	10.707
4.6058e-11	11.049
4.6077e-11	11.277
4.6097e-11	11.451
4.6116e-11	11.539