2.55000E+2	-3.68160E-3
2.55049E+2	-5.08207E-3
2.55098E+2	-4.69521E-3
2.55147E+2	-4.18160E-3
2.55196E+2	-4.53205E-3
2.55244E+2	-4.36860E-3
2.55293E+2	-4.23045E-3
2.55342E+2	-4.40586E-3
2.55391E+2	-3.86001E-3
2.55440E+2	-4.98547E-3
2.55489E+2	-4.05548E-3
2.55538E+2	-5.93086E-3
2.55587E+2	-5.60070E-3
2.55635E+2	-4.32913E-3
2.55684E+2	-4.16038E-3
2.55733E+2	-5.35977E-3
2.55782E+2	-5.38430E-3
2.55831E+2	-5.02469E-3
2.55880E+2	-5.38737E-3
2.55929E+2	-5.28250E-3
2.55978E+2	-6.38383E-3
2.56026E+2	-5.48382E-3
2.56075E+2	-4.56003E-3
2.56124E+2	-7.80733E-3
2.56173E+2	-5.82596E-3
2.56222E+2	-5.87115E-3
2.56271E+2	-5.77063E-3
2.56320E+2	-6.25652E-3
2.56369E+2	-6.42280E-3
2.56417E+2	-6.37141E-3
2.56466E+2	-6.09175E-3
2.56515E+2	-6.83416E-3
2.56564E+2	-7.35848E-3
2.56613E+2	-6.56478E-3
2.56662E+2	-6.52831E-3
2.56711E+2	-7.12841E-3
2.56760E+2	-6.96821E-3
2.56808E+2	-6.28005E-3
2.56857E+2	-6.82054E-3
2.56906E+2	-6.63467E-3
2.56955E+2	-7.10563E-3
2.57004E+2	-6.48857E-3
2.57053E+2	-7.33184E-3
2.57102E+2	-5.99958E-3
2.57151E+2	-7.78123E-3
2.57199E+2	-7.36207E-3
2.57248E+2	-8.03933E-3
2.57297E+2	-6.29993E-3
2.57346E+2	-6.65502E-3
2.57395E+2	-7.80847E-3
2.57444E+2	-6.58276E-3
2.57493E+2	-7.86301E-3
2.57542E+2	-7.93171E-3
2.57590E+2	-7.82070E-3
2.57639E+2	-8.63006E-3
2.57688E+2	-7.18780E-3
2.57737E+2	-7.31996E-3
2.57786E+2	-7.92840E-3
2.57835E+2	-8.82277E-3
2.57884E+2	-7.50305E-3
2.57933E+2	-8.12796E-3
2.57981E+2	-9.43690E-3
2.58030E+2	-7.47365E-3
2.58079E+2	-8.16381E-3
2.58128E+2	-8.45598E-3
2.58177E+2	-7.51888E-3
2.58226E+2	-8.60691E-3
2.58275E+2	-8.72644E-3
2.58324E+2	-7.83135E-3
2.58372E+2	-8.50804E-3
2.58421E+2	-8.78526E-3
2.58470E+2	-8.20806E-3
2.58519E+2	-8.01485E-3
2.58568E+2	-1.03410E-2
2.58617E+2	-8.70471E-3
2.58666E+2	-7.83383E-3
2.58715E+2	-8.25916E-3
2.58763E+2	-1.07429E-2
2.58812E+2	-8.66952E-3
2.58861E+2	-8.97556E-3
2.58910E+2	-1.00293E-2
2.58959E+2	-9.73598E-3
2.59008E+2	-9.73341E-3
2.59057E+2	-9.07865E-3
2.59106E+2	-9.65137E-3
2.59154E+2	-9.60648E-3
2.59203E+2	-9.64122E-3
2.59252E+2	-1.07033E-2
2.59301E+2	-9.70324E-3
2.59350E+2	-9.69316E-3
2.59399E+2	-1.14666E-2
2.59448E+2	-1.08652E-2
2.59497E+2	-1.08206E-2
2.59545E+2	-9.95232E-3
2.59594E+2	-1.11687E-2
2.59643E+2	-1.10915E-2
2.59692E+2	-1.15719E-2
2.59741E+2	-1.14418E-2
2.59790E+2	-1.15301E-2
2.59839E+2	-1.12234E-2
2.59888E+2	-1.22894E-2
2.59936E+2	-1.19015E-2
2.59985E+2	-1.17039E-2
2.60034E+2	-1.30613E-2
2.60083E+2	-1.28435E-2
2.60132E+2	-1.35510E-2
2.60181E+2	-1.31724E-2
2.60230E+2	-1.25631E-2
2.60279E+2	-1.28357E-2
2.60327E+2	-1.38377E-2
2.60376E+2	-1.33828E-2
2.60425E+2	-1.42379E-2
2.60474E+2	-1.45739E-2
2.60523E+2	-1.44622E-2
2.60572E+2	-1.50874E-2
2.60621E+2	-1.58034E-2
2.60670E+2	-1.47839E-2
2.60718E+2	-1.59836E-2
2.60767E+2	-1.83020E-2
2.60816E+2	-1.53289E-2
2.60865E+2	-1.79585E-2
2.60914E+2	-1.83290E-2
2.60963E+2	-1.85199E-2
2.61012E+2	-1.86135E-2
2.61061E+2	-1.92401E-2
2.61109E+2	-1.93042E-2
2.61158E+2	-1.91504E-2
2.61207E+2	-2.06137E-2
2.61256E+2	-2.18755E-2
2.61305E+2	-2.23429E-2
2.61354E+2	-2.29677E-2
2.61403E+2	-2.37427E-2
2.61452E+2	-2.42640E-2
2.61500E+2	-2.55178E-2
2.61549E+2	-2.51558E-2
2.61598E+2	-2.80090E-2
2.61647E+2	-2.77961E-2
2.61696E+2	-2.69518E-2
2.61745E+2	-2.97216E-2
2.61794E+2	-3.10742E-2
2.61843E+2	-2.99952E-2
2.61891E+2	-3.27474E-2
2.61940E+2	-3.54371E-2
2.61989E+2	-3.35735E-2
2.62038E+2	-3.76914E-2
2.62087E+2	-3.75873E-2
2.62136E+2	-3.97865E-2
2.62185E+2	-4.07915E-2
2.62234E+2	-4.25933E-2
2.62283E+2	-4.55863E-2
2.62331E+2	-4.60532E-2
2.62380E+2	-4.78235E-2
2.62429E+2	-5.22692E-2
2.62478E+2	-5.38332E-2
2.62527E+2	-5.54290E-2
2.62576E+2	-5.87313E-2
2.62625E+2	-6.01323E-2
2.62674E+2	-6.51006E-2
2.62722E+2	-6.54751E-2
2.62771E+2	-7.08444E-2
2.62820E+2	-7.42724E-2
2.62869E+2	-7.57634E-2
2.62918E+2	-8.05742E-2
2.62967E+2	-8.40479E-2
2.63016E+2	-8.84752E-2
2.63065E+2	-9.20478E-2
2.63113E+2	-9.89483E-2
2.63162E+2	-1.01485E-1
2.63211E+2	-1.08918E-1
2.63260E+2	-1.14620E-1
2.63309E+2	-1.18740E-1
2.63358E+2	-1.25322E-1
2.63407E+2	-1.32623E-1
2.63456E+2	-1.38723E-1
2.63504E+2	-1.47573E-1
2.63553E+2	-1.54799E-1
2.63602E+2	-1.62696E-1
2.63651E+2	-1.70851E-1
2.63700E+2	-1.81179E-1
2.63749E+2	-1.92399E-1
2.63798E+2	-2.01815E-1
2.63847E+2	-2.13455E-1
2.63895E+2	-2.23693E-1
2.63944E+2	-2.36373E-1
2.63993E+2	-2.49200E-1
2.64042E+2	-2.61713E-1
2.64091E+2	-2.76091E-1
2.64140E+2	-2.89527E-1
2.64189E+2	-3.05287E-1
2.64238E+2	-3.19509E-1
2.64286E+2	-3.36140E-1
2.64335E+2	-3.51767E-1
2.64384E+2	-3.67179E-1
2.64433E+2	-3.86032E-1
2.64482E+2	-4.00621E-1
2.64531E+2	-4.19251E-1
2.64580E+2	-4.36198E-1
2.64629E+2	-4.53862E-1
2.64677E+2	-4.70885E-1
2.64726E+2	-4.87040E-1
2.64775E+2	-5.01236E-1
2.64824E+2	-5.15356E-1
2.64873E+2	-5.21809E-1
2.64922E+2	-5.23966E-1
2.64971E+2	-5.15076E-1
2.65020E+2	-4.93278E-1
2.65068E+2	-4.47356E-1
2.65117E+2	-3.81676E-1
2.65166E+2	-2.82585E-1
2.65215E+2	-1.55261E-1
2.65264E+2	2.30669E-3
2.65313E+2	1.81077E-1
2.65362E+2	3.75648E-1
2.65411E+2	5.77083E-1
2.65459E+2	7.69632E-1
2.65508E+2	9.46526E-1
2.65557E+2	1.09909E+0
2.65606E+2	1.22356E+0
2.65655E+2	1.31486E+0
2.65704E+2	1.37747E+0
2.65753E+2	1.41131E+0
2.65802E+2	1.41330E+0
2.65850E+2	1.38332E+0
2.65899E+2	1.33577E+0
2.65948E+2	1.25572E+0
2.65997E+2	1.15923E+0
2.66046E+2	1.04566E+0
2.66095E+2	9.23053E-1
2.66144E+2	7.92454E-1
2.66193E+2	6.72169E-1
2.66241E+2	5.54184E-1
2.66290E+2	4.47192E-1
2.66339E+2	3.52801E-1
2.66388E+2	2.72234E-1
2.66437E+2	2.03404E-1
2.66486E+2	1.46059E-1
2.66535E+2	1.04364E-1
2.66584E+2	7.18293E-2
2.66632E+2	5.09831E-2
2.66681E+2	3.93137E-2
2.66730E+2	3.42446E-2
2.66779E+2	3.60523E-2
2.66828E+2	4.03033E-2
2.66877E+2	4.45620E-2
2.66926E+2	4.75607E-2
2.66975E+2	4.64959E-2
2.67023E+2	4.06366E-2
2.67072E+2	3.12670E-2
2.67121E+2	2.03797E-2
2.67170E+2	4.70080E-3
2.67219E+2	-5.94701E-3
2.67268E+2	-1.60154E-2
2.67317E+2	-2.30386E-2
2.67366E+2	-2.67233E-2
2.67414E+2	-2.52071E-2
2.67463E+2	-2.21107E-2
2.67512E+2	-1.95036E-2
2.67561E+2	-1.42748E-2
2.67610E+2	-1.20044E-2
2.67659E+2	-9.89444E-3
2.67708E+2	-5.81781E-3
2.67757E+2	-2.32240E-3
2.67805E+2	3.30918E-3
2.67854E+2	6.59003E-3
2.67903E+2	1.18557E-2
2.67952E+2	1.46804E-2
2.68001E+2	1.82512E-2
2.68050E+2	1.50370E-2
2.68099E+2	1.37371E-2
2.68148E+2	8.98292E-3
2.68196E+2	4.35654E-3
2.68245E+2	-5.00450E-4
2.68294E+2	-5.56082E-3
2.68343E+2	-8.16404E-3
2.68392E+2	-8.23998E-3
2.68441E+2	-6.56379E-3
2.68490E+2	-1.30973E-3
2.68539E+2	2.33149E-3
2.68587E+2	1.09912E-2
2.68636E+2	1.56959E-2
2.68685E+2	2.34640E-2
2.68734E+2	2.54691E-2
2.68783E+2	2.20372E-2
2.68832E+2	2.22610E-2
2.68881E+2	1.33845E-2
2.68930E+2	8.10412E-3
2.68978E+2	-4.92093E-3
2.69027E+2	-1.17121E-2
2.69076E+2	-2.13192E-2
2.69125E+2	-2.41811E-2
2.69174E+2	-2.75092E-2
2.69223E+2	-2.83081E-2
2.69272E+2	-2.64899E-2
2.69321E+2	-2.49312E-2
2.69370E+2	-2.18027E-2
2.69418E+2	-2.21659E-2
2.69467E+2	-2.40632E-2
2.69516E+2	-2.78746E-2
2.69565E+2	-2.87024E-2
2.69614E+2	-2.94214E-2
2.69663E+2	-3.21149E-2
2.69712E+2	-2.96271E-2
2.69761E+2	-2.76624E-2
2.69809E+2	-2.40718E-2
2.69858E+2	-2.06513E-2
2.69907E+2	-1.95318E-2
2.69956E+2	-1.77424E-2
2.70005E+2	-1.30294E-2
2.70054E+2	-1.32759E-2
2.70103E+2	-1.27459E-2
2.70152E+2	-1.10644E-2
2.70200E+2	-9.57775E-3
2.70249E+2	-8.30081E-3
2.70298E+2	-8.58714E-3
2.70347E+2	-8.76430E-3
2.70396E+2	-9.48169E-3
2.70445E+2	-1.37720E-2
2.70494E+2	-1.48423E-2
2.70543E+2	-2.00318E-2
2.70591E+2	-2.69520E-2
2.70640E+2	-3.46240E-2
2.70689E+2	-4.70423E-2
2.70738E+2	-5.60263E-2
2.70787E+2	-6.84141E-2
2.70836E+2	-7.71597E-2
2.70885E+2	-8.63267E-2
2.70934E+2	-9.11811E-2
2.70982E+2	-9.61944E-2
2.71031E+2	-1.00795E-1
2.71080E+2	-1.01780E-1
2.71129E+2	-1.03339E-1
2.71178E+2	-1.01653E-1
2.71227E+2	-1.01580E-1
2.71276E+2	-9.66183E-2
2.71325E+2	-8.77028E-2
2.71373E+2	-8.31949E-2
2.71422E+2	-7.42081E-2
2.71471E+2	-6.39932E-2
2.71520E+2	-5.77159E-2
2.71569E+2	-4.87747E-2
2.71618E+2	-4.06999E-2
2.71667E+2	-3.82083E-2
2.71716E+2	-3.67113E-2
2.71764E+2	-3.37079E-2
2.71813E+2	-3.38442E-2
2.71862E+2	-3.36639E-2
2.71911E+2	-3.46481E-2
2.71960E+2	-3.36165E-2
2.72009E+2	-3.49836E-2
2.72058E+2	-3.35461E-2
2.72107E+2	-3.24426E-2
2.72155E+2	-3.21291E-2
2.72204E+2	-3.12842E-2
2.72253E+2	-3.60846E-2
2.72302E+2	-3.52398E-2
2.72351E+2	-3.82216E-2
2.72400E+2	-3.78583E-2
2.72449E+2	-4.10953E-2
2.72498E+2	-4.23116E-2
2.72546E+2	-4.37361E-2
2.72595E+2	-4.90132E-2
2.72644E+2	-5.02351E-2
2.72693E+2	-5.45957E-2
2.72742E+2	-5.54759E-2
2.72791E+2	-5.66816E-2
2.72840E+2	-5.53857E-2
2.72889E+2	-5.40672E-2
2.72937E+2	-5.57381E-2
2.72986E+2	-5.13541E-2
2.73035E+2	-4.79026E-2
2.73084E+2	-4.57583E-2
2.73133E+2	-4.33611E-2
2.73182E+2	-3.78938E-2
2.73231E+2	-3.70739E-2
2.73280E+2	-3.29816E-2
2.73328E+2	-3.10162E-2
2.73377E+2	-2.55398E-2
2.73426E+2	-2.32003E-2
2.73475E+2	-1.78593E-2
2.73524E+2	-1.40686E-2
2.73573E+2	-1.07271E-2
2.73622E+2	-1.27228E-2
2.73671E+2	-9.81300E-3
2.73719E+2	-9.63260E-3
2.73768E+2	-1.20763E-2
2.73817E+2	-1.38666E-2
2.73866E+2	-1.42289E-2
2.73915E+2	-1.43695E-2
2.73964E+2	-1.30506E-2
2.74013E+2	-1.08798E-2
2.74062E+2	-8.03942E-3
2.74110E+2	-4.57806E-3
2.74159E+2	-5.53865E-3
2.74208E+2	-2.34334E-3
2.74257E+2	-2.59949E-3
2.74306E+2	-2.38007E-3
2.74355E+2	-3.29595E-3
2.74404E+2	-5.90335E-3
2.74453E+2	-8.30907E-3
2.74501E+2	-1.34794E-2
2.74550E+2	-1.92362E-2
2.74599E+2	-2.64848E-2
2.74648E+2	-3.14868E-2
2.74697E+2	-3.70095E-2
2.74746E+2	-4.21349E-2
2.74795E+2	-4.15985E-2
2.74844E+2	-4.60323E-2
2.74892E+2	-4.26389E-2
2.74941E+2	-4.05521E-2
2.74990E+2	-3.56427E-2
2.75039E+2	-3.17039E-2
2.75088E+2	-2.74265E-2
2.75137E+2	-2.15502E-2
2.75186E+2	-1.50191E-2
2.75235E+2	-1.03321E-2
2.75283E+2	-3.89949E-3
2.75332E+2	2.72727E-3
2.75381E+2	7.18258E-3
2.75430E+2	9.35578E-3
2.75479E+2	1.13083E-2
2.75528E+2	1.28126E-2
2.75577E+2	1.04237E-2
2.75626E+2	9.99683E-3
2.75674E+2	6.82859E-3
2.75723E+2	5.72986E-3
2.75772E+2	4.35995E-3
2.75821E+2	1.35925E-4
2.75870E+2	-4.34482E-3
2.75919E+2	-6.36764E-3
2.75968E+2	-9.82756E-3
2.76017E+2	-1.37459E-2
2.76065E+2	-1.68364E-2
2.76114E+2	-2.04977E-2
2.76163E+2	-2.45446E-2
2.76212E+2	-3.15844E-2
2.76261E+2	-3.36013E-2
2.76310E+2	-3.71096E-2
2.76359E+2	-4.31152E-2
2.76408E+2	-4.69472E-2
2.76457E+2	-4.94024E-2
2.76505E+2	-5.39354E-2
2.76554E+2	-5.65459E-2
2.76603E+2	-5.71884E-2
2.76652E+2	-5.86743E-2
2.76701E+2	-5.91020E-2
2.76750E+2	-5.79612E-2
2.76799E+2	-5.76965E-2
2.76848E+2	-5.18181E-2
2.76896E+2	-4.86033E-2
2.76945E+2	-4.31569E-2
2.76994E+2	-3.63435E-2
2.77043E+2	-2.82593E-2
2.77092E+2	-2.41832E-2
2.77141E+2	-1.94094E-2
2.77190E+2	-1.50545E-2
2.77239E+2	-1.41383E-2
2.77287E+2	-1.59408E-2
2.77336E+2	-1.96480E-2
2.77385E+2	-2.39695E-2
2.77434E+2	-3.04291E-2
2.77483E+2	-3.91191E-2
2.77532E+2	-4.55461E-2
2.77581E+2	-4.91869E-2
2.77630E+2	-5.73277E-2
2.77678E+2	-5.98972E-2
2.77727E+2	-6.16750E-2
2.77776E+2	-6.43899E-2
2.77825E+2	-5.89585E-2
2.77874E+2	-5.90682E-2
2.77923E+2	-5.94457E-2
2.77972E+2	-6.38307E-2
2.78021E+2	-6.31757E-2
2.78069E+2	-6.74054E-2
2.78118E+2	-6.82987E-2
2.78167E+2	-7.33676E-2
2.78216E+2	-7.70981E-2
2.78265E+2	-8.02301E-2
2.78314E+2	-8.53204E-2
2.78363E+2	-8.76776E-2
2.78412E+2	-8.88041E-2
2.78460E+2	-9.17427E-2
2.78509E+2	-9.51763E-2
2.78558E+2	-9.47341E-2
2.78607E+2	-9.51199E-2
2.78656E+2	-9.46426E-2
2.78705E+2	-9.56075E-2
2.78754E+2	-9.77790E-2
2.78803E+2	-9.43593E-2
2.78851E+2	-9.27456E-2
2.78900E+2	-9.05875E-2
2.78949E+2	-8.87817E-2
2.78998E+2	-8.66502E-2
2.79047E+2	-8.78569E-2
2.79096E+2	-8.81147E-2
2.79145E+2	-9.34754E-2
2.79194E+2	-9.64401E-2
2.79242E+2	-1.04287E-1
2.79291E+2	-1.10192E-1
2.79340E+2	-1.12870E-1
2.79389E+2	-1.18295E-1
2.79438E+2	-1.20600E-1
2.79487E+2	-1.21610E-1
2.79536E+2	-1.22266E-1
2.79585E+2	-1.20641E-1
2.79633E+2	-1.21657E-1
2.79682E+2	-1.19587E-1
2.79731E+2	-1.19157E-1
2.79780E+2	-1.15627E-1
2.79829E+2	-1.07595E-1
2.79878E+2	-9.62543E-2
2.79927E+2	-7.19951E-2
2.79976E+2	-4.02573E-2
2.80024E+2	2.84034E-3
2.80073E+2	5.58722E-2
2.80122E+2	1.19289E-1
2.80171E+2	1.82548E-1
2.80220E+2	2.52690E-1
2.80269E+2	3.13923E-1
2.80318E+2	3.68398E-1
2.80367E+2	4.16447E-1
2.80415E+2	4.54412E-1
2.80464E+2	4.82913E-1
2.80513E+2	5.03076E-1
2.80562E+2	5.16264E-1
2.80611E+2	5.18133E-1
2.80660E+2	5.13947E-1
2.80709E+2	4.96578E-1
2.80758E+2	4.73682E-1
2.80806E+2	4.39721E-1
2.80855E+2	4.00389E-1
2.80904E+2	3.58018E-1
2.80953E+2	3.12207E-1
2.81002E+2	2.71344E-1
2.81051E+2	2.33679E-1
2.81100E+2	2.01923E-1
2.81149E+2	1.76375E-1
2.81197E+2	1.55901E-1
2.81246E+2	1.38748E-1
2.81295E+2	1.30858E-1
2.81344E+2	1.23838E-1
2.81393E+2	1.17877E-1
2.81442E+2	1.15354E-1
2.81491E+2	1.13811E-1
2.81540E+2	1.11512E-1
2.81588E+2	1.06195E-1
2.81637E+2	1.02374E-1
2.81686E+2	9.73764E-2
2.81735E+2	9.38031E-2
2.81784E+2	8.68339E-2
2.81833E+2	8.23071E-2
2.81882E+2	7.59030E-2
2.81931E+2	6.91510E-2
2.81979E+2	6.42073E-2
2.82028E+2	5.82656E-2
2.82077E+2	5.88866E-2
2.82126E+2	5.85009E-2
2.82175E+2	6.17314E-2
2.82224E+2	6.91192E-2
2.82273E+2	7.52353E-2
2.82322E+2	8.21871E-2
2.82370E+2	8.99130E-2
2.82419E+2	9.22095E-2
2.82468E+2	9.60923E-2
2.82517E+2	9.60353E-2
2.82566E+2	9.36690E-2
2.82615E+2	8.92899E-2
2.82664E+2	8.77251E-2
2.82713E+2	8.30821E-2
2.82761E+2	7.56481E-2
2.82810E+2	7.13184E-2
2.82859E+2	6.18129E-2
2.82908E+2	5.45379E-2
2.82957E+2	4.72211E-2
2.83006E+2	4.08247E-2
2.83055E+2	3.45481E-2
2.83104E+2	3.03194E-2
2.83152E+2	2.77674E-2
2.83201E+2	2.63185E-2
2.83250E+2	2.56608E-2
2.83299E+2	2.24572E-2
2.83348E+2	2.15298E-2
2.83397E+2	1.81304E-2
2.83446E+2	1.17765E-2
2.83495E+2	6.87707E-3
2.83543E+2	-2.26503E-3
2.83592E+2	-1.12100E-2
2.83641E+2	-2.10526E-2
2.83690E+2	-3.22690E-2
2.83739E+2	-4.11201E-2
2.83788E+2	-5.14739E-2
2.83837E+2	-6.00389E-2
2.83886E+2	-6.52005E-2
2.83935E+2	-7.14715E-2
2.83983E+2	-7.50979E-2
2.84032E+2	-7.95066E-2
2.84081E+2	-8.03001E-2
2.84130E+2	-8.07775E-2
2.84179E+2	-8.06914E-2
2.84228E+2	-8.24765E-2
2.84277E+2	-8.33492E-2
2.84326E+2	-8.54789E-2
2.84374E+2	-8.78476E-2
2.84423E+2	-9.11196E-2
2.84472E+2	-9.36588E-2
2.84521E+2	-9.80690E-2
2.84570E+2	-9.59846E-2
2.84619E+2	-9.65194E-2
2.84668E+2	-9.34280E-2
2.84717E+2	-8.37431E-2
2.84765E+2	-7.00890E-2
2.84814E+2	-5.28835E-2
2.84863E+2	-2.29249E-2
2.84912E+2	7.58876E-3
2.84961E+2	4.54228E-2
2.85010E+2	8.68961E-2
2.85059E+2	1.28618E-1
2.85108E+2	1.68746E-1
2.85156E+2	2.04406E-1
2.85205E+2	2.31515E-1
2.85254E+2	2.52845E-1
2.85303E+2	2.68028E-1
2.85352E+2	2.69462E-1
2.85401E+2	2.66159E-1
2.85450E+2	2.55040E-1
2.85499E+2	2.39321E-1
2.85547E+2	2.16849E-1
2.85596E+2	1.93883E-1
2.85645E+2	1.65961E-1
2.85694E+2	1.42416E-1
2.85743E+2	1.13923E-1
2.85792E+2	9.81754E-2
2.85841E+2	7.71636E-2
2.85890E+2	6.37055E-2
2.85938E+2	5.11200E-2
2.85987E+2	4.32446E-2
2.86036E+2	3.67219E-2
2.86085E+2	3.14733E-2
2.86134E+2	2.80640E-2
2.86183E+2	2.84474E-2
2.86232E+2	2.71998E-2
2.86281E+2	2.94284E-2
2.86329E+2	3.22325E-2
2.86378E+2	3.62111E-2
2.86427E+2	3.98334E-2
2.86476E+2	4.17028E-2
2.86525E+2	4.49033E-2
2.86574E+2	4.25042E-2
2.86623E+2	4.12702E-2
2.86672E+2	3.68363E-2
2.86720E+2	3.06071E-2
2.86769E+2	2.40276E-2
2.86818E+2	1.71225E-2
2.86867E+2	1.03512E-2
2.86916E+2	2.25010E-3
2.86965E+2	-2.48288E-3
2.87014E+2	-5.16347E-3
2.87063E+2	-7.73663E-3
2.87111E+2	-9.73539E-3
2.87160E+2	-7.53154E-3
2.87209E+2	-9.72930E-3
2.87258E+2	-8.04316E-3
2.87307E+2	-2.82964E-3
2.87356E+2	-3.70375E-3
2.87405E+2	-8.16033E-4
2.87454E+2	7.53976E-4
2.87502E+2	2.34807E-3
2.87551E+2	3.86733E-3
2.87600E+2	8.14794E-3
2.87649E+2	8.00057E-3
2.87698E+2	1.15019E-2
2.87747E+2	1.28200E-2
2.87796E+2	1.45732E-2
2.87845E+2	1.36752E-2
2.87893E+2	1.51906E-2
2.87942E+2	1.32909E-2
2.87991E+2	1.52816E-2
2.88040E+2	1.44035E-2
2.88089E+2	1.45247E-2
2.88138E+2	1.71641E-2
2.88187E+2	1.87797E-2
2.88236E+2	2.21136E-2
2.88284E+2	2.43677E-2
2.88333E+2	2.70281E-2
2.88382E+2	2.81892E-2
2.88431E+2	2.76733E-2
2.88480E+2	2.72789E-2
2.88529E+2	2.29165E-2
2.88578E+2	2.10596E-2
2.88627E+2	1.54806E-2
2.88675E+2	1.15417E-2
2.88724E+2	7.59919E-3
2.88773E+2	3.06063E-3
2.88822E+2	7.95765E-4
2.88871E+2	3.49895E-4
2.88920E+2	-2.11237E-4
2.88969E+2	3.86708E-4
2.89018E+2	2.75899E-3
2.89066E+2	4.31103E-3
2.89115E+2	5.08410E-3
2.89164E+2	5.71668E-3
2.89213E+2	4.26849E-3
2.89262E+2	4.07223E-3
2.89311E+2	2.09798E-3
2.89360E+2	-1.20898E-3
2.89409E+2	-2.24042E-3
2.89457E+2	-4.71505E-3
2.89506E+2	-5.61689E-3
2.89555E+2	-5.69180E-3
2.89604E+2	-5.08858E-3
2.89653E+2	-2.02782E-3
2.89702E+2	1.38285E-3
2.89751E+2	3.91201E-3
2.89800E+2	9.29465E-3
2.89848E+2	1.27238E-2
2.89897E+2	1.92275E-2
2.89946E+2	2.31215E-2
2.89995E+2	2.79145E-2
2.90044E+2	3.26695E-2
2.90093E+2	3.49966E-2
2.90142E+2	4.00374E-2
2.90191E+2	3.79142E-2
2.90239E+2	3.77924E-2
2.90288E+2	3.67175E-2
2.90337E+2	3.30912E-2
2.90386E+2	2.52517E-2
2.90435E+2	1.84646E-2
2.90484E+2	1.19987E-2
2.90533E+2	8.01742E-3
2.90582E+2	2.32562E-3
2.90630E+2	-3.04499E-5
2.90679E+2	-1.60610E-3
2.90728E+2	-4.49761E-3
2.90777E+2	-5.95155E-3
2.90826E+2	-8.63012E-3
2.90875E+2	-1.19172E-2
2.90924E+2	-1.61695E-2
2.90973E+2	-1.77005E-2
2.91022E+2	-1.81752E-2
2.91070E+2	-2.17193E-2
2.91119E+2	-1.94720E-2
2.91168E+2	-1.82991E-2
2.91217E+2	-1.22280E-2
2.91266E+2	-1.04044E-2
2.91315E+2	-6.24020E-3
2.91364E+2	-4.50642E-3
2.91413E+2	-1.56936E-3
2.91461E+2	7.73587E-4
2.91510E+2	2.54112E-3
2.91559E+2	5.38983E-3
2.91608E+2	9.10314E-3
2.91657E+2	1.30932E-2
2.91706E+2	1.71249E-2
2.91755E+2	2.05076E-2
2.91804E+2	2.29760E-2
2.91852E+2	2.31163E-2
2.91901E+2	2.64076E-2
2.91950E+2	2.34802E-2
2.91999E+2	2.19366E-2
2.92048E+2	1.65800E-2
2.92097E+2	1.16056E-2
2.92146E+2	4.84746E-3
2.92195E+2	-3.14895E-3
2.92243E+2	-6.70883E-3
2.92292E+2	-1.40988E-2
2.92341E+2	-2.07867E-2
2.92390E+2	-2.35937E-2
2.92439E+2	-2.38013E-2
2.92488E+2	-2.39154E-2
2.92537E+2	-2.44103E-2
2.92586E+2	-2.29064E-2
2.92634E+2	-2.29442E-2
2.92683E+2	-1.92511E-2
2.92732E+2	-1.90103E-2
2.92781E+2	-1.85241E-2
2.92830E+2	-1.87317E-2
2.92879E+2	-1.69704E-2
2.92928E+2	-1.94939E-2
2.92977E+2	-1.95739E-2
2.93025E+2	-1.98589E-2
2.93074E+2	-2.17479E-2
2.93123E+2	-2.07526E-2
2.93172E+2	-2.01241E-2
2.93221E+2	-2.07746E-2
2.93270E+2	-1.98867E-2
2.93319E+2	-1.83170E-2
2.93368E+2	-1.51354E-2
2.93416E+2	-1.35744E-2
2.93465E+2	-1.17301E-2
2.93514E+2	-8.81585E-3
2.93563E+2	-7.93059E-3
2.93612E+2	-8.85558E-3
2.93661E+2	-8.51311E-3
2.93710E+2	-9.06429E-3
2.93759E+2	-1.11927E-2
2.93807E+2	-1.42073E-2
2.93856E+2	-1.64270E-2
2.93905E+2	-1.82379E-2
2.93954E+2	-1.96339E-2
2.94003E+2	-2.42250E-2
2.94052E+2	-2.57261E-2
2.94101E+2	-3.00631E-2
2.94150E+2	-3.07102E-2
2.94198E+2	-3.27884E-2
2.94247E+2	-3.65927E-2
2.94296E+2	-3.65541E-2
2.94345E+2	-3.81062E-2
2.94394E+2	-3.72104E-2
2.94443E+2	-3.94830E-2
2.94492E+2	-3.95189E-2
2.94541E+2	-4.15296E-2
2.94589E+2	-3.79377E-2
2.94638E+2	-3.70791E-2
2.94687E+2	-3.24553E-2
2.94736E+2	-2.37858E-2
2.94785E+2	-1.23740E-2
2.94834E+2	4.82010E-3
2.94883E+2	2.10474E-2
2.94932E+2	4.52944E-2
2.94980E+2	6.92566E-2
2.95029E+2	9.49487E-2
2.95078E+2	1.18876E-1
2.95127E+2	1.41639E-1
2.95176E+2	1.59525E-1
2.95225E+2	1.76612E-1
2.95274E+2	1.89139E-1
2.95323E+2	1.94765E-1
2.95371E+2	1.99419E-1
2.95420E+2	1.99393E-1
2.95469E+2	1.96072E-1
2.95518E+2	1.89752E-1
2.95567E+2	1.80712E-1
2.95616E+2	1.65905E-1
2.95665E+2	1.51997E-1
2.95714E+2	1.34894E-1
2.95762E+2	1.17991E-1
2.95811E+2	9.95909E-2
2.95860E+2	8.21651E-2
2.95909E+2	6.71360E-2
2.95958E+2	5.62099E-2
2.96007E+2	4.63239E-2
2.96056E+2	3.83442E-2
2.96105E+2	3.11553E-2
2.96153E+2	2.85198E-2
2.96202E+2	2.34695E-2
2.96251E+2	2.28553E-2
2.96300E+2	2.02762E-2
2.96349E+2	1.64481E-2
2.96398E+2	1.41186E-2
2.96447E+2	1.15265E-2
2.96496E+2	1.11275E-2
2.96544E+2	9.49359E-3
2.96593E+2	9.03630E-3
2.96642E+2	9.27111E-3
2.96691E+2	8.14303E-3
2.96740E+2	1.08712E-2
2.96789E+2	9.44808E-3
2.96838E+2	1.25297E-2
2.96887E+2	1.23417E-2
2.96935E+2	1.46486E-2
2.96984E+2	1.63553E-2
2.97033E+2	1.74124E-2
2.97082E+2	1.95300E-2
2.97131E+2	2.00089E-2
2.97180E+2	2.05632E-2
2.97229E+2	1.78945E-2
2.97278E+2	1.63049E-2
2.97326E+2	1.30438E-2
2.97375E+2	8.61678E-3
2.97424E+2	8.34982E-3
2.97473E+2	2.42627E-3
2.97522E+2	-8.04414E-4
2.97571E+2	-9.10395E-4
2.97620E+2	-6.05953E-3
2.97669E+2	-1.04022E-2
2.97717E+2	-1.31169E-2
2.97766E+2	-1.62980E-2
2.97815E+2	-2.05329E-2
2.97864E+2	-2.35415E-2
2.97913E+2	-2.52950E-2
2.97962E+2	-2.67806E-2
2.98011E+2	-2.75259E-2
2.98060E+2	-2.63273E-2
2.98109E+2	-2.56371E-2
2.98157E+2	-2.60481E-2
2.98206E+2	-2.36889E-2
2.98255E+2	-2.27858E-2
2.98304E+2	-2.10786E-2
2.98353E+2	-1.76793E-2
2.98402E+2	-1.72958E-2
2.98451E+2	-1.49229E-2
2.98500E+2	-1.44925E-2
2.98548E+2	-1.44723E-2
2.98597E+2	-1.26493E-2
2.98646E+2	-1.64607E-2
2.98695E+2	-1.41498E-2
2.98744E+2	-1.48930E-2
2.98793E+2	-1.42145E-2
2.98842E+2	-1.57877E-2
2.98891E+2	-1.19547E-2
2.98939E+2	-9.11692E-3
2.98988E+2	-8.60399E-3
2.99037E+2	-6.11071E-3
2.99086E+2	-5.00925E-3
2.99135E+2	-5.38282E-3
2.99184E+2	-3.76586E-3
2.99233E+2	-7.70974E-3
2.99282E+2	-7.88894E-3
2.99330E+2	-7.17567E-3
2.99379E+2	-8.50874E-3
2.99428E+2	-8.08996E-3
2.99477E+2	-7.70536E-3
2.99526E+2	-5.42547E-3
2.99575E+2	-4.87980E-3
2.99624E+2	-1.84068E-5
2.99673E+2	7.50281E-3
2.99721E+2	1.23884E-2
2.99770E+2	2.33565E-2
2.99819E+2	3.46463E-2
2.99868E+2	4.75478E-2
2.99917E+2	5.80707E-2
2.99966E+2	6.72265E-2
3.00015E+2	7.27374E-2
3.00064E+2	7.90704E-2
3.00112E+2	8.06642E-2
3.00161E+2	8.00316E-2
3.00210E+2	7.69292E-2
3.00259E+2	7.17878E-2
3.00308E+2	6.71782E-2
3.00357E+2	6.09683E-2
3.00406E+2	5.32205E-2
3.00455E+2	4.66375E-2
3.00503E+2	4.04802E-2
3.00552E+2	3.35292E-2
3.00601E+2	2.86114E-2
3.00650E+2	2.58718E-2
3.00699E+2	2.13174E-2
3.00748E+2	1.82198E-2
3.00797E+2	1.60657E-2
3.00846E+2	1.66952E-2
3.00894E+2	1.25755E-2
3.00943E+2	1.16518E-2
3.00992E+2	1.05857E-2
3.01041E+2	9.56225E-3
3.01090E+2	7.35797E-3
3.01139E+2	5.27072E-3
3.01188E+2	2.17961E-3
3.01237E+2	3.12731E-4
3.01285E+2	-3.22707E-3
3.01334E+2	-7.17748E-3
3.01383E+2	-1.14425E-2
3.01432E+2	-1.51824E-2
3.01481E+2	-2.06288E-2
3.01530E+2	-2.40140E-2
3.01579E+2	-2.75173E-2
3.01628E+2	-3.10920E-2
3.01676E+2	-3.34943E-2
3.01725E+2	-3.38750E-2
3.01774E+2	-3.37568E-2
3.01823E+2	-3.25235E-2
3.01872E+2	-2.94940E-2
3.01921E+2	-2.49835E-2
3.01970E+2	-2.09763E-2
3.02019E+2	-1.58047E-2
3.02067E+2	-1.19804E-2
3.02116E+2	-8.53358E-3
3.02165E+2	-5.93659E-3
3.02214E+2	-3.93964E-3
3.02263E+2	-2.49605E-3
3.02312E+2	-9.83496E-4
3.02361E+2	3.15824E-4
3.02410E+2	2.17898E-3
3.02458E+2	4.80410E-3
3.02507E+2	8.02025E-3
3.02556E+2	9.39441E-3
3.02605E+2	1.11306E-2
3.02654E+2	1.16394E-2
3.02703E+2	1.11850E-2
3.02752E+2	9.85023E-3
3.02801E+2	9.02816E-3
3.02849E+2	7.43661E-3
3.02898E+2	5.07851E-3
3.02947E+2	4.49343E-3
3.02996E+2	2.65016E-3
3.03045E+2	1.65993E-3
3.03094E+2	6.83307E-4
3.03143E+2	1.28269E-3
3.03192E+2	7.08642E-4
3.03240E+2	-3.93673E-4
3.03289E+2	-1.72212E-3
3.03338E+2	-2.00355E-3
3.03387E+2	-2.88785E-3
3.03436E+2	-4.00305E-3
3.03485E+2	-5.32341E-3
3.03534E+2	-6.40622E-3
3.03583E+2	-5.27262E-3
3.03631E+2	-3.13713E-3
3.03680E+2	-3.09980E-3
3.03729E+2	-9.10499E-4
3.03778E+2	8.87703E-4
3.03827E+2	3.17832E-3
3.03876E+2	4.48301E-3
3.03925E+2	4.98080E-3
3.03974E+2	4.96269E-3
3.04022E+2	4.26738E-3
3.04071E+2	2.81794E-3
3.04120E+2	3.97668E-3
3.04169E+2	1.53899E-3
3.04218E+2	1.79266E-3
3.04267E+2	2.96013E-3
3.04316E+2	3.17112E-3
3.04365E+2	6.60542E-3
3.04413E+2	8.91672E-3
3.04462E+2	1.33905E-2
3.04511E+2	2.05550E-2
3.04560E+2	2.77322E-2
3.04609E+2	3.47639E-2
3.04658E+2	4.33651E-2
3.04707E+2	5.13453E-2
3.04756E+2	5.76445E-2
3.04804E+2	6.42703E-2
3.04853E+2	6.83940E-2
3.04902E+2	6.92597E-2
3.04951E+2	6.80797E-2
3.05000E+2	6.51236E-2
