2.55000E+2	-1.12269E-2
2.55049E+2	-1.16014E-2
2.55098E+2	-1.12727E-2
2.55147E+2	-1.15612E-2
2.55196E+2	-1.19751E-2
2.55244E+2	-1.21055E-2
2.55293E+2	-1.27484E-2
2.55342E+2	-1.21273E-2
2.55391E+2	-1.25898E-2
2.55440E+2	-1.26831E-2
2.55489E+2	-1.31773E-2
2.55538E+2	-1.20850E-2
2.55587E+2	-1.42538E-2
2.55635E+2	-1.29068E-2
2.55684E+2	-1.33097E-2
2.55733E+2	-1.64741E-2
2.55782E+2	-1.33003E-2
2.55831E+2	-1.37059E-2
2.55880E+2	-1.52212E-2
2.55929E+2	-1.38039E-2
2.55978E+2	-1.54651E-2
2.56026E+2	-1.54365E-2
2.56075E+2	-1.47846E-2
2.56124E+2	-1.65298E-2
2.56173E+2	-1.55296E-2
2.56222E+2	-1.64967E-2
2.56271E+2	-1.65065E-2
2.56320E+2	-1.70550E-2
2.56369E+2	-1.75519E-2
2.56417E+2	-1.71519E-2
2.56466E+2	-1.76080E-2
2.56515E+2	-1.90392E-2
2.56564E+2	-1.76946E-2
2.56613E+2	-1.85098E-2
2.56662E+2	-1.88669E-2
2.56711E+2	-1.80197E-2
2.56760E+2	-2.05916E-2
2.56808E+2	-1.98340E-2
2.56857E+2	-1.96783E-2
2.56906E+2	-2.01011E-2
2.56955E+2	-2.14570E-2
2.57004E+2	-2.03680E-2
2.57053E+2	-2.16057E-2
2.57102E+2	-2.26115E-2
2.57151E+2	-2.24179E-2
2.57199E+2	-2.24653E-2
2.57248E+2	-2.18737E-2
2.57297E+2	-2.46857E-2
2.57346E+2	-2.23997E-2
2.57395E+2	-2.43840E-2
2.57444E+2	-2.38102E-2
2.57493E+2	-2.46307E-2
2.57542E+2	-2.60435E-2
2.57590E+2	-2.52079E-2
2.57639E+2	-2.81987E-2
2.57688E+2	-2.70860E-2
2.57737E+2	-2.62524E-2
2.57786E+2	-2.93414E-2
2.57835E+2	-2.81889E-2
2.57884E+2	-3.10520E-2
2.57933E+2	-2.77990E-2
2.57981E+2	-3.18567E-2
2.58030E+2	-3.02175E-2
2.58079E+2	-3.28434E-2
2.58128E+2	-3.22812E-2
2.58177E+2	-3.36111E-2
2.58226E+2	-3.40304E-2
2.58275E+2	-3.49744E-2
2.58324E+2	-3.45276E-2
2.58372E+2	-3.60923E-2
2.58421E+2	-3.72031E-2
2.58470E+2	-3.86233E-2
2.58519E+2	-3.88821E-2
2.58568E+2	-4.14681E-2
2.58617E+2	-4.02532E-2
2.58666E+2	-4.32903E-2
2.58715E+2	-4.20489E-2
2.58763E+2	-4.45063E-2
2.58812E+2	-4.54894E-2
2.58861E+2	-4.47164E-2
2.58910E+2	-4.82878E-2
2.58959E+2	-4.87132E-2
2.59008E+2	-5.01754E-2
2.59057E+2	-5.08335E-2
2.59106E+2	-5.21901E-2
2.59154E+2	-5.43631E-2
2.59203E+2	-5.67053E-2
2.59252E+2	-5.72520E-2
2.59301E+2	-5.90696E-2
2.59350E+2	-6.15721E-2
2.59399E+2	-6.44838E-2
2.59448E+2	-6.47755E-2
2.59497E+2	-6.46626E-2
2.59545E+2	-6.98666E-2
2.59594E+2	-7.31822E-2
2.59643E+2	-7.30554E-2
2.59692E+2	-7.58473E-2
2.59741E+2	-7.89724E-2
2.59790E+2	-8.27878E-2
2.59839E+2	-8.47490E-2
2.59888E+2	-8.94887E-2
2.59936E+2	-9.07891E-2
2.59985E+2	-9.56051E-2
2.60034E+2	-9.91270E-2
2.60083E+2	-1.03122E-1
2.60132E+2	-1.06226E-1
2.60181E+2	-1.10113E-1
2.60230E+2	-1.15692E-1
2.60279E+2	-1.20061E-1
2.60327E+2	-1.26569E-1
2.60376E+2	-1.30574E-1
2.60425E+2	-1.38201E-1
2.60474E+2	-1.41734E-1
2.60523E+2	-1.50159E-1
2.60572E+2	-1.55302E-1
2.60621E+2	-1.65147E-1
2.60670E+2	-1.72698E-1
2.60718E+2	-1.80364E-1
2.60767E+2	-1.88220E-1
2.60816E+2	-1.97815E-1
2.60865E+2	-2.08593E-1
2.60914E+2	-2.18745E-1
2.60963E+2	-2.28932E-1
2.61012E+2	-2.43827E-1
2.61061E+2	-2.52297E-1
2.61109E+2	-2.66039E-1
2.61158E+2	-2.80841E-1
2.61207E+2	-2.94228E-1
2.61256E+2	-3.10049E-1
2.61305E+2	-3.23683E-1
2.61354E+2	-3.43892E-1
2.61403E+2	-3.57329E-1
2.61452E+2	-3.78018E-1
2.61500E+2	-3.97050E-1
2.61549E+2	-4.16628E-1
2.61598E+2	-4.36847E-1
2.61647E+2	-4.57337E-1
2.61696E+2	-4.79610E-1
2.61745E+2	-4.99225E-1
2.61794E+2	-5.22976E-1
2.61843E+2	-5.46824E-1
2.61891E+2	-5.66455E-1
2.61940E+2	-5.88516E-1
2.61989E+2	-6.06656E-1
2.62038E+2	-6.23337E-1
2.62087E+2	-6.34439E-1
2.62136E+2	-6.40641E-1
2.62185E+2	-6.31956E-1
2.62234E+2	-6.11689E-1
2.62283E+2	-5.69909E-1
2.62331E+2	-5.04189E-1
2.62380E+2	-4.04457E-1
2.62429E+2	-2.79974E-1
2.62478E+2	-1.19143E-1
2.62527E+2	6.76310E-2
2.62576E+2	2.70204E-1
2.62625E+2	4.88762E-1
2.62674E+2	6.99852E-1
2.62722E+2	9.10336E-1
2.62771E+2	1.09981E+0
2.62820E+2	1.27375E+0
2.62869E+2	1.41067E+0
2.62918E+2	1.52402E+0
2.62967E+2	1.60296E+0
2.63016E+2	1.64403E+0
2.63065E+2	1.65823E+0
2.63113E+2	1.63207E+0
2.63162E+2	1.57973E+0
2.63211E+2	1.50233E+0
2.63260E+2	1.40004E+0
2.63309E+2	1.28732E+0
2.63358E+2	1.15577E+0
2.63407E+2	1.03239E+0
2.63456E+2	9.03188E-1
2.63504E+2	7.77963E-1
2.63553E+2	6.63828E-1
2.63602E+2	5.53036E-1
2.63651E+2	4.59261E-1
2.63700E+2	3.75112E-1
2.63749E+2	3.00094E-1
2.63798E+2	2.40322E-1
2.63847E+2	1.94361E-1
2.63895E+2	1.56531E-1
2.63944E+2	1.28299E-1
2.63993E+2	1.07515E-1
2.64042E+2	9.56818E-2
2.64091E+2	8.48819E-2
2.64140E+2	7.49520E-2
2.64189E+2	6.78678E-2
2.64238E+2	5.54038E-2
2.64286E+2	4.10746E-2
2.64335E+2	2.70918E-2
2.64384E+2	8.95203E-3
2.64433E+2	-5.02822E-3
2.64482E+2	-1.81389E-2
2.64531E+2	-2.99618E-2
2.64580E+2	-3.48794E-2
2.64629E+2	-4.29619E-2
2.64677E+2	-4.01455E-2
2.64726E+2	-4.35659E-2
2.64775E+2	-4.15347E-2
2.64824E+2	-3.98171E-2
2.64873E+2	-3.40282E-2
2.64922E+2	-3.24277E-2
2.64971E+2	-2.63249E-2
2.65020E+2	-2.43287E-2
2.65068E+2	-1.72172E-2
2.65117E+2	-1.09870E-2
2.65166E+2	-8.67974E-3
2.65215E+2	-8.31215E-3
2.65264E+2	-6.90043E-3
2.65313E+2	-9.27180E-3
2.65362E+2	-1.20961E-2
2.65411E+2	-1.81243E-2
2.65459E+2	-1.97224E-2
2.65508E+2	-2.44785E-2
2.65557E+2	-2.61504E-2
2.65606E+2	-2.64297E-2
2.65655E+2	-2.52546E-2
2.65704E+2	-2.17062E-2
2.65753E+2	-1.44212E-2
2.65802E+2	-9.65281E-3
2.65850E+2	-3.45716E-3
2.65899E+2	3.60604E-3
2.65948E+2	8.17278E-3
2.65997E+2	8.95724E-3
2.66046E+2	7.46789E-3
2.66095E+2	4.28814E-3
2.66144E+2	-1.74462E-3
2.66193E+2	-9.91934E-3
2.66241E+2	-1.87947E-2
2.66290E+2	-2.70140E-2
2.66339E+2	-3.29627E-2
2.66388E+2	-3.80548E-2
2.66437E+2	-4.00007E-2
2.66486E+2	-4.02254E-2
2.66535E+2	-3.93942E-2
2.66584E+2	-3.84535E-2
2.66632E+2	-3.99712E-2
2.66681E+2	-3.93465E-2
2.66730E+2	-4.05937E-2
2.66779E+2	-4.05556E-2
2.66828E+2	-4.60178E-2
2.66877E+2	-4.23114E-2
2.66926E+2	-4.13926E-2
2.66975E+2	-4.20851E-2
2.67023E+2	-3.77662E-2
2.67072E+2	-3.77208E-2
2.67121E+2	-3.40139E-2
2.67170E+2	-3.27395E-2
2.67219E+2	-3.07762E-2
2.67268E+2	-2.78439E-2
2.67317E+2	-2.57461E-2
2.67366E+2	-2.29687E-2
2.67414E+2	-2.03786E-2
2.67463E+2	-2.07875E-2
2.67512E+2	-2.16170E-2
2.67561E+2	-1.80686E-2
2.67610E+2	-2.10571E-2
2.67659E+2	-2.16144E-2
2.67708E+2	-2.65091E-2
2.67757E+2	-3.14719E-2
2.67805E+2	-3.90196E-2
2.67854E+2	-4.77247E-2
2.67903E+2	-5.66060E-2
2.67952E+2	-6.99205E-2
2.68001E+2	-7.91580E-2
2.68050E+2	-9.16359E-2
2.68099E+2	-1.00519E-1
2.68148E+2	-1.07451E-1
2.68196E+2	-1.13541E-1
2.68245E+2	-1.19249E-1
2.68294E+2	-1.23300E-1
2.68343E+2	-1.25425E-1
2.68392E+2	-1.27859E-1
2.68441E+2	-1.25999E-1
2.68490E+2	-1.23165E-1
2.68539E+2	-1.16436E-1
2.68587E+2	-1.12249E-1
2.68636E+2	-1.04078E-1
2.68685E+2	-9.71404E-2
2.68734E+2	-8.67373E-2
2.68783E+2	-8.13186E-2
2.68832E+2	-7.25956E-2
2.68881E+2	-6.69535E-2
2.68930E+2	-6.59161E-2
2.68978E+2	-6.09443E-2
2.69027E+2	-5.90533E-2
2.69076E+2	-5.90710E-2
2.69125E+2	-5.80023E-2
2.69174E+2	-5.60591E-2
2.69223E+2	-5.61434E-2
2.69272E+2	-5.45047E-2
2.69321E+2	-5.49597E-2
2.69370E+2	-5.35740E-2
2.69418E+2	-5.40168E-2
2.69467E+2	-5.41813E-2
2.69516E+2	-5.52726E-2
2.69565E+2	-5.68579E-2
2.69614E+2	-5.75948E-2
2.69663E+2	-5.96987E-2
2.69712E+2	-6.15630E-2
2.69761E+2	-6.63135E-2
2.69809E+2	-7.10363E-2
2.69858E+2	-7.08727E-2
2.69907E+2	-7.69788E-2
2.69956E+2	-7.95848E-2
2.70005E+2	-8.10971E-2
2.70054E+2	-8.25593E-2
2.70103E+2	-8.43582E-2
2.70152E+2	-8.36553E-2
2.70200E+2	-8.14778E-2
2.70249E+2	-8.05087E-2
2.70298E+2	-7.58343E-2
2.70347E+2	-7.49898E-2
2.70396E+2	-7.06744E-2
2.70445E+2	-6.89688E-2
2.70494E+2	-6.48714E-2
2.70543E+2	-6.19971E-2
2.70591E+2	-5.80735E-2
2.70640E+2	-5.32657E-2
2.70689E+2	-5.04071E-2
2.70738E+2	-4.68556E-2
2.70787E+2	-4.34732E-2
2.70836E+2	-4.18104E-2
2.70885E+2	-4.21705E-2
2.70934E+2	-4.23527E-2
2.70982E+2	-3.98364E-2
2.71031E+2	-4.28241E-2
2.71080E+2	-4.41898E-2
2.71129E+2	-4.22564E-2
2.71178E+2	-4.07982E-2
2.71227E+2	-4.06402E-2
2.71276E+2	-3.70469E-2
2.71325E+2	-3.89938E-2
2.71373E+2	-3.76392E-2
2.71422E+2	-3.51469E-2
2.71471E+2	-3.82056E-2
2.71520E+2	-3.63456E-2
2.71569E+2	-3.81902E-2
2.71618E+2	-4.02214E-2
2.71667E+2	-4.26702E-2
2.71716E+2	-4.91653E-2
2.71764E+2	-5.49847E-2
2.71813E+2	-6.22569E-2
2.71862E+2	-7.19690E-2
2.71911E+2	-7.70089E-2
2.71960E+2	-8.47741E-2
2.72009E+2	-9.06319E-2
2.72058E+2	-9.02138E-2
2.72107E+2	-9.38610E-2
2.72155E+2	-9.08448E-2
2.72204E+2	-8.90761E-2
2.72253E+2	-8.71909E-2
2.72302E+2	-8.30919E-2
2.72351E+2	-7.62219E-2
2.72400E+2	-7.19846E-2
2.72449E+2	-6.43869E-2
2.72498E+2	-5.73122E-2
2.72546E+2	-5.11254E-2
2.72595E+2	-4.53321E-2
2.72644E+2	-3.72637E-2
2.72693E+2	-3.86915E-2
2.72742E+2	-3.33767E-2
2.72791E+2	-3.28829E-2
2.72840E+2	-3.29504E-2
2.72889E+2	-3.27115E-2
2.72937E+2	-3.42853E-2
2.72986E+2	-3.46685E-2
2.73035E+2	-3.61357E-2
2.73084E+2	-3.79296E-2
2.73133E+2	-4.18100E-2
2.73182E+2	-4.58081E-2
2.73231E+2	-4.73871E-2
2.73280E+2	-4.91607E-2
2.73328E+2	-5.41585E-2
2.73377E+2	-5.71304E-2
2.73426E+2	-6.33605E-2
2.73475E+2	-6.62045E-2
2.73524E+2	-7.18872E-2
2.73573E+2	-7.57454E-2
2.73622E+2	-8.29013E-2
2.73671E+2	-8.47608E-2
2.73719E+2	-8.93821E-2
2.73768E+2	-9.21067E-2
2.73817E+2	-9.57000E-2
2.73866E+2	-9.79278E-2
2.73915E+2	-9.80305E-2
2.73964E+2	-9.83806E-2
2.74013E+2	-9.61870E-2
2.74062E+2	-9.39665E-2
2.74110E+2	-8.83231E-2
2.74159E+2	-8.25955E-2
2.74208E+2	-7.56711E-2
2.74257E+2	-7.15177E-2
2.74306E+2	-6.12576E-2
2.74355E+2	-5.76223E-2
2.74404E+2	-5.18955E-2
2.74453E+2	-4.88026E-2
2.74501E+2	-4.91256E-2
2.74550E+2	-4.73933E-2
2.74599E+2	-5.49231E-2
2.74648E+2	-5.86424E-2
2.74697E+2	-6.23096E-2
2.74746E+2	-7.02025E-2
2.74795E+2	-7.50770E-2
2.74844E+2	-8.15579E-2
2.74892E+2	-8.44953E-2
2.74941E+2	-8.73054E-2
2.74990E+2	-8.93141E-2
2.75039E+2	-8.99394E-2
2.75088E+2	-8.71139E-2
2.75137E+2	-8.92212E-2
2.75186E+2	-8.83108E-2
2.75235E+2	-8.94782E-2
2.75283E+2	-9.11915E-2
2.75332E+2	-9.05000E-2
2.75381E+2	-9.81326E-2
2.75430E+2	-1.00770E-1
2.75479E+2	-1.03003E-1
2.75528E+2	-1.09439E-1
2.75577E+2	-1.09914E-1
2.75626E+2	-1.14754E-1
2.75674E+2	-1.15480E-1
2.75723E+2	-1.18879E-1
2.75772E+2	-1.17837E-1
2.75821E+2	-1.22906E-1
2.75870E+2	-1.18268E-1
2.75919E+2	-1.20809E-1
2.75968E+2	-1.19239E-1
2.76017E+2	-1.18170E-1
2.76065E+2	-1.15999E-1
2.76114E+2	-1.12824E-1
2.76163E+2	-1.08965E-1
2.76212E+2	-1.10189E-1
2.76261E+2	-1.07083E-1
2.76310E+2	-1.09310E-1
2.76359E+2	-1.13917E-1
2.76408E+2	-1.16759E-1
2.76457E+2	-1.20833E-1
2.76505E+2	-1.26968E-1
2.76554E+2	-1.31278E-1
2.76603E+2	-1.35080E-1
2.76652E+2	-1.39214E-1
2.76701E+2	-1.42235E-1
2.76750E+2	-1.43742E-1
2.76799E+2	-1.42308E-1
2.76848E+2	-1.46638E-1
2.76896E+2	-1.43037E-1
2.76945E+2	-1.42489E-1
2.76994E+2	-1.38791E-1
2.77043E+2	-1.31371E-1
2.77092E+2	-1.15481E-1
2.77141E+2	-9.46471E-2
2.77190E+2	-6.03434E-2
2.77239E+2	-2.05578E-2
2.77287E+2	3.22194E-2
2.77336E+2	9.53581E-2
2.77385E+2	1.61094E-1
2.77434E+2	2.36520E-1
2.77483E+2	3.07693E-1
2.77532E+2	3.70473E-1
2.77581E+2	4.33382E-1
2.77630E+2	4.86033E-1
2.77678E+2	5.31999E-1
2.77727E+2	5.66080E-1
2.77776E+2	5.95547E-1
2.77825E+2	6.08410E-1
2.77874E+2	6.15660E-1
2.77923E+2	6.06963E-1
2.77972E+2	5.94456E-1
2.78021E+2	5.65795E-1
2.78069E+2	5.34402E-1
2.78118E+2	4.92227E-1
2.78167E+2	4.53897E-1
2.78216E+2	4.11340E-1
2.78265E+2	3.68082E-1
2.78314E+2	3.34499E-1
2.78363E+2	2.97543E-1
2.78412E+2	2.66980E-1
2.78460E+2	2.42792E-1
2.78509E+2	2.24443E-1
2.78558E+2	2.07541E-1
2.78607E+2	1.93343E-1
2.78656E+2	1.83568E-1
2.78705E+2	1.73898E-1
2.78754E+2	1.66206E-1
2.78803E+2	1.59809E-1
2.78851E+2	1.50680E-1
2.78900E+2	1.44551E-1
2.78949E+2	1.38071E-1
2.78998E+2	1.30204E-1
2.79047E+2	1.17361E-1
2.79096E+2	1.13624E-1
2.79145E+2	1.06356E-1
2.79194E+2	9.77421E-2
2.79242E+2	9.25802E-2
2.79291E+2	8.76501E-2
2.79340E+2	8.91988E-2
2.79389E+2	9.12061E-2
2.79438E+2	9.74608E-2
2.79487E+2	1.01677E-1
2.79536E+2	1.11337E-1
2.79585E+2	1.18916E-1
2.79633E+2	1.25933E-1
2.79682E+2	1.29796E-1
2.79731E+2	1.31417E-1
2.79780E+2	1.35288E-1
2.79829E+2	1.35737E-1
2.79878E+2	1.34150E-1
2.79927E+2	1.32667E-1
2.79976E+2	1.25157E-1
2.80024E+2	1.21017E-1
2.80073E+2	1.16337E-1
2.80122E+2	1.09318E-1
2.80171E+2	1.04200E-1
2.80220E+2	9.83813E-2
2.80269E+2	9.45487E-2
2.80318E+2	9.08714E-2
2.80367E+2	8.68412E-2
2.80415E+2	8.78987E-2
2.80464E+2	8.85796E-2
2.80513E+2	8.57604E-2
2.80562E+2	8.56308E-2
2.80611E+2	8.14698E-2
2.80660E+2	8.39177E-2
2.80709E+2	7.63241E-2
2.80758E+2	7.22436E-2
2.80806E+2	6.25386E-2
2.80855E+2	5.46821E-2
2.80904E+2	4.85514E-2
2.80953E+2	3.91367E-2
2.81002E+2	3.16406E-2
2.81051E+2	2.20780E-2
2.81100E+2	1.92639E-2
2.81149E+2	1.18169E-2
2.81197E+2	1.07128E-2
2.81246E+2	9.87540E-3
2.81295E+2	7.11563E-3
2.81344E+2	1.09376E-2
2.81393E+2	8.97272E-3
2.81442E+2	1.04794E-2
2.81491E+2	1.30398E-2
2.81540E+2	1.12170E-2
2.81588E+2	1.44930E-2
2.81637E+2	1.11030E-2
2.81686E+2	1.06400E-2
2.81735E+2	9.46876E-3
2.81784E+2	5.82213E-3
2.81833E+2	7.07346E-3
2.81882E+2	4.39209E-3
2.81931E+2	6.57462E-3
2.81979E+2	7.21100E-3
2.82028E+2	1.03083E-2
2.82077E+2	9.38705E-3
2.82126E+2	1.43903E-2
2.82175E+2	1.41395E-2
2.82224E+2	1.78223E-2
2.82273E+2	1.73799E-2
2.82322E+2	1.65641E-2
2.82370E+2	1.06807E-2
2.82419E+2	9.48014E-3
2.82468E+2	3.21171E-3
2.82517E+2	-1.74294E-3
2.82566E+2	-6.62433E-3
2.82615E+2	-1.10813E-2
2.82664E+2	-1.53844E-2
2.82713E+2	-1.99233E-2
2.82761E+2	-2.48564E-2
2.82810E+2	-2.65255E-2
2.82859E+2	-2.82483E-2
2.82908E+2	-2.84950E-2
2.82957E+2	-2.59444E-2
2.83006E+2	-2.65279E-2
2.83055E+2	-2.00228E-2
2.83104E+2	-1.62894E-2
2.83152E+2	-9.93406E-3
2.83201E+2	-3.72523E-3
2.83250E+2	2.69141E-3
2.83299E+2	1.00694E-2
2.83348E+2	1.53192E-2
2.83397E+2	2.30632E-2
2.83446E+2	2.98964E-2
2.83495E+2	3.72043E-2
2.83543E+2	4.15908E-2
2.83592E+2	4.97405E-2
2.83641E+2	5.18022E-2
2.83690E+2	5.31223E-2
2.83739E+2	5.89628E-2
2.83788E+2	5.81957E-2
2.83837E+2	5.76865E-2
2.83886E+2	5.42252E-2
2.83935E+2	5.09424E-2
2.83983E+2	4.77132E-2
2.84032E+2	4.42548E-2
2.84081E+2	3.97957E-2
2.84130E+2	3.72089E-2
2.84179E+2	3.47608E-2
2.84228E+2	3.10363E-2
2.84277E+2	2.95263E-2
2.84326E+2	2.54485E-2
2.84374E+2	2.39611E-2
2.84423E+2	2.09394E-2
2.84472E+2	2.32227E-2
2.84521E+2	1.94019E-2
2.84570E+2	1.99887E-2
2.84619E+2	1.89834E-2
2.84668E+2	1.81966E-2
2.84717E+2	2.13075E-2
2.84765E+2	1.91081E-2
2.84814E+2	2.40813E-2
2.84863E+2	2.54058E-2
2.84912E+2	2.67847E-2
2.84961E+2	3.04716E-2
2.85010E+2	3.12302E-2
2.85059E+2	3.41665E-2
2.85108E+2	3.22969E-2
2.85156E+2	3.32628E-2
2.85205E+2	3.55860E-2
2.85254E+2	3.65514E-2
2.85303E+2	3.73805E-2
2.85352E+2	3.69312E-2
2.85401E+2	3.70586E-2
2.85450E+2	4.18301E-2
2.85499E+2	3.64316E-2
2.85547E+2	4.04956E-2
2.85596E+2	3.70326E-2
2.85645E+2	3.98669E-2
2.85694E+2	3.86614E-2
2.85743E+2	3.46286E-2
2.85792E+2	3.34427E-2
2.85841E+2	3.00597E-2
2.85890E+2	2.82455E-2
2.85938E+2	2.73486E-2
2.85987E+2	2.52591E-2
2.86036E+2	2.00909E-2
2.86085E+2	2.20162E-2
2.86134E+2	1.78697E-2
2.86183E+2	1.78641E-2
2.86232E+2	1.78776E-2
2.86281E+2	1.75819E-2
2.86329E+2	1.63452E-2
2.86378E+2	1.60101E-2
2.86427E+2	1.42849E-2
2.86476E+2	1.31092E-2
2.86525E+2	1.19521E-2
2.86574E+2	9.09966E-3
2.86623E+2	5.03152E-3
2.86672E+2	4.17567E-3
2.86720E+2	3.51548E-3
2.86769E+2	1.64527E-3
2.86818E+2	2.59952E-3
2.86867E+2	5.03428E-3
2.86916E+2	4.53699E-3
2.86965E+2	7.88998E-3
2.87014E+2	1.07178E-2
2.87063E+2	1.56823E-2
2.87111E+2	2.12299E-2
2.87160E+2	2.56989E-2
2.87209E+2	3.11277E-2
2.87258E+2	3.22475E-2
2.87307E+2	4.18727E-2
2.87356E+2	4.41620E-2
2.87405E+2	4.69535E-2
2.87454E+2	4.90051E-2
2.87502E+2	4.77677E-2
2.87551E+2	4.65099E-2
2.87600E+2	4.19062E-2
2.87649E+2	4.06198E-2
2.87698E+2	3.32758E-2
2.87747E+2	3.33719E-2
2.87796E+2	2.72511E-2
2.87845E+2	2.70152E-2
2.87893E+2	2.36160E-2
2.87942E+2	2.13509E-2
2.87991E+2	1.88874E-2
2.88040E+2	1.45644E-2
2.88089E+2	1.19578E-2
2.88138E+2	7.17836E-3
2.88187E+2	1.37653E-3
2.88236E+2	1.41858E-4
2.88284E+2	-4.21550E-3
2.88333E+2	-4.36841E-3
2.88382E+2	-5.26780E-3
2.88431E+2	-3.16115E-3
2.88480E+2	-1.64713E-3
2.88529E+2	-1.26209E-3
2.88578E+2	1.74681E-3
2.88627E+2	4.08354E-3
2.88675E+2	6.74153E-3
2.88724E+2	1.01110E-2
2.88773E+2	1.48462E-2
2.88822E+2	1.91821E-2
2.88871E+2	2.26539E-2
2.88920E+2	2.61905E-2
2.88969E+2	3.08396E-2
2.89018E+2	3.34731E-2
2.89066E+2	3.58429E-2
2.89115E+2	3.88107E-2
2.89164E+2	3.73364E-2
2.89213E+2	3.55193E-2
2.89262E+2	3.23955E-2
2.89311E+2	2.86546E-2
2.89360E+2	2.28839E-2
2.89409E+2	1.83497E-2
2.89457E+2	1.13304E-2
2.89506E+2	6.32298E-3
2.89555E+2	5.75441E-4
2.89604E+2	-3.24100E-3
2.89653E+2	-6.18128E-3
2.89702E+2	-8.65514E-3
2.89751E+2	-9.40205E-3
2.89800E+2	-7.91714E-3
2.89848E+2	-8.08308E-3
2.89897E+2	-7.71728E-3
2.89946E+2	-9.11615E-3
2.89995E+2	-5.66621E-3
2.90044E+2	-9.87378E-3
2.90093E+2	-8.68913E-3
2.90142E+2	-1.08174E-2
2.90191E+2	-1.11396E-2
2.90239E+2	-1.05328E-2
2.90288E+2	-1.40358E-2
2.90337E+2	-1.52539E-2
2.90386E+2	-1.46986E-2
2.90435E+2	-1.52644E-2
2.90484E+2	-1.27389E-2
2.90533E+2	-1.23850E-2
2.90582E+2	-1.07076E-2
2.90630E+2	-8.22538E-3
2.90679E+2	-3.52767E-3
2.90728E+2	-1.27284E-3
2.90777E+2	1.31352E-4
2.90826E+2	3.79184E-3
2.90875E+2	2.21062E-3
2.90924E+2	8.52876E-4
2.90973E+2	7.06611E-4
2.91022E+2	-3.41350E-3
2.91070E+2	-6.71475E-3
2.91119E+2	-4.84542E-3
2.91168E+2	-1.32244E-2
2.91217E+2	-1.43213E-2
2.91266E+2	-1.70592E-2
2.91315E+2	-2.13825E-2
2.91364E+2	-2.12992E-2
2.91413E+2	-2.52889E-2
2.91461E+2	-2.37705E-2
2.91510E+2	-2.48772E-2
2.91559E+2	-2.54054E-2
2.91608E+2	-2.47027E-2
2.91657E+2	-2.63381E-2
2.91706E+2	-2.48054E-2
2.91755E+2	-2.93059E-2
2.91804E+2	-2.53120E-2
2.91852E+2	-2.40124E-2
2.91901E+2	-2.17854E-2
2.91950E+2	-1.59166E-2
2.91999E+2	-5.73971E-3
2.92048E+2	9.45147E-3
2.92097E+2	2.72872E-2
2.92146E+2	4.68692E-2
2.92195E+2	7.34792E-2
2.92243E+2	9.90449E-2
2.92292E+2	1.24203E-1
2.92341E+2	1.51219E-1
2.92390E+2	1.71871E-1
2.92439E+2	1.93238E-1
2.92488E+2	2.07087E-1
2.92537E+2	2.24328E-1
2.92586E+2	2.31477E-1
2.92634E+2	2.35240E-1
2.92683E+2	2.36954E-1
2.92732E+2	2.34856E-1
2.92781E+2	2.27421E-1
2.92830E+2	2.15307E-1
2.92879E+2	2.02631E-1
2.92928E+2	1.88357E-1
2.92977E+2	1.73901E-1
2.93025E+2	1.54402E-1
2.93074E+2	1.37341E-1
2.93123E+2	1.20823E-1
2.93172E+2	1.08102E-1
2.93221E+2	9.57132E-2
2.93270E+2	8.49517E-2
2.93319E+2	7.58128E-2
2.93368E+2	7.07825E-2
2.93416E+2	6.28320E-2
2.93465E+2	5.69196E-2
2.93514E+2	5.12796E-2
2.93563E+2	4.97825E-2
2.93612E+2	4.20487E-2
2.93661E+2	3.87743E-2
2.93710E+2	3.34544E-2
2.93759E+2	3.31802E-2
2.93807E+2	2.63093E-2
2.93856E+2	2.61417E-2
2.93905E+2	2.30350E-2
2.93954E+2	1.97246E-2
2.94003E+2	1.89739E-2
2.94052E+2	2.11180E-2
2.94101E+2	2.07363E-2
2.94150E+2	2.09721E-2
2.94198E+2	2.46811E-2
2.94247E+2	2.90798E-2
2.94296E+2	2.88230E-2
2.94345E+2	3.37959E-2
2.94394E+2	3.24437E-2
2.94443E+2	3.60569E-2
2.94492E+2	3.32613E-2
2.94541E+2	3.16106E-2
2.94589E+2	2.81576E-2
2.94638E+2	2.75457E-2
2.94687E+2	2.30777E-2
2.94736E+2	1.77221E-2
2.94785E+2	1.46415E-2
2.94834E+2	7.12593E-3
2.94883E+2	4.39817E-3
2.94932E+2	3.01132E-4
2.94980E+2	-4.49681E-3
2.95029E+2	-7.72855E-3
2.95078E+2	-1.02742E-2
2.95127E+2	-1.21265E-2
2.95176E+2	-1.31882E-2
2.95225E+2	-1.15736E-2
2.95274E+2	-1.31526E-2
2.95323E+2	-1.23349E-2
2.95371E+2	-1.09185E-2
2.95420E+2	-1.08124E-2
2.95469E+2	-1.04868E-2
2.95518E+2	-8.93884E-3
2.95567E+2	-9.89800E-3
2.95616E+2	-7.95855E-3
2.95665E+2	-5.24179E-3
2.95714E+2	-4.14013E-3
2.95762E+2	-5.19969E-3
2.95811E+2	-7.94649E-3
2.95860E+2	-4.19358E-3
2.95909E+2	-8.55654E-3
2.95958E+2	-4.84905E-3
2.96007E+2	-4.03883E-3
2.96056E+2	-4.54464E-3
2.96105E+2	8.22155E-4
2.96153E+2	3.30349E-3
2.96202E+2	6.74505E-3
2.96251E+2	8.56302E-3
2.96300E+2	1.09613E-2
2.96349E+2	1.34641E-2
2.96398E+2	1.08604E-2
2.96447E+2	1.24978E-2
2.96496E+2	1.10389E-2
2.96544E+2	1.03848E-2
2.96593E+2	9.23422E-3
2.96642E+2	1.02705E-2
2.96691E+2	9.75947E-3
2.96740E+2	7.72541E-3
2.96789E+2	6.13621E-3
2.96838E+2	4.62723E-3
2.96887E+2	4.66862E-3
2.96935E+2	4.57975E-3
2.96984E+2	1.87627E-3
2.97033E+2	4.76758E-4
2.97082E+2	7.80021E-4
2.97131E+2	-2.73012E-3
2.97180E+2	-6.57642E-3
2.97229E+2	-8.61862E-3
2.97278E+2	-1.33885E-2
2.97326E+2	-1.56528E-2
2.97375E+2	-2.25089E-2
2.97424E+2	-2.35659E-2
2.97473E+2	-2.66320E-2
2.97522E+2	-3.02386E-2
2.97571E+2	-3.07068E-2
2.97620E+2	-2.97340E-2
2.97669E+2	-3.09840E-2
2.97717E+2	-3.13041E-2
2.97766E+2	-2.88719E-2
2.97815E+2	-2.64753E-2
2.97864E+2	-2.33232E-2
2.97913E+2	-1.95655E-2
2.97962E+2	-1.91092E-2
2.98011E+2	-1.31334E-2
2.98060E+2	-9.05863E-3
2.98109E+2	-7.96921E-3
2.98157E+2	-6.81462E-3
2.98206E+2	-7.34331E-3
2.98255E+2	-7.58381E-3
2.98304E+2	-6.66759E-3
2.98353E+2	-1.09260E-2
2.98402E+2	-1.20040E-2
2.98451E+2	-1.27463E-2
2.98500E+2	-1.64463E-2
2.98548E+2	-1.84692E-2
2.98597E+2	-2.19262E-2
2.98646E+2	-2.38392E-2
2.98695E+2	-2.73581E-2
2.98744E+2	-2.90923E-2
2.98793E+2	-3.09986E-2
2.98842E+2	-3.37564E-2
2.98891E+2	-3.58471E-2
2.98939E+2	-3.70474E-2
2.98988E+2	-3.65050E-2
2.99037E+2	-3.83714E-2
2.99086E+2	-3.74436E-2
2.99135E+2	-3.63598E-2
2.99184E+2	-3.39714E-2
2.99233E+2	-3.08369E-2
2.99282E+2	-2.96117E-2
2.99330E+2	-2.66753E-2
2.99379E+2	-2.29734E-2
2.99428E+2	-2.05349E-2
2.99477E+2	-1.66203E-2
2.99526E+2	-1.41175E-2
2.99575E+2	-1.03986E-2
2.99624E+2	-6.91708E-3
2.99673E+2	-1.77499E-3
2.99721E+2	1.19142E-3
2.99770E+2	5.65459E-3
2.99819E+2	1.00479E-2
2.99868E+2	1.03761E-2
2.99917E+2	1.40678E-2
2.99966E+2	1.54922E-2
3.00015E+2	1.44150E-2
3.00064E+2	1.45582E-2
3.00112E+2	1.12119E-2
3.00161E+2	1.06880E-2
3.00210E+2	1.08488E-2
3.00259E+2	9.54735E-3
3.00308E+2	1.04429E-2
3.00357E+2	9.04118E-3
3.00406E+2	1.12567E-2
3.00455E+2	1.17531E-2
3.00503E+2	1.21636E-2
3.00552E+2	1.41014E-2
3.00601E+2	1.57041E-2
3.00650E+2	1.54452E-2
3.00699E+2	1.87644E-2
3.00748E+2	1.96142E-2
3.00797E+2	2.12018E-2
3.00846E+2	2.13782E-2
3.00894E+2	2.54168E-2
3.00943E+2	2.47277E-2
3.00992E+2	2.74399E-2
3.01041E+2	2.74653E-2
3.01090E+2	2.97840E-2
3.01139E+2	2.80702E-2
3.01188E+2	2.88268E-2
3.01237E+2	3.11878E-2
3.01285E+2	2.98983E-2
3.01334E+2	3.02089E-2
3.01383E+2	3.01282E-2
3.01432E+2	2.96547E-2
3.01481E+2	3.10926E-2
3.01530E+2	3.06659E-2
3.01579E+2	3.22953E-2
3.01628E+2	3.31069E-2
3.01676E+2	3.36179E-2
3.01725E+2	3.50006E-2
3.01774E+2	3.79550E-2
3.01823E+2	3.68239E-2
3.01872E+2	3.85180E-2
3.01921E+2	4.08204E-2
3.01970E+2	4.13176E-2
3.02019E+2	4.20495E-2
3.02067E+2	4.15262E-2
3.02116E+2	4.07028E-2
3.02165E+2	3.89601E-2
3.02214E+2	3.67958E-2
3.02263E+2	3.56077E-2
3.02312E+2	3.18692E-2
3.02361E+2	2.83843E-2
3.02410E+2	2.52447E-2
3.02458E+2	2.10580E-2
3.02507E+2	1.83623E-2
3.02556E+2	1.82775E-2
3.02605E+2	1.33714E-2
3.02654E+2	1.33007E-2
3.02703E+2	1.27586E-2
3.02752E+2	1.21978E-2
3.02801E+2	1.04843E-2
3.02849E+2	1.09858E-2
3.02898E+2	1.08264E-2
3.02947E+2	1.01838E-2
3.02996E+2	1.01149E-2
3.03045E+2	9.47682E-3
3.03094E+2	1.00138E-2
3.03143E+2	1.00668E-2
3.03192E+2	9.93659E-3
3.03240E+2	8.73479E-3
3.03289E+2	1.12381E-2
3.03338E+2	1.38994E-2
3.03387E+2	1.55339E-2
3.03436E+2	1.90045E-2
3.03485E+2	2.03293E-2
3.03534E+2	2.46048E-2
3.03583E+2	2.43766E-2
3.03631E+2	2.61372E-2
3.03680E+2	2.66562E-2
3.03729E+2	2.63839E-2
3.03778E+2	2.62246E-2
3.03827E+2	2.28394E-2
3.03876E+2	2.04603E-2
3.03925E+2	1.80970E-2
3.03974E+2	1.51258E-2
3.04022E+2	9.61221E-3
3.04071E+2	6.07959E-3
3.04120E+2	2.96002E-3
3.04169E+2	-2.28526E-3
3.04218E+2	-6.08824E-3
3.04267E+2	-8.68863E-3
3.04316E+2	-1.29426E-2
3.04365E+2	-1.28967E-2
3.04413E+2	-1.47518E-2
3.04462E+2	-1.29990E-2
3.04511E+2	-1.28012E-2
3.04560E+2	-1.05458E-2
3.04609E+2	-7.23824E-3
3.04658E+2	-6.56313E-3
3.04707E+2	-4.00029E-3
3.04756E+2	-2.75695E-3
3.04804E+2	-1.58200E-3
3.04853E+2	-1.49371E-3
3.04902E+2	-2.29282E-3
3.04951E+2	-2.34541E-3
3.05000E+2	-2.55868E-3
