# Menlo Systems GmbH ScanControl
# Program Version 1.14.3
# Start: -740.00000000 ps, Average over 1000 waveforms. Timestamp: 2026-02-03T16:28:44
# User time axis shift: 0 ps
# Time axis offset: 0 ps
# Time [ps]	THz Signal [a.u.]
-740.00000000	-0.00000637
-739.96699670	0.00008410
-739.93399340	0.00002833
-739.90099010	0.00000847
-739.86798680	0.00006418
-739.83498350	-0.00000473
-739.80198020	-0.00008492
-739.76897690	-0.00003484
-739.73597360	-0.00001899
-739.70297030	-0.00003514
-739.66996700	0.00001208
-739.63696370	-0.00005982
-739.60396040	0.00001514
-739.57095710	-0.00006216
-739.53795380	-0.00002195
-739.50495050	0.00000225
-739.47194719	0.00001476
-739.43894389	-0.00007588
-739.40594059	-0.00000447
-739.37293729	-0.00004771
-739.33993399	0.00001858
-739.30693069	0.00001688
-739.27392739	0.00003176
-739.24092409	0.00005794
-739.20792079	0.00003682
-739.17491749	0.00002633
-739.14191419	0.00002079
-739.10891089	-0.00004054
-739.07590759	0.00003191
-739.04290429	0.00002722
-739.00990099	0.00003060
-738.97689769	0.00004842
-738.94389439	0.00008404
-738.91089109	0.00012841
-738.87788779	0.00007673
-738.84488449	0.00011025
-738.81188119	0.00001748
-738.77887789	0.00019612
-738.74587459	0.00018739
-738.71287129	0.00015967
-738.67986799	0.00016428
-738.64686469	0.00016957
-738.61386139	0.00027433
-738.58085809	0.00019660
-738.54785479	0.00020799
-738.51485149	0.00016062
-738.48184818	0.00011603
-738.44884488	0.00018151
-738.41584158	0.00018162
-738.38283828	0.00017808
-738.34983498	0.00024844
-738.31683168	0.00020582
-738.28382838	0.00031717
-738.25082508	0.00026972
-738.21782178	0.00032540
-738.18481848	0.00029636
-738.15181518	0.00030079
-738.11881188	0.00019937
-738.08580858	0.00033088
-738.05280528	0.00041426
-738.01980198	0.00036328
-737.98679868	0.00029664
-737.95379538	0.00027227
-737.92079208	0.00031271
-737.88778878	0.00035704
-737.85478548	0.00032484
-737.82178218	0.00039839
-737.78877888	0.00040242
-737.75577558	0.00041511
-737.72277228	0.00035475
-737.68976898	0.00031979
-737.65676568	0.00040963
-737.62376238	0.00037726
-737.59075908	0.00039279
-737.55775578	0.00036810
-737.52475248	0.00029323
-737.49174917	0.00032331
-737.45874587	0.00029488
-737.42574257	0.00037474
-737.39273927	0.00033294
-737.35973597	0.00035720
-737.32673267	0.00027608
-737.29372937	0.00024655
-737.26072607	0.00031022
-737.22772277	0.00029162
-737.19471947	0.00025593
-737.16171617	0.00024602
-737.12871287	0.00023269
-737.09570957	0.00027793
-737.06270627	0.00028298
-737.02970297	0.00030434
-736.99669967	0.00033137
-736.96369637	0.00037383
-736.93069307	0.00018332
-736.89768977	0.00024824
-736.86468647	0.00027449
-736.83168317	0.00018551
-736.79867987	0.00019380
-736.76567657	0.00026594
-736.73267327	0.00021852
-736.69966997	0.00026504
-736.66666667	0.00020016
-736.63366337	0.00011534
-736.60066007	0.00011194
-736.56765677	0.00018028
-736.53465347	0.00012057
-736.50165017	0.00015265
-736.46864686	0.00014086
-736.43564356	0.00006692
-736.40264026	0.00006944
-736.36963696	0.00006823
-736.33663366	0.00007248
-736.30363036	0.00002856
-736.27062706	0.00012889
-736.23762376	0.00008556
-736.20462046	-0.00007362
-736.17161716	-0.00005073
-736.13861386	-0.00008078
-736.10561056	-0.00016256
-736.07260726	-0.00005772
-736.03960396	-0.00006120
-736.00660066	-0.00015022
-735.97359736	-0.00013008
-735.94059406	-0.00015249
-735.90759076	-0.00013460
-735.87458746	-0.00011342
-735.84158416	-0.00012631
-735.80858086	-0.00014780
-735.77557756	-0.00011349
-735.74257426	-0.00019973
-735.70957096	-0.00013368
-735.67656766	-0.00008172
-735.64356436	-0.00005932
-735.61056106	-0.00016311
-735.57755776	-0.00008922
-735.54455446	-0.00000930
-735.51155116	-0.00002845
-735.47854785	0.00000839
-735.44554455	-0.00003306
-735.41254125	-0.00007265
-735.37953795	0.00005686
-735.34653465	0.00008827
-735.31353135	0.00011092
-735.28052805	0.00008789
-735.24752475	0.00014286
-735.21452145	0.00011948
-735.18151815	0.00022077
-735.14851485	0.00023258
-735.11551155	0.00027517
-735.08250825	0.00031644
-735.04950495	0.00032214
-735.01650165	0.00041649
-734.98349835	0.00047850
-734.95049505	0.00039349
-734.91749175	0.00044230
-734.88448845	0.00050525
-734.85148515	0.00057335
-734.81848185	0.00053174
-734.78547855	0.00048541
-734.75247525	0.00052256
-734.71947195	0.00066144
-734.68646865	0.00068179
-734.65346535	0.00060352
-734.62046205	0.00072801
-734.58745875	0.00068141
-734.55445545	0.00061937
-734.52145215	0.00071516
-734.48844884	0.00078172
-734.45544554	0.00072517
-734.42244224	0.00073811
-734.38943894	0.00072683
-734.35643564	0.00075428
-734.32343234	0.00069492
-734.29042904	0.00076670
-734.25742574	0.00068515
-734.22442244	0.00070328
-734.19141914	0.00071614
-734.15841584	0.00076417
-734.12541254	0.00063585
-734.09240924	0.00067715
-734.05940594	0.00058977
-734.02640264	0.00071804
-733.99339934	0.00065514
-733.96039604	0.00050725
-733.92739274	0.00059993
-733.89438944	0.00056218
-733.86138614	0.00051685
-733.82838284	0.00053519
-733.79537954	0.00053549
-733.76237624	0.00046351
-733.72937294	0.00044586
-733.69636964	0.00050643
-733.66336634	0.00036589
-733.63036304	0.00043539
-733.59735974	0.00034494
-733.56435644	0.00035621
-733.53135314	0.00043588
-733.49834983	0.00032057
-733.46534653	0.00029464
-733.43234323	0.00032791
-733.39933993	0.00020470
-733.36633663	0.00032264
-733.33333333	0.00034109
-733.30033003	0.00029277
-733.26732673	0.00026545
-733.23432343	0.00034065
-733.20132013	0.00022488
-733.16831683	0.00025743
-733.13531353	0.00031908
-733.10231023	0.00032921
-733.06930693	0.00026627
-733.03630363	0.00035869
-733.00330033	0.00022239
-732.97029703	0.00025332
-732.93729373	0.00035062
-732.90429043	0.00031691
-732.87128713	0.00032056
-732.83828383	0.00034079
-732.80528053	0.00042582
-732.77227723	0.00041350
-732.73927393	0.00049160
-732.70627063	0.00039907
-732.67326733	0.00047666
-732.64026403	0.00045295
-732.60726073	0.00050716
-732.57425743	0.00046127
-732.54125413	0.00057003
-732.50825083	0.00052950
-732.47524752	0.00057132
-732.44224422	0.00061114
-732.40924092	0.00047619
-732.37623762	0.00047045
-732.34323432	0.00061565
-732.31023102	0.00052861
-732.27722772	0.00050093
-732.24422442	0.00059551
-732.21122112	0.00052273
-732.17821782	0.00053669
-732.14521452	0.00051189
-732.11221122	0.00054543
-732.07920792	0.00053795
-732.04620462	0.00050835
-732.01320132	0.00042950
-731.98019802	0.00050789
-731.94719472	0.00049161
-731.91419142	0.00045978
-731.88118812	0.00046501
-731.84818482	0.00050734
-731.81518152	0.00039180
-731.78217822	0.00045090
-731.74917492	0.00035456
-731.71617162	0.00046575
-731.68316832	0.00038800
-731.65016502	0.00035822
-731.61716172	0.00046801
-731.58415842	0.00032047
-731.55115512	0.00042882
-731.51815182	0.00034627
-731.48514851	0.00031010
-731.45214521	0.00035805
-731.41914191	0.00022451
-731.38613861	0.00030011
-731.35313531	0.00036019
-731.32013201	0.00023743
-731.28712871	0.00026255
-731.25412541	0.00028931
-731.22112211	0.00026689
-731.18811881	0.00022521
-731.15511551	0.00023568
-731.12211221	0.00022867
-731.08910891	0.00013196
-731.05610561	0.00026075
-731.02310231	0.00022712
-730.99009901	0.00018845
-730.95709571	0.00019377
-730.92409241	0.00019911
-730.89108911	0.00022569
-730.85808581	0.00017351
-730.82508251	0.00017115
-730.79207921	0.00015012
-730.75907591	0.00017591
-730.72607261	0.00025179
-730.69306931	0.00021310
-730.66006601	0.00023678
-730.62706271	0.00029706
-730.59405941	0.00019970
-730.56105611	0.00024469
-730.52805281	0.00026085
-730.49504950	0.00022810
-730.46204620	0.00039706
-730.42904290	0.00025839
-730.39603960	0.00032918
-730.36303630	0.00046862
-730.33003300	0.00038317
-730.29702970	0.00033937
-730.26402640	0.00053364
-730.23102310	0.00047596
-730.19801980	0.00052475
-730.16501650	0.00053389
-730.13201320	0.00051135
-730.09900990	0.00067617
-730.06600660	0.00058286
-730.03300330	0.00059804
-730.00000000	0.00068839
-729.96699670	0.00070511
-729.93399340	0.00072673
-729.90099010	0.00065168
-729.86798680	0.00077174
-729.83498350	0.00071356
-729.80198020	0.00068530
-729.76897690	0.00062287
-729.73597360	0.00072536
-729.70297030	0.00054703
-729.66996700	0.00060402
-729.63696370	0.00048914
-729.60396040	0.00037260
-729.57095710	0.00032037
-729.53795380	0.00008411
-729.50495050	0.00009943
-729.47194719	-0.00011100
-729.43894389	-0.00026656
-729.40594059	-0.00040088
-729.37293729	-0.00061118
-729.33993399	-0.00065516
-729.30693069	-0.00098008
-729.27392739	-0.00105694
-729.24092409	-0.00124012
-729.20792079	-0.00133322
-729.17491749	-0.00148112
-729.14191419	-0.00156517
-729.10891089	-0.00167713
-729.07590759	-0.00181540
-729.04290429	-0.00180112
-729.00990099	-0.00180003
-728.97689769	-0.00192673
-728.94389439	-0.00184660
-728.91089109	-0.00189114
-728.87788779	-0.00178474
-728.84488449	-0.00188914
-728.81188119	-0.00149863
-728.77887789	-0.00153314
-728.74587459	-0.00126879
-728.71287129	-0.00094366
-728.67986799	-0.00079686
-728.64686469	-0.00045917
-728.61386139	-0.00010381
-728.58085809	0.00023430
-728.54785479	0.00058793
-728.51485149	0.00104587
-728.48184818	0.00123733
-728.44884488	0.00156373
-728.41584158	0.00170670
-728.38283828	0.00190519
-728.34983498	0.00188632
-728.31683168	0.00194468
-728.28382838	0.00197142
-728.25082508	0.00171712
-728.21782178	0.00170246
-728.18481848	0.00148575
-728.15181518	0.00130548
-728.11881188	0.00123684
-728.08580858	0.00096778
-728.05280528	0.00092242
-728.01980198	0.00078472
-727.98679868	0.00067493
-727.95379538	0.00070876
-727.92079208	0.00051319
-727.88778878	0.00054499
-727.85478548	0.00050982
-727.82178218	0.00051615
-727.78877888	0.00050205
-727.75577558	0.00054403
-727.72277228	0.00053552
-727.68976898	0.00049777
-727.65676568	0.00051877
-727.62376238	0.00056851
-727.59075908	0.00045724
-727.55775578	0.00054051
-727.52475248	0.00044028
-727.49174917	0.00048838
-727.45874587	0.00038086
-727.42574257	0.00032681
-727.39273927	0.00044966
-727.35973597	0.00022393
-727.32673267	0.00038204
-727.29372937	0.00035893
-727.26072607	0.00021282
-727.22772277	0.00037770
-727.19471947	0.00034355
-727.16171617	0.00032494
-727.12871287	0.00038102
-727.09570957	0.00040768
-727.06270627	0.00038754
-727.02970297	0.00043354
-726.99669967	0.00050584
-726.96369637	0.00037189
-726.93069307	0.00061027
-726.89768977	0.00039168
-726.86468647	0.00056700
-726.83168317	0.00049998
-726.79867987	0.00048973
-726.76567657	0.00052424
-726.73267327	0.00047475
-726.69966997	0.00052004
-726.66666667	0.00049691
-726.63366337	0.00055071
-726.60066007	0.00056546
-726.56765677	0.00050233
-726.53465347	0.00052498
-726.50165017	0.00048380
-726.46864686	0.00060986
-726.43564356	0.00053767
-726.40264026	0.00058837
-726.36963696	0.00051857
-726.33663366	0.00052249
-726.30363036	0.00053793
-726.27062706	0.00052897
-726.23762376	0.00059625
-726.20462046	0.00045459
-726.17161716	0.00056655
-726.13861386	0.00044798
-726.10561056	0.00050622
-726.07260726	0.00046379
-726.03960396	0.00048510
-726.00660066	0.00053042
-725.97359736	0.00047739
-725.94059406	0.00050756
-725.90759076	0.00049421
-725.87458746	0.00062370
-725.84158416	0.00052909
-725.80858086	0.00060453
-725.77557756	0.00058353
-725.74257426	0.00067406
-725.70957096	0.00059560
-725.67656766	0.00078762
-725.64356436	0.00072182
-725.61056106	0.00085007
-725.57755776	0.00083509
-725.54455446	0.00090643
-725.51155116	0.00103577
-725.47854785	0.00105551
-725.44554455	0.00112263
-725.41254125	0.00115483
-725.37953795	0.00127718
-725.34653465	0.00135293
-725.31353135	0.00138613
-725.28052805	0.00147893
-725.24752475	0.00155704
-725.21452145	0.00152521
-725.18151815	0.00173783
-725.14851485	0.00164951
-725.11551155	0.00171344
-725.08250825	0.00166494
-725.04950495	0.00170463
-725.01650165	0.00144922
-724.98349835	0.00136863
-724.95049505	0.00108143
-724.91749175	0.00075355
-724.88448845	0.00034515
-724.85148515	-0.00010332
-724.81848185	-0.00071811
-724.78547855	-0.00135469
-724.75247525	-0.00198333
-724.71947195	-0.00270554
-724.68646865	-0.00331102
-724.65346535	-0.00382125
-724.62046205	-0.00432513
-724.58745875	-0.00449175
-724.55445545	-0.00468756
-724.52145215	-0.00453906
-724.48844884	-0.00420562
-724.45544554	-0.00365815
-724.42244224	-0.00301920
-724.38943894	-0.00221909
-724.35643564	-0.00142126
-724.32343234	-0.00057508
-724.29042904	0.00027446
-724.25742574	0.00085877
-724.22442244	0.00149391
-724.19141914	0.00184679
-724.15841584	0.00208581
-724.12541254	0.00231609
-724.09240924	0.00236194
-724.05940594	0.00232721
-724.02640264	0.00225092
-723.99339934	0.00208828
-723.96039604	0.00191685
-723.92739274	0.00176803
-723.89438944	0.00152575
-723.86138614	0.00131025
-723.82838284	0.00120738
-723.79537954	0.00099741
-723.76237624	0.00088046
-723.72937294	0.00076780
-723.69636964	0.00068706
-723.66336634	0.00064355
-723.63036304	0.00058744
-723.59735974	0.00056230
-723.56435644	0.00060725
-723.53135314	0.00062601
-723.49834983	0.00061083
-723.46534653	0.00062108
-723.43234323	0.00064725
-723.39933993	0.00060114
-723.36633663	0.00051491
-723.33333333	0.00050503
-723.30033003	0.00040127
-723.26732673	0.00038674
-723.23432343	0.00023920
-723.20132013	0.00024868
-723.16831683	0.00017333
-723.13531353	0.00008565
-723.10231023	0.00007120
-723.06930693	0.00014242
-723.03630363	-0.00000608
-723.00330033	0.00011262
-722.97029703	0.00006268
-722.93729373	0.00009362
-722.90429043	0.00018315
-722.87128713	0.00010025
-722.83828383	0.00014003
-722.80528053	0.00018425
-722.77227723	0.00014596
-722.73927393	0.00015881
-722.70627063	0.00015261
-722.67326733	0.00016764
-722.64026403	0.00017405
-722.60726073	0.00013150
-722.57425743	0.00012943
-722.54125413	0.00015131
-722.50825083	0.00027062
-722.47524752	0.00016996
-722.44224422	0.00022716
-722.40924092	0.00032499
-722.37623762	0.00033547
-722.34323432	0.00035967
-722.31023102	0.00031926
-722.27722772	0.00038558
-722.24422442	0.00030603
-722.21122112	0.00014139
-722.17821782	0.00009564
-722.14521452	-0.00006739
-722.11221122	-0.00026657
-722.07920792	-0.00053330
-722.04620462	-0.00070018
-722.01320132	-0.00103398
-721.98019802	-0.00130503
-721.94719472	-0.00159239
-721.91419142	-0.00181455
-721.88118812	-0.00213038
-721.84818482	-0.00226729
-721.81518152	-0.00268293
-721.78217822	-0.00273230
-721.74917492	-0.00318171
-721.71617162	-0.00336327
-721.68316832	-0.00368597
-721.65016502	-0.00408582
-721.61716172	-0.00453761
-721.58415842	-0.00509559
-721.55115512	-0.00557819
-721.51815182	-0.00627453
-721.48514851	-0.00664800
-721.45214521	-0.00733612
-721.41914191	-0.00757401
-721.38613861	-0.00787207
-721.35313531	-0.00774807
-721.32013201	-0.00741236
-721.28712871	-0.00682845
-721.25412541	-0.00588763
-721.22112211	-0.00470264
-721.18811881	-0.00340671
-721.15511551	-0.00193352
-721.12211221	-0.00053446
-721.08910891	0.00071873
-721.05610561	0.00185328
-721.02310231	0.00268125
-720.99009901	0.00335962
-720.95709571	0.00363993
-720.92409241	0.00373316
-720.89108911	0.00365261
-720.85808581	0.00363422
-720.82508251	0.00346590
-720.79207921	0.00335214
-720.75907591	0.00342182
-720.72607261	0.00356205
-720.69306931	0.00371757
-720.66006601	0.00383893
-720.62706271	0.00402865
-720.59405941	0.00410570
-720.56105611	0.00407185
-720.52805281	0.00388463
-720.49504950	0.00349418
-720.46204620	0.00311325
-720.42904290	0.00255002
-720.39603960	0.00187617
-720.36303630	0.00112490
-720.33003300	0.00029728
-720.29702970	-0.00041176
-720.26402640	-0.00128626
-720.23102310	-0.00202770
-720.19801980	-0.00283150
-720.16501650	-0.00365829
-720.13201320	-0.00459192
-720.09900990	-0.00539274
-720.06600660	-0.00646983
-720.03300330	-0.00753027
-720.00000000	-0.00876144
-719.96699670	-0.01005227
-719.93399340	-0.01161962
-719.90099010	-0.01310721
-719.86798680	-0.01479892
-719.83498350	-0.01636253
-719.80198020	-0.01786343
-719.76897690	-0.01891011
-719.73597360	-0.01971937
-719.70297030	-0.01994866
-719.66996700	-0.01936103
-719.63696370	-0.01836586
-719.60396040	-0.01635377
-719.57095710	-0.01402724
-719.53795380	-0.01103376
-719.50495050	-0.00783857
-719.47194719	-0.00458215
-719.43894389	-0.00155396
-719.40594059	0.00112853
-719.37293729	0.00318612
-719.33993399	0.00450965
-719.30693069	0.00527210
-719.27392739	0.00523906
-719.24092409	0.00459133
-719.20792079	0.00391223
-719.17491749	0.00279285
-719.14191419	0.00162302
-719.10891089	0.00065391
-719.07590759	-0.00020760
-719.04290429	-0.00078087
-719.00990099	-0.00125934
-718.97689769	-0.00150426
-718.94389439	-0.00150456
-718.91089109	-0.00128648
-718.87788779	-0.00102381
-718.84488449	-0.00040231
-718.81188119	0.00041165
-718.77887789	0.00131398
-718.74587459	0.00252157
-718.71287129	0.00384869
-718.67986799	0.00539728
-718.64686469	0.00702028
-718.61386139	0.00887246
-718.58085809	0.01080722
-718.54785479	0.01302464
-718.51485149	0.01524148
-718.48184818	0.01781241
-718.44884488	0.02057658
-718.41584158	0.02377358
-718.38283828	0.02721160
-718.34983498	0.03101533
-718.31683168	0.03555921
-718.28382838	0.04039294
-718.25082508	0.04582544
-718.21782178	0.05184985
-718.18481848	0.05826794
-718.15181518	0.06534042
-718.11881188	0.07265623
-718.08580858	0.08046630
-718.05280528	0.08863930
-718.01980198	0.09689956
-717.98679868	0.10549460
-717.95379538	0.11394488
-717.92079208	0.12284772
-717.88778878	0.13171436
-717.85478548	0.14100300
-717.82178218	0.15045990
-717.78877888	0.16051173
-717.75577558	0.17137841
-717.72277228	0.18326243
-717.68976898	0.19641019
-717.65676568	0.21120259
-717.62376238	0.22782207
-717.59075908	0.24664267
-717.55775578	0.26763908
-717.52475248	0.29074071
-717.49174917	0.31593343
-717.45874587	0.34279822
-717.42574257	0.37082169
-717.39273927	0.39889064
-717.35973597	0.42628592
-717.32673267	0.45169865
-717.29372937	0.47333533
-717.26072607	0.49010280
-717.22772277	0.50012850
-717.19471947	0.50197727
-717.16171617	0.49423612
-717.12871287	0.47595354
-717.09570957	0.44621926
-717.06270627	0.40510169
-717.02970297	0.35287940
-716.99669967	0.29037306
-716.96369637	0.21884035
-716.93069307	0.14030148
-716.89768977	0.05615949
-716.86468647	-0.03187977
-716.83168317	-0.12252427
-716.79867987	-0.21519922
-716.76567657	-0.31016982
-716.73267327	-0.40836301
-716.69966997	-0.51200983
-716.66666667	-0.62387367
-716.63366337	-0.74658488
-716.60066007	-0.88263758
-716.56765677	-1.03348849
-716.53465347	-1.19845136
-716.50165017	-1.37468953
-716.46864686	-1.55613546
-716.43564356	-1.73369190
-716.40264026	-1.89557846
-716.36963696	-2.02790223
-716.33663366	-2.11601885
-716.30363036	-2.14652931
-716.27062706	-2.10796424
-716.23762376	-1.99299915
-716.20462046	-1.79980810
-716.17161716	-1.53306769
-716.13861386	-1.20423321
-716.10561056	-0.83068862
-716.07260726	-0.43395892
-716.03960396	-0.03774165
-716.00660066	0.33434517
-715.97359736	0.66215710
-715.94059406	0.93089156
-715.90759076	1.13283085
-715.87458746	1.26697330
-715.84158416	1.33749822
-715.80858086	1.35346056
-715.77557756	1.32516420
-715.74257426	1.26432188
-715.70957096	1.18085257
-715.67656766	1.08352280
-715.64356436	0.97852558
-715.61056106	0.87069030
-715.57755776	0.76451980
-715.54455446	0.66294294
-715.51155116	0.56908568
-715.47854785	0.48593734
-715.44554455	0.41504342
-715.41254125	0.35778275
-715.37953795	0.31393324
-715.34653465	0.28280391
-715.31353135	0.26219788
-715.28052805	0.24973069
-715.24752475	0.24263298
-715.21452145	0.23829780
-715.18151815	0.23375361
-715.14851485	0.22676097
-715.11551155	0.21546616
-715.08250825	0.19904488
-715.04950495	0.17760254
-715.01650165	0.15191814
-714.98349835	0.12391321
-714.95049505	0.09588046
-714.91749175	0.06958877
-714.88448845	0.04703585
-714.85148515	0.02937616
-714.81848185	0.01712780
-714.78547855	0.01049378
-714.75247525	0.00891990
-714.71947195	0.01189756
-714.68646865	0.01853822
-714.65346535	0.02722249
-714.62046205	0.03708826
-714.58745875	0.04657288
-714.55445545	0.05446334
-714.52145215	0.05966335
-714.48844884	0.06181983
-714.45544554	0.06064065
-714.42244224	0.05627536
-714.38943894	0.04916800
-714.35643564	0.04038513
-714.32343234	0.03021638
-714.29042904	0.01999443
-714.25742574	0.01061024
-714.22442244	0.00228802
-714.19141914	-0.00402273
-714.15841584	-0.00823282
-714.12541254	-0.01032775
-714.09240924	-0.01049612
-714.05940594	-0.00895523
-714.02640264	-0.00623243
-713.99339934	-0.00325448
-713.96039604	-0.00025946
-713.92739274	0.00171562
-713.89438944	0.00252222
-713.86138614	0.00174409
-713.82838284	-0.00038191
-713.79537954	-0.00397568
-713.76237624	-0.00848333
-713.72937294	-0.01349275
-713.69636964	-0.01885798
-713.66336634	-0.02389558
-713.63036304	-0.02868514
-713.59735974	-0.03300502
-713.56435644	-0.03677424
-713.53135314	-0.03972511
-713.49834983	-0.04206264
-713.46534653	-0.04362165
-713.43234323	-0.04439513
-713.39933993	-0.04420099
-713.36633663	-0.04320137
-713.33333333	-0.04167954
-713.30033003	-0.03967684
-713.26732673	-0.03722451
-713.23432343	-0.03499551
-713.20132013	-0.03290679
-713.16831683	-0.03078945
-713.13531353	-0.02869033
-713.10231023	-0.02626342
-713.06930693	-0.02312740
-713.03630363	-0.01891015
-713.00330033	-0.01354098
-712.97029703	-0.00668950
-712.93729373	0.00141958
-712.90429043	0.01026427
-712.87128713	0.01935623
-712.83828383	0.02822392
-712.80528053	0.03565707
-712.77227723	0.04128439
-712.73927393	0.04474138
-712.70627063	0.04523868
-712.67326733	0.04311956
-712.64026403	0.03856293
-712.60726073	0.03151322
-712.57425743	0.02275952
-712.54125413	0.01238279
-712.50825083	0.00136923
-712.47524752	-0.01002212
-712.44224422	-0.02086425
-712.40924092	-0.03034183
-712.37623762	-0.03780577
-712.34323432	-0.04267850
-712.31023102	-0.04467621
-712.27722772	-0.04355986
-712.24422442	-0.03981973
-712.21122112	-0.03422680
-712.17821782	-0.02734429
-712.14521452	-0.02008021
-712.11221122	-0.01380475
-712.07920792	-0.00887359
-712.04620462	-0.00576788
-712.01320132	-0.00502319
-711.98019802	-0.00641539
-711.94719472	-0.00931148
-711.91419142	-0.01337350
-711.88118812	-0.01795599
-711.84818482	-0.02223629
-711.81518152	-0.02568212
-711.78217822	-0.02806921
-711.74917492	-0.02894386
-711.71617162	-0.02832279
-711.68316832	-0.02672924
-711.65016502	-0.02391903
-711.61716172	-0.02058461
-711.58415842	-0.01707056
-711.55115512	-0.01346562
-711.51815182	-0.00999003
-711.48514851	-0.00691123
-711.45214521	-0.00415422
-711.41914191	-0.00196700
-711.38613861	-0.00005683
-711.35313531	0.00126697
-711.32013201	0.00213604
-711.28712871	0.00260511
-711.25412541	0.00251567
-711.22112211	0.00205611
-711.18811881	0.00123489
-711.15511551	0.00001353
-711.12211221	-0.00108807
-711.08910891	-0.00180053
-711.05610561	-0.00256079
-711.02310231	-0.00256131
-710.99009901	-0.00212043
-710.95709571	-0.00148874
-710.92409241	-0.00092619
-710.89108911	-0.00089210
-710.85808581	-0.00179918
-710.82508251	-0.00398615
-710.79207921	-0.00759284
-710.75907591	-0.01250125
-710.72607261	-0.01812034
-710.69306931	-0.02402153
-710.66006601	-0.02957385
-710.62706271	-0.03387447
-710.59405941	-0.03654640
-710.56105611	-0.03763369
-710.52805281	-0.03711230
-710.49504950	-0.03532597
-710.46204620	-0.03313492
-710.42904290	-0.03057618
-710.39603960	-0.02808486
-710.36303630	-0.02625170
-710.33003300	-0.02476278
-710.29702970	-0.02373889
-710.26402640	-0.02306651
-710.23102310	-0.02277453
-710.19801980	-0.02259743
-710.16501650	-0.02229732
-710.13201320	-0.02216911
-710.09900990	-0.02161344
-710.06600660	-0.02079951
-710.03300330	-0.01946226
-710.00000000	-0.01748090
-709.96699670	-0.01475130
-709.93399340	-0.01140766
-709.90099010	-0.00739255
-709.86798680	-0.00319642
-709.83498350	0.00087441
-709.80198020	0.00447005
-709.76897690	0.00727424
-709.73597360	0.00875920
-709.70297030	0.00930034
-709.66996700	0.00902020
-709.63696370	0.00803448
-709.60396040	0.00703934
-709.57095710	0.00647133
-709.53795380	0.00651446
-709.50495050	0.00729749
-709.47194719	0.00860559
-709.43894389	0.01049224
-709.40594059	0.01281166
-709.37293729	0.01512381
-709.33993399	0.01748111
-709.30693069	0.01964596
-709.27392739	0.02170936
-709.24092409	0.02328124
-709.20792079	0.02455543
-709.17491749	0.02533184
-709.14191419	0.02533073
-709.10891089	0.02475472
-709.07590759	0.02318413
-709.04290429	0.02057256
-709.00990099	0.01708514
-708.97689769	0.01222025
-708.94389439	0.00631233
-708.91089109	-0.00062335
-708.87788779	-0.00805280
-708.84488449	-0.01567449
-708.81188119	-0.02276936
-708.77887789	-0.02908754
-708.74587459	-0.03420214
-708.71287129	-0.03837131
-708.67986799	-0.04137516
-708.64686469	-0.04360471
-708.61386139	-0.04565142
-708.58085809	-0.04762265
-708.54785479	-0.04947584
-708.51485149	-0.05140836
-708.48184818	-0.05312123
-708.44884488	-0.05393184
-708.41584158	-0.05356692
-708.38283828	-0.05192423
-708.34983498	-0.04821681
-708.31683168	-0.04271766
-708.28382838	-0.03559993
-708.25082508	-0.02703391
-708.21782178	-0.01816358
-708.18481848	-0.00879022
-708.15181518	0.00019496
-708.11881188	0.00833325
-708.08580858	0.01569386
-708.05280528	0.02216858
-708.01980198	0.02750687
-707.98679868	0.03212493
-707.95379538	0.03575775
-707.92079208	0.03822793
-707.88778878	0.03956374
-707.85478548	0.03959556
-707.82178218	0.03823653
-707.78877888	0.03599294
-707.75577558	0.03300957
-707.72277228	0.02985170
-707.68976898	0.02719031
-707.65676568	0.02547667
-707.62376238	0.02494139
-707.59075908	0.02552055
-707.55775578	0.02733880
-707.52475248	0.02971246
-707.49174917	0.03252745
-707.45874587	0.03525450
-707.42574257	0.03728810
-707.39273927	0.03858743
-707.35973597	0.03901545
-707.32673267	0.03824890
-707.29372937	0.03669483
-707.26072607	0.03405453
-707.22772277	0.03059244
-707.19471947	0.02631233
-707.16171617	0.02135142
-707.12871287	0.01580831
-707.09570957	0.00990085
-707.06270627	0.00389630
-707.02970297	-0.00177656
-706.99669967	-0.00708001
-706.96369637	-0.01155075
-706.93069307	-0.01509164
-706.89768977	-0.01763131
-706.86468647	-0.01926907
-706.83168317	-0.02033971
-706.79867987	-0.02106341
-706.76567657	-0.02132905
-706.73267327	-0.02152123
-706.69966997	-0.02178091
-706.66666667	-0.02168764
-706.63366337	-0.02129815
-706.60066007	-0.02084754
-706.56765677	-0.01988349
-706.53465347	-0.01867994
-706.50165017	-0.01751489
-706.46864686	-0.01619425
-706.43564356	-0.01504661
-706.40264026	-0.01378422
-706.36963696	-0.01280628
-706.33663366	-0.01181468
-706.30363036	-0.01079438
-706.27062706	-0.00948915
-706.23762376	-0.00821250
-706.20462046	-0.00678104
-706.17161716	-0.00541631
-706.13861386	-0.00434293
-706.10561056	-0.00349760
-706.07260726	-0.00350178
-706.03960396	-0.00402925
-706.00660066	-0.00516431
-705.97359736	-0.00669197
-705.94059406	-0.00851253
-705.90759076	-0.01013066
-705.87458746	-0.01125744
-705.84158416	-0.01145183
-705.80858086	-0.01080997
-705.77557756	-0.00927325
-705.74257426	-0.00681305
-705.70957096	-0.00375760
-705.67656766	-0.00062622
-705.64356436	0.00210244
-705.61056106	0.00435655
-705.57755776	0.00586480
-705.54455446	0.00674759
-705.51155116	0.00682573
-705.47854785	0.00662467
-705.44554455	0.00635273
-705.41254125	0.00588185
-705.37953795	0.00559431
-705.34653465	0.00525112
-705.31353135	0.00490444
-705.28052805	0.00462154
-705.24752475	0.00416696
-705.21452145	0.00341756
-705.18151815	0.00273851
-705.14851485	0.00188048
-705.11551155	0.00110009
-705.08250825	0.00067877
-705.04950495	0.00038417
-705.01650165	0.00034464
-704.98349835	0.00060422
-704.95049505	0.00110914
-704.91749175	0.00142509
-704.88448845	0.00161579
-704.85148515	0.00149545
-704.81848185	0.00101768
-704.78547855	0.00030934
-704.75247525	-0.00098191
-704.71947195	-0.00254148
-704.68646865	-0.00403829
-704.65346535	-0.00548067
-704.62046205	-0.00650541
-704.58745875	-0.00678566
-704.55445545	-0.00626921
-704.52145215	-0.00471788
-704.48844884	-0.00248326
-704.45544554	0.00068899
-704.42244224	0.00446629
-704.38943894	0.00823843
-704.35643564	0.01180636
-704.32343234	0.01511336
-704.29042904	0.01758967
-704.25742574	0.01917976
-704.22442244	0.02019299
-704.19141914	0.01990998
-704.15841584	0.01892072
-704.12541254	0.01721026
-704.09240924	0.01478565
-704.05940594	0.01180210
-704.02640264	0.00866696
-703.99339934	0.00536273
-703.96039604	0.00215534
-703.92739274	-0.00026095
-703.89438944	-0.00176633
-703.86138614	-0.00219592
-703.82838284	-0.00126743
-703.79537954	0.00134755
-703.76237624	0.00498777
-703.72937294	0.00969282
-703.69636964	0.01521186
-703.66336634	0.02063947
-703.63036304	0.02587024
-703.59735974	0.03048523
-703.56435644	0.03393841
-703.53135314	0.03642670
-703.49834983	0.03788127
-703.46534653	0.03810569
-703.43234323	0.03759773
-703.39933993	0.03642614
-703.36633663	0.03474576
-703.33333333	0.03281460
-703.30033003	0.03077114
-703.26732673	0.02888402
-703.23432343	0.02725454
-703.20132013	0.02591591
-703.16831683	0.02525770
-703.13531353	0.02530661
-703.10231023	0.02622678
-703.06930693	0.02784500
-703.03630363	0.02999384
-703.00330033	0.03235627
-702.97029703	0.03427256
-702.93729373	0.03543486
-702.90429043	0.03503346
-702.87128713	0.03293833
-702.83828383	0.02877276
-702.80528053	0.02308568
-702.77227723	0.01602884
-702.73927393	0.00780319
-702.70627063	-0.00085149
-702.67326733	-0.00967049
-702.64026403	-0.01843566
-702.60726073	-0.02721271
-702.57425743	-0.03599673
-702.54125413	-0.04516171
-702.50825083	-0.05502926
-702.47524752	-0.06584187
-702.44224422	-0.07791384
-702.40924092	-0.09132761
-702.37623762	-0.10606979
-702.34323432	-0.12183831
-702.31023102	-0.13780068
-702.27722772	-0.15360652
-702.24422442	-0.16815620
-702.21122112	-0.18039194
-702.17821782	-0.18923014
-702.14521452	-0.19358112
-702.11221122	-0.19270885
-702.07920792	-0.18572187
-702.04620462	-0.17211466
-702.01320132	-0.15189593
-701.98019802	-0.12552487
-701.94719472	-0.09380682
-701.91419142	-0.05806715
-701.88118812	-0.02041002
-701.84818482	0.01741567
-701.81518152	0.05351272
-701.78217822	0.08592045
-701.74917492	0.11296537
-701.71617162	0.13387176
-701.68316832	0.14808992
-701.65016502	0.15573196
-701.61716172	0.15707790
-701.58415842	0.15328159
-701.55115512	0.14547271
-701.51815182	0.13452636
-701.48514851	0.12149002
-701.45214521	0.10682609
-701.41914191	0.09095324
-701.38613861	0.07383769
-701.35313531	0.05525203
-701.32013201	0.03459402
-701.28712871	0.01193024
-701.25412541	-0.01277060
-701.22112211	-0.03931529
-701.18811881	-0.06670026
-701.15511551	-0.09375938
-701.12211221	-0.11885151
-701.08910891	-0.14044152
-701.05610561	-0.15693818
-701.02310231	-0.16663310
-700.99009901	-0.16841561
-700.95709571	-0.16158221
-700.92409241	-0.14607458
-700.89108911	-0.12234428
-700.85808581	-0.09161058
-700.82508251	-0.05553586
-700.79207921	-0.01641377
-700.75907591	0.02346505
-700.72607261	0.06219962
-700.69306931	0.09780847
-700.66006601	0.12891968
-700.62706271	0.15504920
-700.59405941	0.17553464
-700.56105611	0.19084627
-700.52805281	0.20153923
-700.49504950	0.20839236
-700.46204620	0.21179781
-700.42904290	0.21238798
-700.39603960	0.21055911
-700.36303630	0.20624154
-700.33003300	0.19930454
-700.29702970	0.18978079
-700.26402640	0.17735001
-700.23102310	0.16200260
-700.19801980	0.14407906
-700.16501650	0.12373142
-700.13201320	0.10170911
-700.09900990	0.07859413
-700.06600660	0.05479268
-700.03300330	0.03113145
-700.00000000	0.00800720
-699.96699670	-0.01437798
-699.93399340	-0.03557090
-699.90099010	-0.05510141
-699.86798680	-0.07247383
-699.83498350	-0.08727147
-699.80198020	-0.09886465
-699.76897690	-0.10691260
-699.73597360	-0.11094539
-699.70297030	-0.11126118
-699.66996700	-0.10790040
-699.63696370	-0.10144281
-699.60396040	-0.09293478
-699.57095710	-0.08287015
-699.53795380	-0.07240028
-699.50495050	-0.06232380
-699.47194719	-0.05279461
-699.43894389	-0.04455346
-699.40594059	-0.03774424
-699.37293729	-0.03233516
-699.33993399	-0.02813379
-699.30693069	-0.02496712
-699.27392739	-0.02245338
-699.24092409	-0.02094334
-699.20792079	-0.01965744
-699.17491749	-0.01868148
-699.14191419	-0.01818421
-699.10891089	-0.01746048
-699.07590759	-0.01677812
-699.04290429	-0.01612689
-699.00990099	-0.01505335
-698.97689769	-0.01351737
-698.94389439	-0.01204674
-698.91089109	-0.01026375
-698.87788779	-0.00856115
-698.84488449	-0.00718159
-698.81188119	-0.00626255
-698.77887789	-0.00599260
-698.74587459	-0.00635736
-698.71287129	-0.00742138
-698.67986799	-0.00903140
-698.64686469	-0.01109870
-698.61386139	-0.01325766
-698.58085809	-0.01523719
-698.54785479	-0.01677541
-698.51485149	-0.01750442
-698.48184818	-0.01721865
-698.44884488	-0.01572790
-698.41584158	-0.01293796
-698.38283828	-0.00918483
-698.34983498	-0.00455519
-698.31683168	0.00044872
-698.28382838	0.00531463
-698.25082508	0.00952534
-698.21782178	0.01240226
-698.18481848	0.01404309
-698.15181518	0.01386549
-698.11881188	0.01191021
-698.08580858	0.00855965
-698.05280528	0.00400378
-698.01980198	-0.00119823
-697.98679868	-0.00641300
-697.95379538	-0.01142160
-697.92079208	-0.01558187
-697.88778878	-0.01851199
-697.85478548	-0.02013457
-697.82178218	-0.02028178
-697.78877888	-0.01895884
-697.75577558	-0.01642300
-697.72277228	-0.01299627
-697.68976898	-0.00919115
-697.65676568	-0.00532132
-697.62376238	-0.00165189
-697.59075908	0.00114696
-697.55775578	0.00314196
-697.52475248	0.00442497
-697.49174917	0.00478635
-697.45874587	0.00459958
-697.42574257	0.00412502
-697.39273927	0.00358435
-697.35973597	0.00314699
-697.32673267	0.00324831
-697.29372937	0.00360545
-697.26072607	0.00443813
-697.22772277	0.00556777
-697.19471947	0.00674464
-697.16171617	0.00769572
-697.12871287	0.00840099
-697.09570957	0.00869865
-697.06270627	0.00824811
-697.02970297	0.00721858
-696.99669967	0.00566470
-696.96369637	0.00299152
-696.93069307	-0.00003775
-696.89768977	-0.00357346
-696.86468647	-0.00730757
-696.83168317	-0.01085133
-696.79867987	-0.01357264
-696.76567657	-0.01535464
-696.73267327	-0.01544631
-696.69966997	-0.01392350
-696.66666667	-0.01062401
-696.63366337	-0.00581798
-696.60066007	0.00032032
-696.56765677	0.00698896
-696.53465347	0.01377896
-696.50165017	0.01999432
-696.46864686	0.02485567
-696.43564356	0.02829897
-696.40264026	0.02939317
-696.36963696	0.02821379
-696.33663366	0.02493453
-696.30363036	0.01945014
-696.27062706	0.01253497
-696.23762376	0.00481443
-696.20462046	-0.00295185
-696.17161716	-0.00973610
-696.13861386	-0.01515911
-696.10561056	-0.01883304
-696.07260726	-0.02017612
-696.03960396	-0.01981773
-696.00660066	-0.01767166
-695.97359736	-0.01436297
-695.94059406	-0.01039589
-695.90759076	-0.00619747
-695.87458746	-0.00235298
-695.84158416	0.00100256
-695.80858086	0.00329695
-695.77557756	0.00470131
-695.74257426	0.00533071
-695.70957096	0.00489506
-695.67656766	0.00394732
-695.64356436	0.00256079
-695.61056106	0.00108118
-695.57755776	-0.00033337
-695.54455446	-0.00146814
-695.51155116	-0.00207977
-695.47854785	-0.00210336
-695.44554455	-0.00183526
-695.41254125	-0.00090162
-695.37953795	0.00012592
-695.34653465	0.00110369
-695.31353135	0.00199015
-695.28052805	0.00238877
-695.24752475	0.00222925
-695.21452145	0.00170549
-695.18151815	0.00073111
-695.14851485	-0.00020398
-695.11551155	-0.00114700
-695.08250825	-0.00175987
-695.04950495	-0.00221023
-695.01650165	-0.00227219
-694.98349835	-0.00185027
-694.95049505	-0.00157411
-694.91749175	-0.00110969
-694.88448845	-0.00047541
-694.85148515	0.00026166
-694.81848185	0.00113516
-694.78547855	0.00214002
-694.75247525	0.00329369
-694.71947195	0.00457535
-694.68646865	0.00549825
-694.65346535	0.00578037
-694.62046205	0.00545091
-694.58745875	0.00417057
-694.55445545	0.00188518
-694.52145215	-0.00123665
-694.48844884	-0.00499786
-694.45544554	-0.00866434
-694.42244224	-0.01191263
-694.38943894	-0.01435136
-694.35643564	-0.01550216
-694.32343234	-0.01512797
-694.29042904	-0.01375001
-694.25742574	-0.01117157
-694.22442244	-0.00800698
-694.19141914	-0.00487445
-694.15841584	-0.00177158
-694.12541254	0.00063557
-694.09240924	0.00242139
-694.05940594	0.00348850
-694.02640264	0.00392878
-693.99339934	0.00399342
-693.96039604	0.00367915
-693.92739274	0.00305033
-693.89438944	0.00275066
-693.86138614	0.00213409
-693.82838284	0.00198280
-693.79537954	0.00197356
-693.76237624	0.00246257
-693.72937294	0.00342980
-693.69636964	0.00476313
-693.66336634	0.00645527
-693.63036304	0.00817515
-693.59735974	0.00984286
-693.56435644	0.01112118
-693.53135314	0.01161901
-693.49834983	0.01162228
-693.46534653	0.01061340
-693.43234323	0.00891038
-693.39933993	0.00685711
-693.36633663	0.00422895
-693.33333333	0.00166266
-693.30033003	-0.00072483
-693.26732673	-0.00266554
-693.23432343	-0.00399711
-693.20132013	-0.00455813
-693.16831683	-0.00446949
-693.13531353	-0.00353062
-693.10231023	-0.00208131
-693.06930693	0.00005584
-693.03630363	0.00256266
-693.00330033	0.00534734
-692.97029703	0.00826792
-692.93729373	0.01084353
-692.90429043	0.01279890
-692.87128713	0.01413664
-692.83828383	0.01449065
-692.80528053	0.01346524
-692.77227723	0.01151135
-692.73927393	0.00842032
-692.70627063	0.00482035
-692.67326733	0.00074078
-692.64026403	-0.00338193
-692.60726073	-0.00682908
-692.57425743	-0.00936180
-692.54125413	-0.01073505
-692.50825083	-0.01074584
-692.47524752	-0.00928077
-692.44224422	-0.00684857
-692.40924092	-0.00354866
-692.37623762	-0.00002938
-692.34323432	0.00318510
-692.31023102	0.00566995
-692.27722772	0.00695625
-692.24422442	0.00691475
-692.21122112	0.00548920
-692.17821782	0.00294627
-692.14521452	-0.00054333
-692.11221122	-0.00415067
-692.07920792	-0.00789176
-692.04620462	-0.01124083
-692.01320132	-0.01366460
-691.98019802	-0.01539739
-691.94719472	-0.01612824
-691.91419142	-0.01623795
-691.88118812	-0.01583301
-691.84818482	-0.01486639
-691.81518152	-0.01345028
-691.78217822	-0.01206083
-691.74917492	-0.01023544
-691.71617162	-0.00839599
-691.68316832	-0.00677556
-691.65016502	-0.00503140
-691.61716172	-0.00371565
-691.58415842	-0.00308132
-691.55115512	-0.00248706
-691.51815182	-0.00243884
-691.48514851	-0.00237271
-691.45214521	-0.00233482
-691.41914191	-0.00161313
-691.38613861	-0.00047675
-691.35313531	0.00121884
-691.32013201	0.00365702
-691.28712871	0.00611399
-691.25412541	0.00850731
-691.22112211	0.01051599
-691.18811881	0.01158911
-691.15511551	0.01154286
-691.12211221	0.01059948
-691.08910891	0.00889000
-691.05610561	0.00624345
-691.02310231	0.00342712
-690.99009901	0.00073330
-690.95709571	-0.00167210
-690.92409241	-0.00323398
-690.89108911	-0.00398737
-690.85808581	-0.00403868
-690.82508251	-0.00292048
-690.79207921	-0.00122946
-690.75907591	0.00094874
-690.72607261	0.00334019
-690.69306931	0.00572175
-690.66006601	0.00762570
-690.62706271	0.00877933
-690.59405941	0.00873399
-690.56105611	0.00780557
-690.52805281	0.00572397
-690.49504950	0.00297273
-690.46204620	-0.00030539
-690.42904290	-0.00345613
-690.39603960	-0.00608834
-690.36303630	-0.00830613
-690.33003300	-0.00938565
-690.29702970	-0.00975034
-690.26402640	-0.00922625
-690.23102310	-0.00805183
-690.19801980	-0.00631843
-690.16501650	-0.00410424
-690.13201320	-0.00179893
-690.09900990	0.00091696
-690.06600660	0.00368938
-690.03300330	0.00639491
-690.00000000	0.00892036
-689.96699670	0.01109746
-689.93399340	0.01283495
-689.90099010	0.01386644
-689.86798680	0.01426695
-689.83498350	0.01380335
-689.80198020	0.01269027
-689.76897690	0.01105511
-689.73597360	0.00913229
-689.70297030	0.00728196
-689.66996700	0.00552039
-689.63696370	0.00439595
-689.60396040	0.00374277
-689.57095710	0.00368197
-689.53795380	0.00436284
-689.50495050	0.00529865
-689.47194719	0.00646488
-689.43894389	0.00761367
-689.40594059	0.00835000
-689.37293729	0.00868141
-689.33993399	0.00849032
-689.30693069	0.00749785
-689.27392739	0.00621091
-689.24092409	0.00459238
-689.20792079	0.00270296
-689.17491749	0.00108379
-689.14191419	-0.00007951
-689.10891089	-0.00046686
-689.07590759	-0.00025551
-689.04290429	0.00080934
-689.00990099	0.00246918
-688.97689769	0.00447738
-688.94389439	0.00657544
-688.91089109	0.00841480
-688.87788779	0.00986159
-688.84488449	0.01073125
-688.81188119	0.01079252
-688.77887789	0.01037335
-688.74587459	0.00908576
-688.71287129	0.00741708
-688.67986799	0.00542224
-688.64686469	0.00319690
-688.61386139	0.00081771
-688.58085809	-0.00147044
-688.54785479	-0.00384452
-688.51485149	-0.00607554
-688.48184818	-0.00815330
-688.44884488	-0.00990515
-688.41584158	-0.01148061
-688.38283828	-0.01266145
-688.34983498	-0.01320143
-688.31683168	-0.01348196
-688.28382838	-0.01336050
-688.25082508	-0.01243992
-688.21782178	-0.01133671
-688.18481848	-0.00972546
-688.15181518	-0.00792106
-688.11881188	-0.00630888
-688.08580858	-0.00440084
-688.05280528	-0.00279215
-688.01980198	-0.00150106
-687.98679868	-0.00031654
-687.95379538	0.00044276
-687.92079208	0.00108438
-687.88778878	0.00174506
-687.85478548	0.00229408
-687.82178218	0.00278267
-687.78877888	0.00374939
-687.75577558	0.00495586
-687.72277228	0.00642142
-687.68976898	0.00863889
-687.65676568	0.01120254
-687.62376238	0.01426538
-687.59075908	0.01791179
-687.55775578	0.02203067
-687.52475248	0.02647933
-687.49174917	0.03122676
-687.45874587	0.03601657
-687.42574257	0.04087156
-687.39273927	0.04566998
-687.35973597	0.05006742
-687.32673267	0.05426710
-687.29372937	0.05785139
-687.26072607	0.06119554
-687.22772277	0.06384888
-687.19471947	0.06574611
-687.16171617	0.06692998
-687.12871287	0.06688481
-687.09570957	0.06540430
-687.06270627	0.06232727
-687.02970297	0.05747187
-686.99669967	0.05071877
-686.96369637	0.04238064
-686.93069307	0.03249583
-686.89768977	0.02181442
-686.86468647	0.01092732
-686.83168317	-0.00016751
-686.79867987	-0.01031539
-686.76567657	-0.01967490
-686.73267327	-0.02790021
-686.69966997	-0.03490271
-686.66666667	-0.04120498
-686.63366337	-0.04665841
-686.60066007	-0.05177488
-686.56765677	-0.05686970
-686.53465347	-0.06197077
-686.50165017	-0.06717471
-686.46864686	-0.07266442
-686.43564356	-0.07801143
-686.40264026	-0.08332487
-686.36963696	-0.08865413
-686.33663366	-0.09351280
-686.30363036	-0.09821262
-686.27062706	-0.10253908
-686.23762376	-0.10663711
-686.20462046	-0.11015519
-686.17161716	-0.11286719
-686.13861386	-0.11459767
-686.10561056	-0.11479477
-686.07260726	-0.11308250
-686.03960396	-0.10900062
-686.00660066	-0.10259888
-685.97359736	-0.09305709
-685.94059406	-0.08118103
-685.90759076	-0.06698374
-685.87458746	-0.05101619
-685.84158416	-0.03418165
-685.80858086	-0.01712359
-685.77557756	-0.00077250
-685.74257426	0.01430118
-685.70957096	0.02743511
-685.67656766	0.03814444
-685.64356436	0.04664936
-685.61056106	0.05247525
-685.57755776	0.05592230
-685.54455446	0.05749126
-685.51155116	0.05734793
-685.47854785	0.05595077
-685.44554455	0.05381714
-685.41254125	0.05126570
-685.37953795	0.04873623
-685.34653465	0.04632856
-685.31353135	0.04411641
-685.28052805	0.04218164
-685.24752475	0.04062569
-685.21452145	0.03921778
-685.18151815	0.03787718
-685.14851485	0.03682855
-685.11551155	0.03582329
-685.08250825	0.03500312
-685.04950495	0.03444425
-685.01650165	0.03372442
-684.98349835	0.03300502
-684.95049505	0.03173947
-684.91749175	0.02993867
-684.88448845	0.02726876
-684.85148515	0.02391609
-684.81848185	0.01949769
-684.78547855	0.01466684
-684.75247525	0.00956024
-684.71947195	0.00459855
-684.68646865	0.00044977
-684.65346535	-0.00293999
-684.62046205	-0.00516834
-684.58745875	-0.00609351
-684.55445545	-0.00591418
-684.52145215	-0.00471444
-684.48844884	-0.00292417
-684.45544554	-0.00108477
-684.42244224	0.00093221
-684.38943894	0.00244402
-684.35643564	0.00336134
-684.32343234	0.00360234
-684.29042904	0.00337049
-684.25742574	0.00247182
-684.22442244	0.00145116
-684.19141914	0.00060354
-684.15841584	-0.00009547
-684.12541254	-0.00018390
-684.09240924	0.00029535
-684.05940594	0.00153270
-684.02640264	0.00336682
-683.99339934	0.00554571
-683.96039604	0.00778357
-683.92739274	0.01017772
-683.89438944	0.01252753
-683.86138614	0.01452000
-683.82838284	0.01629101
-683.79537954	0.01775942
-683.76237624	0.01876222
-683.72937294	0.01949031
-683.69636964	0.01987291
-683.66336634	0.01976677
-683.63036304	0.01919231
-683.59735974	0.01796579
-683.56435644	0.01646947
-683.53135314	0.01412026
-683.49834983	0.01144274
-683.46534653	0.00834397
-683.43234323	0.00500739
-683.39933993	0.00154892
-683.36633663	-0.00174745
-683.33333333	-0.00483042
-683.30033003	-0.00742797
-683.26732673	-0.00940050
-683.23432343	-0.01066013
-683.20132013	-0.01109142
-683.16831683	-0.01084465
-683.13531353	-0.00964871
-683.10231023	-0.00800222
-683.06930693	-0.00605304
-683.03630363	-0.00392776
-683.00330033	-0.00207523
-682.97029703	-0.00060832
-682.93729373	-0.00009987
-682.90429043	0.00015194
-682.87128713	-0.00054452
-682.83828383	-0.00150096
-682.80528053	-0.00271712
-682.77227723	-0.00379828
-682.73927393	-0.00474824
-682.70627063	-0.00515121
-682.67326733	-0.00520441
-682.64026403	-0.00461284
-682.60726073	-0.00399137
-682.57425743	-0.00294861
-682.54125413	-0.00230820
-682.50825083	-0.00162798
-682.47524752	-0.00161933
-682.44224422	-0.00180745
-682.40924092	-0.00266461
-682.37623762	-0.00381188
-682.34323432	-0.00503638
-682.31023102	-0.00638179
-682.27722772	-0.00703940
-682.24422442	-0.00747511
-682.21122112	-0.00713418
-682.17821782	-0.00605396
-682.14521452	-0.00442425
-682.11221122	-0.00243666
-682.07920792	-0.00025945
-682.04620462	0.00176301
-682.01320132	0.00346020
-681.98019802	0.00470148
-681.94719472	0.00532492
-681.91419142	0.00539860
-681.88118812	0.00502670
-681.84818482	0.00400468
-681.81518152	0.00312615
-681.78217822	0.00193923
-681.74917492	0.00067674
-681.71617162	-0.00029700
-681.68316832	-0.00138294
-681.65016502	-0.00206149
-681.61716172	-0.00302783
-681.58415842	-0.00366184
-681.55115512	-0.00454730
-681.51815182	-0.00516062
-681.48514851	-0.00582893
-681.45214521	-0.00632272
-681.41914191	-0.00683658
-681.38613861	-0.00715478
-681.35313531	-0.00734432
-681.32013201	-0.00754343
-681.28712871	-0.00768233
-681.25412541	-0.00776073
-681.22112211	-0.00780124
-681.18811881	-0.00786895
-681.15511551	-0.00761917
-681.12211221	-0.00732364
-681.08910891	-0.00664455
-681.05610561	-0.00585487
-681.02310231	-0.00462501
-680.99009901	-0.00324942
-680.95709571	-0.00144940
-680.92409241	0.00057184
-680.89108911	0.00267499
-680.85808581	0.00477798
-680.82508251	0.00649977
-680.79207921	0.00786500
-680.75907591	0.00850074
-680.72607261	0.00845339
-680.69306931	0.00747408
-680.66006601	0.00573677
-680.62706271	0.00345776
-680.59405941	0.00066119
-680.56105611	-0.00194578
-680.52805281	-0.00471813
-680.49504950	-0.00680976
-680.46204620	-0.00828828
-680.42904290	-0.00914770
-680.39603960	-0.00895424
-680.36303630	-0.00813203
-680.33003300	-0.00651648
-680.29702970	-0.00446769
-680.26402640	-0.00222636
-680.23102310	0.00019494
-680.19801980	0.00212284
-680.16501650	0.00367120
-680.13201320	0.00461963
-680.09900990	0.00470915
-680.06600660	0.00415470
-680.03300330	0.00287277
-680.00000000	0.00131420
-679.96699670	-0.00060037
-679.93399340	-0.00242671
-679.90099010	-0.00406289
-679.86798680	-0.00565431
-679.83498350	-0.00656139
-679.80198020	-0.00758495
-679.76897690	-0.00804505
-679.73597360	-0.00840380
-679.70297030	-0.00876239
-679.66996700	-0.00871987
-679.63696370	-0.00870578
-679.60396040	-0.00846002
-679.57095710	-0.00817519
-679.53795380	-0.00746258
-679.50495050	-0.00685191
-679.47194719	-0.00617538
-679.43894389	-0.00573337
-679.40594059	-0.00540220
-679.37293729	-0.00550920
-679.33993399	-0.00583394
-679.30693069	-0.00624442
-679.27392739	-0.00686146
-679.24092409	-0.00736256
-679.20792079	-0.00738601
-679.17491749	-0.00729308
-679.14191419	-0.00655534
-679.10891089	-0.00543681
-679.07590759	-0.00393107
-679.04290429	-0.00214810
-679.00990099	-0.00042474
-678.97689769	0.00140135
-678.94389439	0.00292443
-678.91089109	0.00420413
-678.87788779	0.00507094
-678.84488449	0.00574560
-678.81188119	0.00590981
-678.77887789	0.00596157
-678.74587459	0.00577218
-678.71287129	0.00547724
-678.67986799	0.00511320
-678.64686469	0.00501944
-678.61386139	0.00511668
-678.58085809	0.00560906
-678.54785479	0.00652936
-678.51485149	0.00773869
-678.48184818	0.00949734
-678.44884488	0.01144741
-678.41584158	0.01356332
-678.38283828	0.01540486
-678.34983498	0.01737679
-678.31683168	0.01870016
-678.28382838	0.01977049
-678.25082508	0.02037892
-678.21782178	0.02086320
-678.18481848	0.02110122
-678.15181518	0.02142795
-678.11881188	0.02199183
-678.08580858	0.02283977
-678.05280528	0.02398076
-678.01980198	0.02518066
-677.98679868	0.02652699
-677.95379538	0.02772864
-677.92079208	0.02860551
-677.88778878	0.02929470
-677.85478548	0.02907371
-677.82178218	0.02874417
-677.78877888	0.02766958
-677.75577558	0.02609536
-677.72277228	0.02428129
-677.68976898	0.02188052
-677.65676568	0.01963422
-677.62376238	0.01709500
-677.59075908	0.01490138
-677.55775578	0.01289720
-677.52475248	0.01135256
-677.49174917	0.01018277
-677.45874587	0.00963590
-677.42574257	0.00927974
-677.39273927	0.00954995
-677.35973597	0.00968129
-677.32673267	0.01021240
-677.29372937	0.01033832
-677.26072607	0.01040523
-677.22772277	0.00994811
-677.19471947	0.00912284
-677.16171617	0.00774103
-677.12871287	0.00608936
-677.09570957	0.00384296
-677.06270627	0.00153125
-677.02970297	-0.00117956
-676.99669967	-0.00361813
-676.96369637	-0.00613407
-676.93069307	-0.00826901
-676.89768977	-0.01000297
-676.86468647	-0.01126750
-676.83168317	-0.01190172
-676.79867987	-0.01210681
-676.76567657	-0.01167428
-676.73267327	-0.01116010
-676.69966997	-0.01017349
-676.66666667	-0.00957304
-676.63366337	-0.00904410
-676.60066007	-0.00919512
-676.56765677	-0.01001002
-676.53465347	-0.01159920
-676.50165017	-0.01380184
-676.46864686	-0.01675211
-676.43564356	-0.01988532
-676.40264026	-0.02300456
-676.36963696	-0.02571119
-676.33663366	-0.02795839
-676.30363036	-0.02900793
-676.27062706	-0.02914874
-676.23762376	-0.02820598
-676.20462046	-0.02663945
-676.17161716	-0.02423582
-676.13861386	-0.02194897
-676.10561056	-0.01985861
-676.07260726	-0.01826924
-676.03960396	-0.01754845
-676.00660066	-0.01781337
-675.97359736	-0.01868208
-675.94059406	-0.02029052
-675.90759076	-0.02204596
-675.87458746	-0.02364427
-675.84158416	-0.02495122
-675.80858086	-0.02556582
-675.77557756	-0.02575165
-675.74257426	-0.02493407
-675.70957096	-0.02418343
-675.67656766	-0.02303934
-675.64356436	-0.02212813
-675.61056106	-0.02144637
-675.57755776	-0.02120454
-675.54455446	-0.02140257
-675.51155116	-0.02183022
-675.47854785	-0.02216581
-675.44554455	-0.02261042
-675.41254125	-0.02261314
-675.37953795	-0.02210408
-675.34653465	-0.02120291
-675.31353135	-0.01971348
-675.28052805	-0.01794994
-675.24752475	-0.01578170
-675.21452145	-0.01354943
-675.18151815	-0.01143957
-675.14851485	-0.00944846
-675.11551155	-0.00760617
-675.08250825	-0.00608044
-675.04950495	-0.00487840
-675.01650165	-0.00408191
-674.98349835	-0.00354397
-674.95049505	-0.00349178
-674.91749175	-0.00369147
-674.88448845	-0.00418790
-674.85148515	-0.00505529
-674.81848185	-0.00614985
-674.78547855	-0.00745919
-674.75247525	-0.00873066
-674.71947195	-0.01015561
-674.68646865	-0.01107257
-674.65346535	-0.01188960
-674.62046205	-0.01202360
-674.58745875	-0.01144113
-674.55445545	-0.01011010
-674.52145215	-0.00812380
-674.48844884	-0.00538298
-674.45544554	-0.00263361
-674.42244224	0.00037206
-674.38943894	0.00287665
-674.35643564	0.00511656
-674.32343234	0.00633555
-674.29042904	0.00707572
-674.25742574	0.00700760
-674.22442244	0.00645472
-674.19141914	0.00555258
-674.15841584	0.00449447
-674.12541254	0.00343555
-674.09240924	0.00276726
-674.05940594	0.00203978
-674.02640264	0.00190815
-673.99339934	0.00189936
-673.96039604	0.00227661
-673.92739274	0.00291176
-673.89438944	0.00362914
-673.86138614	0.00463395
-673.82838284	0.00560432
-673.79537954	0.00663166
-673.76237624	0.00759191
-673.72937294	0.00859080
-673.69636964	0.00927014
-673.66336634	0.01009334
-673.63036304	0.01074594
-673.59735974	0.01144241
-673.56435644	0.01211074
-673.53135314	0.01299620
-673.49834983	0.01388484
-673.46534653	0.01466880
-673.43234323	0.01564727
-673.39933993	0.01660685
-673.36633663	0.01764586
-673.33333333	0.01864217
-673.30033003	0.01983654
-673.26732673	0.02077741
-673.23432343	0.02192315
-673.20132013	0.02261012
-673.16831683	0.02334837
-673.13531353	0.02349936
-673.10231023	0.02321725
-673.06930693	0.02245565
-673.03630363	0.02113596
-673.00330033	0.01940704
-672.97029703	0.01731524
-672.93729373	0.01516388
-672.90429043	0.01304731
-672.87128713	0.01134718
-672.83828383	0.00997820
-672.80528053	0.00918680
-672.77227723	0.00914491
-672.73927393	0.00947566
-672.70627063	0.01053070
-672.67326733	0.01170384
-672.64026403	0.01318492
-672.60726073	0.01438222
-672.57425743	0.01560726
-672.54125413	0.01603523
-672.50825083	0.01606248
-672.47524752	0.01527765
-672.44224422	0.01365409
-672.40924092	0.01130783
-672.37623762	0.00807927
-672.34323432	0.00459219
-672.31023102	0.00039876
-672.27722772	-0.00386052
-672.24422442	-0.00797345
-672.21122112	-0.01197850
-672.17821782	-0.01540405
-672.14521452	-0.01815545
-672.11221122	-0.02007551
-672.07920792	-0.02120456
-672.04620462	-0.02139240
-672.01320132	-0.02071594
-671.98019802	-0.01930224
-671.94719472	-0.01728870
-671.91419142	-0.01469964
-671.88118812	-0.01164311
-671.84818482	-0.00830482
-671.81518152	-0.00484928
-671.78217822	-0.00084391
-671.74917492	0.00306478
-671.71617162	0.00715502
-671.68316832	0.01109720
-671.65016502	0.01501725
-671.61716172	0.01849302
-671.58415842	0.02158281
-671.55115512	0.02402872
-671.51815182	0.02532493
-671.48514851	0.02578091
-671.45214521	0.02507856
-671.41914191	0.02333866
-671.38613861	0.02035236
-671.35313531	0.01669474
-671.32013201	0.01218749
-671.28712871	0.00726126
-671.25412541	0.00224343
-671.22112211	-0.00281156
-671.18811881	-0.00748076
-671.15511551	-0.01164296
-671.12211221	-0.01517807
-671.08910891	-0.01796976
-671.05610561	-0.01982784
-671.02310231	-0.02089878
-670.99009901	-0.02100522
-670.95709571	-0.02030641
-670.92409241	-0.01866266
-670.89108911	-0.01662968
-670.85808581	-0.01387716
-670.82508251	-0.01098078
-670.79207921	-0.00828645
-670.75907591	-0.00571703
-670.72607261	-0.00364572
-670.69306931	-0.00209079
-670.66006601	-0.00088054
-670.62706271	-0.00019313
-670.59405941	0.00038567
-670.56105611	0.00098447
-670.52805281	0.00223532
-670.49504950	0.00356264
-670.46204620	0.00572877
-670.42904290	0.00850327
-670.39603960	0.01165096
-670.36303630	0.01512040
-670.33003300	0.01880302
-670.29702970	0.02231483
-670.26402640	0.02558215
-670.23102310	0.02840512
-670.19801980	0.03064468
-670.16501650	0.03217883
-670.13201320	0.03334531
-670.09900990	0.03370375
-670.06600660	0.03359183
-670.03300330	0.03290120
-670.00000000	0.03180873
-669.96699670	0.03015060
-669.93399340	0.02827788
-669.90099010	0.02591201
-669.86798680	0.02340147
-669.83498350	0.02076058
-669.80198020	0.01799089
-669.76897690	0.01520109
-669.73597360	0.01235774
-669.70297030	0.00955336
-669.66996700	0.00656008
-669.63696370	0.00376279
-669.60396040	0.00087963
-669.57095710	-0.00202415
-669.53795380	-0.00463344
-669.50495050	-0.00723231
-669.47194719	-0.00941019
-669.43894389	-0.01131331
-669.40594059	-0.01276656
-669.37293729	-0.01380882
-669.33993399	-0.01432410
-669.30693069	-0.01450638
-669.27392739	-0.01391229
-669.24092409	-0.01295313
-669.20792079	-0.01152104
-669.17491749	-0.00945868
-669.14191419	-0.00709448
-669.10891089	-0.00473287
-669.07590759	-0.00217979
-669.04290429	0.00007391
-669.00990099	0.00190866
-668.97689769	0.00325424
-668.94389439	0.00407647
-668.91089109	0.00411859
-668.87788779	0.00366470
-668.84488449	0.00282935
-668.81188119	0.00183146
-668.77887789	0.00072997
-668.74587459	-0.00011307
-668.71287129	-0.00082173
-668.67986799	-0.00123745
-668.64686469	-0.00137978
-668.61386139	-0.00128237
-668.58085809	-0.00105346
-668.54785479	-0.00069424
-668.51485149	-0.00030443
-668.48184818	-0.00018711
-668.44884488	0.00021876
-668.41584158	0.00049519
-668.38283828	0.00099753
-668.34983498	0.00161340
-668.31683168	0.00239005
-668.28382838	0.00347601
-668.25082508	0.00445202
-668.21782178	0.00565864
-668.18481848	0.00681045
-668.15181518	0.00759982
-668.11881188	0.00818462
-668.08580858	0.00825029
-668.05280528	0.00795445
-668.01980198	0.00711661
-667.98679868	0.00595716
-667.95379538	0.00428859
-667.92079208	0.00238205
-667.88778878	0.00041668
-667.85478548	-0.00176088
-667.82178218	-0.00375134
-667.78877888	-0.00557539
-667.75577558	-0.00724496
-667.72277228	-0.00877644
-667.68976898	-0.00996959
-667.65676568	-0.01072665
-667.62376238	-0.01147194
-667.59075908	-0.01153745
-667.55775578	-0.01141541
-667.52475248	-0.01087103
-667.49174917	-0.00978544
-667.45874587	-0.00845773
-667.42574257	-0.00677902
-667.39273927	-0.00496633
-667.35973597	-0.00304527
-667.32673267	-0.00134952
-667.29372937	0.00004793
-667.26072607	0.00092646
-667.22772277	0.00132815
-667.19471947	0.00089676
-667.16171617	-0.00001076
-667.12871287	-0.00142048
-667.09570957	-0.00315598
-667.06270627	-0.00468854
-667.02970297	-0.00627858
-666.99669967	-0.00713493
-666.96369637	-0.00755295
-666.93069307	-0.00716090
-666.89768977	-0.00603069
-666.86468647	-0.00439831
-666.83168317	-0.00221999
-666.79867987	-0.00008247
-666.76567657	0.00191379
-666.73267327	0.00384134
-666.69966997	0.00522828
-666.66666667	0.00595138
-666.63366337	0.00623372
-666.60066007	0.00602750
-666.56765677	0.00530724
-666.53465347	0.00452115
-666.50165017	0.00353192
-666.46864686	0.00270162
-666.43564356	0.00201297
-666.40264026	0.00156486
-666.36963696	0.00106468
-666.33663366	0.00069168
-666.30363036	0.00008880
-666.27062706	-0.00066083
-666.23762376	-0.00164910
-666.20462046	-0.00292354
-666.17161716	-0.00443322
-666.13861386	-0.00634718
-666.10561056	-0.00794861
-666.07260726	-0.00970455
-666.03960396	-0.01139196
-666.00660066	-0.01274658
-665.97359736	-0.01405421
-665.94059406	-0.01523851
-665.90759076	-0.01613551
-665.87458746	-0.01708273
-665.84158416	-0.01778507
-665.80858086	-0.01834559
-665.77557756	-0.01873717
-665.74257426	-0.01895747
-665.70957096	-0.01872454
-665.67656766	-0.01840304
-665.64356436	-0.01759606
-665.61056106	-0.01649591
-665.57755776	-0.01512970
-665.54455446	-0.01362056
-665.51155116	-0.01188549
-665.47854785	-0.01021953
-665.44554455	-0.00863348
-665.41254125	-0.00705972
-665.37953795	-0.00572721
-665.34653465	-0.00447724
-665.31353135	-0.00353492
-665.28052805	-0.00249588
-665.24752475	-0.00142773
-665.21452145	-0.00063596
-665.18151815	0.00032536
-665.14851485	0.00128736
-665.11551155	0.00200542
-665.08250825	0.00258096
-665.04950495	0.00301770
-665.01650165	0.00297720
-664.98349835	0.00267328
-664.95049505	0.00187601
-664.91749175	0.00079743
-664.88448845	-0.00049137
-664.85148515	-0.00188039
-664.81848185	-0.00352630
-664.78547855	-0.00495474
-664.75247525	-0.00632789
-664.71947195	-0.00733944
-664.68646865	-0.00789487
-664.65346535	-0.00830664
-664.62046205	-0.00826433
-664.58745875	-0.00807161
-664.55445545	-0.00750305
-664.52145215	-0.00690731
-664.48844884	-0.00631255
-664.45544554	-0.00573412
-664.42244224	-0.00533903
-664.38943894	-0.00515682
-664.35643564	-0.00535352
-664.32343234	-0.00578321
-664.29042904	-0.00653109
-664.25742574	-0.00729978
-664.22442244	-0.00812903
-664.19141914	-0.00897561
-664.15841584	-0.00952800
-664.12541254	-0.00986541
-664.09240924	-0.00994490
-664.05940594	-0.00987907
-664.02640264	-0.00942907
-663.99339934	-0.00862933
-663.96039604	-0.00771432
-663.92739274	-0.00669280
-663.89438944	-0.00561165
-663.86138614	-0.00448205
-663.82838284	-0.00353584
-663.79537954	-0.00262521
-663.76237624	-0.00176016
-663.72937294	-0.00109758
-663.69636964	-0.00054695
-663.66336634	0.00007334
-663.63036304	0.00073816
-663.59735974	0.00143803
-663.56435644	0.00223968
-663.53135314	0.00325697
-663.49834983	0.00449330
-663.46534653	0.00602282
-663.43234323	0.00766345
-663.39933993	0.00973760
-663.36633663	0.01198639
-663.33333333	0.01428178
-663.30033003	0.01642261
-663.26732673	0.01834585
-663.23432343	0.02006300
-663.20132013	0.02106802
-663.16831683	0.02151004
-663.13531353	0.02116873
-663.10231023	0.02015540
-663.06930693	0.01845511
-663.03630363	0.01607542
-663.00330033	0.01340460
-662.97029703	0.01051724
-662.93729373	0.00767421
-662.90429043	0.00493331
-662.87128713	0.00255660
-662.83828383	0.00047910
-662.80528053	-0.00109070
-662.77227723	-0.00228973
-662.73927393	-0.00307340
-662.70627063	-0.00364986
-662.67326733	-0.00419807
-662.64026403	-0.00457322
-662.60726073	-0.00515462
-662.57425743	-0.00549927
-662.54125413	-0.00575580
-662.50825083	-0.00603046
-662.47524752	-0.00614482
-662.44224422	-0.00567423
-662.40924092	-0.00498576
-662.37623762	-0.00379382
-662.34323432	-0.00221652
-662.31023102	-0.00039281
-662.27722772	0.00166248
-662.24422442	0.00368447
-662.21122112	0.00558842
-662.17821782	0.00721964
-662.14521452	0.00844063
-662.11221122	0.00921845
-662.07920792	0.00948226
-662.04620462	0.00933295
-662.01320132	0.00872320
-661.98019802	0.00783400
-661.94719472	0.00671526
-661.91419142	0.00536727
-661.88118812	0.00400751
-661.84818482	0.00251539
-661.81518152	0.00108414
-661.78217822	-0.00019386
-661.74917492	-0.00151193
-661.71617162	-0.00269539
-661.68316832	-0.00374639
-661.65016502	-0.00480833
-661.61716172	-0.00569090
-661.58415842	-0.00641419
-661.55115512	-0.00714879
-661.51815182	-0.00770650
-661.48514851	-0.00809647
-661.45214521	-0.00855076
-661.41914191	-0.00898785
-661.38613861	-0.00931533
-661.35313531	-0.00977816
-661.32013201	-0.01007987
-661.28712871	-0.01037989
-661.25412541	-0.01041378
-661.22112211	-0.01036421
-661.18811881	-0.00995742
-661.15511551	-0.00920614
-661.12211221	-0.00808630
-661.08910891	-0.00666129
-661.05610561	-0.00489698
-661.02310231	-0.00276201
-660.99009901	-0.00065530
-660.95709571	0.00152644
-660.92409241	0.00337033
-660.89108911	0.00520414
-660.85808581	0.00689139
-660.82508251	0.00826438
-660.79207921	0.00941795
-660.75907591	0.01049409
-660.72607261	0.01123651
-660.69306931	0.01164167
-660.66006601	0.01196011
-660.62706271	0.01190970
-660.59405941	0.01171363
-660.56105611	0.01138715
-660.52805281	0.01078611
-660.49504950	0.01021566
-660.46204620	0.00981757
-660.42904290	0.00928866
-660.39603960	0.00891372
-660.36303630	0.00868177
-660.33003300	0.00831136
-660.29702970	0.00806716
-660.26402640	0.00775063
-660.23102310	0.00727722
-660.19801980	0.00669534
-660.16501650	0.00594802
-660.13201320	0.00509155
-660.09900990	0.00431868
-660.06600660	0.00335330
-660.03300330	0.00263549
-660.00000000	0.00192126
