# Menlo Systems GmbH ScanControl
# Program Version 1.14.3
# Start: -740.00000000 ps, Average over 1000 waveforms. Timestamp: 2026-02-03T16:31:50
# User time axis shift: 0 ps
# Time axis offset: 0 ps
# Time [ps]	THz Signal [a.u.]
-740.00000000	0.00003471
-739.96699670	0.00012757
-739.93399340	0.00008894
-739.90099010	0.00003130
-739.86798680	0.00000813
-739.83498350	0.00004995
-739.80198020	-0.00002907
-739.76897690	-0.00005560
-739.73597360	-0.00011388
-739.70297030	0.00000035
-739.66996700	-0.00007303
-739.63696370	-0.00002405
-739.60396040	-0.00004769
-739.57095710	-0.00004505
-739.53795380	-0.00016806
-739.50495050	0.00004312
-739.47194719	0.00010114
-739.43894389	-0.00008665
-739.40594059	-0.00003166
-739.37293729	0.00000265
-739.33993399	-0.00001169
-739.30693069	0.00004223
-739.27392739	-0.00001811
-739.24092409	-0.00000856
-739.20792079	0.00009617
-739.17491749	0.00000863
-739.14191419	-0.00008295
-739.10891089	-0.00000348
-739.07590759	0.00006377
-739.04290429	0.00010086
-739.00990099	0.00008767
-738.97689769	0.00012366
-738.94389439	0.00009600
-738.91089109	0.00015733
-738.87788779	0.00017568
-738.84488449	0.00011529
-738.81188119	0.00012065
-738.77887789	0.00018505
-738.74587459	0.00010618
-738.71287129	0.00014435
-738.67986799	0.00019661
-738.64686469	0.00023988
-738.61386139	0.00024410
-738.58085809	0.00020564
-738.54785479	0.00023178
-738.51485149	0.00017564
-738.48184818	0.00014424
-738.44884488	0.00013353
-738.41584158	0.00020189
-738.38283828	0.00024290
-738.34983498	0.00029077
-738.31683168	0.00019015
-738.28382838	0.00018214
-738.25082508	0.00030543
-738.21782178	0.00021091
-738.18481848	0.00027724
-738.15181518	0.00025851
-738.11881188	0.00020018
-738.08580858	0.00019837
-738.05280528	0.00032153
-738.01980198	0.00028177
-737.98679868	0.00035046
-737.95379538	0.00033760
-737.92079208	0.00038427
-737.88778878	0.00030308
-737.85478548	0.00031926
-737.82178218	0.00035968
-737.78877888	0.00036528
-737.75577558	0.00035207
-737.72277228	0.00035649
-737.68976898	0.00030947
-737.65676568	0.00033979
-737.62376238	0.00037152
-737.59075908	0.00036988
-737.55775578	0.00033008
-737.52475248	0.00043451
-737.49174917	0.00038613
-737.45874587	0.00020760
-737.42574257	0.00028651
-737.39273927	0.00025996
-737.35973597	0.00029279
-737.32673267	0.00028687
-737.29372937	0.00021451
-737.26072607	0.00024843
-737.22772277	0.00029549
-737.19471947	0.00033675
-737.16171617	0.00033654
-737.12871287	0.00031569
-737.09570957	0.00029683
-737.06270627	0.00023054
-737.02970297	0.00030847
-736.99669967	0.00029423
-736.96369637	0.00025142
-736.93069307	0.00027490
-736.89768977	0.00027555
-736.86468647	0.00028368
-736.83168317	0.00025297
-736.79867987	0.00025874
-736.76567657	0.00019085
-736.73267327	0.00024422
-736.69966997	0.00020722
-736.66666667	0.00021996
-736.63366337	0.00013506
-736.60066007	0.00022212
-736.56765677	0.00015019
-736.53465347	0.00016585
-736.50165017	0.00009469
-736.46864686	0.00013613
-736.43564356	0.00001641
-736.40264026	0.00004747
-736.36963696	0.00013268
-736.33663366	0.00002413
-736.30363036	0.00003507
-736.27062706	-0.00007154
-736.23762376	-0.00004603
-736.20462046	-0.00005803
-736.17161716	0.00000234
-736.13861386	-0.00003991
-736.10561056	-0.00005341
-736.07260726	-0.00008427
-736.03960396	-0.00003270
-736.00660066	-0.00004511
-735.97359736	-0.00017633
-735.94059406	-0.00027265
-735.90759076	-0.00008048
-735.87458746	0.00000583
-735.84158416	-0.00007954
-735.80858086	-0.00011372
-735.77557756	-0.00019699
-735.74257426	-0.00017958
-735.70957096	-0.00009328
-735.67656766	-0.00011192
-735.64356436	-0.00003835
-735.61056106	-0.00004421
-735.57755776	-0.00005081
-735.54455446	-0.00009594
-735.51155116	-0.00007580
-735.47854785	-0.00002116
-735.44554455	-0.00001426
-735.41254125	0.00010093
-735.37953795	0.00006644
-735.34653465	0.00011499
-735.31353135	0.00011945
-735.28052805	0.00015062
-735.24752475	0.00016527
-735.21452145	0.00018527
-735.18151815	0.00021059
-735.14851485	0.00022885
-735.11551155	0.00027974
-735.08250825	0.00028772
-735.04950495	0.00039766
-735.01650165	0.00042716
-734.98349835	0.00039142
-734.95049505	0.00038861
-734.91749175	0.00041988
-734.88448845	0.00053130
-734.85148515	0.00057729
-734.81848185	0.00051739
-734.78547855	0.00057300
-734.75247525	0.00057307
-734.71947195	0.00062342
-734.68646865	0.00065181
-734.65346535	0.00066519
-734.62046205	0.00071970
-734.58745875	0.00066543
-734.55445545	0.00070689
-734.52145215	0.00073623
-734.48844884	0.00069911
-734.45544554	0.00078600
-734.42244224	0.00073381
-734.38943894	0.00068613
-734.35643564	0.00077385
-734.32343234	0.00073156
-734.29042904	0.00077906
-734.25742574	0.00076659
-734.22442244	0.00066404
-734.19141914	0.00068889
-734.15841584	0.00070140
-734.12541254	0.00062857
-734.09240924	0.00073657
-734.05940594	0.00065559
-734.02640264	0.00061491
-733.99339934	0.00067203
-733.96039604	0.00058759
-733.92739274	0.00063613
-733.89438944	0.00059481
-733.86138614	0.00039426
-733.82838284	0.00058424
-733.79537954	0.00053255
-733.76237624	0.00047759
-733.72937294	0.00047204
-733.69636964	0.00037139
-733.66336634	0.00042256
-733.63036304	0.00039204
-733.59735974	0.00036594
-733.56435644	0.00029568
-733.53135314	0.00038133
-733.49834983	0.00032518
-733.46534653	0.00035659
-733.43234323	0.00042071
-733.39933993	0.00024522
-733.36633663	0.00029677
-733.33333333	0.00029662
-733.30033003	0.00027100
-733.26732673	0.00032036
-733.23432343	0.00029608
-733.20132013	0.00031349
-733.16831683	0.00030334
-733.13531353	0.00030106
-733.10231023	0.00025452
-733.06930693	0.00031395
-733.03630363	0.00029392
-733.00330033	0.00029951
-732.97029703	0.00032291
-732.93729373	0.00039241
-732.90429043	0.00024004
-732.87128713	0.00040881
-732.83828383	0.00032900
-732.80528053	0.00046403
-732.77227723	0.00030072
-732.73927393	0.00043096
-732.70627063	0.00046937
-732.67326733	0.00038892
-732.64026403	0.00048336
-732.60726073	0.00055944
-732.57425743	0.00048137
-732.54125413	0.00054362
-732.50825083	0.00054763
-732.47524752	0.00054257
-732.44224422	0.00054937
-732.40924092	0.00049958
-732.37623762	0.00060506
-732.34323432	0.00057738
-732.31023102	0.00061441
-732.27722772	0.00043218
-732.24422442	0.00063529
-732.21122112	0.00053357
-732.17821782	0.00048941
-732.14521452	0.00063275
-732.11221122	0.00058503
-732.07920792	0.00040018
-732.04620462	0.00054460
-732.01320132	0.00051871
-731.98019802	0.00045955
-731.94719472	0.00042298
-731.91419142	0.00056301
-731.88118812	0.00045189
-731.84818482	0.00047346
-731.81518152	0.00040286
-731.78217822	0.00041261
-731.74917492	0.00049229
-731.71617162	0.00041899
-731.68316832	0.00036903
-731.65016502	0.00040082
-731.61716172	0.00041780
-731.58415842	0.00026252
-731.55115512	0.00031285
-731.51815182	0.00037540
-731.48514851	0.00025565
-731.45214521	0.00036828
-731.41914191	0.00030577
-731.38613861	0.00023821
-731.35313531	0.00028986
-731.32013201	0.00040507
-731.28712871	0.00020870
-731.25412541	0.00027131
-731.22112211	0.00017325
-731.18811881	0.00030764
-731.15511551	0.00027068
-731.12211221	0.00027254
-731.08910891	0.00012132
-731.05610561	0.00027421
-731.02310231	0.00023383
-730.99009901	0.00014443
-730.95709571	0.00024534
-730.92409241	0.00021377
-730.89108911	0.00025058
-730.85808581	0.00015052
-730.82508251	0.00016408
-730.79207921	0.00027176
-730.75907591	0.00019097
-730.72607261	0.00026845
-730.69306931	0.00017133
-730.66006601	0.00022147
-730.62706271	0.00027021
-730.59405941	0.00030204
-730.56105611	0.00030274
-730.52805281	0.00022927
-730.49504950	0.00033438
-730.46204620	0.00036928
-730.42904290	0.00021745
-730.39603960	0.00046070
-730.36303630	0.00040455
-730.33003300	0.00041064
-730.29702970	0.00045730
-730.26402640	0.00046715
-730.23102310	0.00050490
-730.19801980	0.00058570
-730.16501650	0.00048615
-730.13201320	0.00057211
-730.09900990	0.00063741
-730.06600660	0.00063593
-730.03300330	0.00062797
-730.00000000	0.00069913
-729.96699670	0.00074725
-729.93399340	0.00072330
-729.90099010	0.00070931
-729.86798680	0.00065278
-729.83498350	0.00081026
-729.80198020	0.00063692
-729.76897690	0.00061713
-729.73597360	0.00069388
-729.70297030	0.00058032
-729.66996700	0.00050503
-729.63696370	0.00049154
-729.60396040	0.00036605
-729.57095710	0.00018089
-729.53795380	0.00019450
-729.50495050	-0.00004021
-729.47194719	-0.00011596
-729.43894389	-0.00033373
-729.40594059	-0.00048302
-729.37293729	-0.00063779
-729.33993399	-0.00081960
-729.30693069	-0.00101997
-729.27392739	-0.00117550
-729.24092409	-0.00124523
-729.20792079	-0.00136209
-729.17491749	-0.00160240
-729.14191419	-0.00156885
-729.10891089	-0.00177393
-729.07590759	-0.00180687
-729.04290429	-0.00182341
-729.00990099	-0.00187538
-728.97689769	-0.00189345
-728.94389439	-0.00182344
-728.91089109	-0.00187169
-728.87788779	-0.00181130
-728.84488449	-0.00169722
-728.81188119	-0.00156450
-728.77887789	-0.00138062
-728.74587459	-0.00115574
-728.71287129	-0.00092306
-728.67986799	-0.00060898
-728.64686469	-0.00025370
-728.61386139	0.00002980
-728.58085809	0.00047406
-728.54785479	0.00068922
-728.51485149	0.00117072
-728.48184818	0.00141951
-728.44884488	0.00160572
-728.41584158	0.00185590
-728.38283828	0.00184626
-728.34983498	0.00203821
-728.31683168	0.00184621
-728.28382838	0.00184783
-728.25082508	0.00175177
-728.21782178	0.00154324
-728.18481848	0.00149691
-728.15181518	0.00121086
-728.11881188	0.00118689
-728.08580858	0.00092054
-728.05280528	0.00090196
-728.01980198	0.00073337
-727.98679868	0.00063955
-727.95379538	0.00056903
-727.92079208	0.00051876
-727.88778878	0.00060617
-727.85478548	0.00044604
-727.82178218	0.00054757
-727.78877888	0.00059104
-727.75577558	0.00046065
-727.72277228	0.00059960
-727.68976898	0.00049532
-727.65676568	0.00055032
-727.62376238	0.00044804
-727.59075908	0.00057695
-727.55775578	0.00044212
-727.52475248	0.00042031
-727.49174917	0.00050311
-727.45874587	0.00033748
-727.42574257	0.00037779
-727.39273927	0.00035608
-727.35973597	0.00025768
-727.32673267	0.00033612
-727.29372937	0.00031435
-727.26072607	0.00033447
-727.22772277	0.00024802
-727.19471947	0.00036804
-727.16171617	0.00029607
-727.12871287	0.00044259
-727.09570957	0.00034071
-727.06270627	0.00048031
-727.02970297	0.00041060
-726.99669967	0.00041262
-726.96369637	0.00050023
-726.93069307	0.00043029
-726.89768977	0.00052033
-726.86468647	0.00046866
-726.83168317	0.00049311
-726.79867987	0.00055565
-726.76567657	0.00049611
-726.73267327	0.00054032
-726.69966997	0.00048909
-726.66666667	0.00055231
-726.63366337	0.00053220
-726.60066007	0.00058669
-726.56765677	0.00048348
-726.53465347	0.00055472
-726.50165017	0.00058443
-726.46864686	0.00052312
-726.43564356	0.00062296
-726.40264026	0.00051644
-726.36963696	0.00057664
-726.33663366	0.00048953
-726.30363036	0.00057467
-726.27062706	0.00053996
-726.23762376	0.00050584
-726.20462046	0.00049558
-726.17161716	0.00053297
-726.13861386	0.00046972
-726.10561056	0.00047867
-726.07260726	0.00046362
-726.03960396	0.00051458
-726.00660066	0.00046007
-725.97359736	0.00057176
-725.94059406	0.00040008
-725.90759076	0.00058844
-725.87458746	0.00050938
-725.84158416	0.00055365
-725.80858086	0.00058092
-725.77557756	0.00060263
-725.74257426	0.00063509
-725.70957096	0.00068296
-725.67656766	0.00074407
-725.64356436	0.00076304
-725.61056106	0.00088812
-725.57755776	0.00082113
-725.54455446	0.00100225
-725.51155116	0.00096277
-725.47854785	0.00108696
-725.44554455	0.00114453
-725.41254125	0.00123245
-725.37953795	0.00131357
-725.34653465	0.00134393
-725.31353135	0.00145595
-725.28052805	0.00149209
-725.24752475	0.00160533
-725.21452145	0.00154239
-725.18151815	0.00168780
-725.14851485	0.00168515
-725.11551155	0.00166363
-725.08250825	0.00168551
-725.04950495	0.00155628
-725.01650165	0.00154034
-724.98349835	0.00112818
-724.95049505	0.00101082
-724.91749175	0.00062521
-724.88448845	0.00016006
-724.85148515	-0.00030956
-724.81848185	-0.00102611
-724.78547855	-0.00152386
-724.75247525	-0.00233123
-724.71947195	-0.00300300
-724.68646865	-0.00349331
-724.65346535	-0.00407510
-724.62046205	-0.00442305
-724.58745875	-0.00465010
-724.55445545	-0.00453036
-724.52145215	-0.00449261
-724.48844884	-0.00401961
-724.45544554	-0.00332995
-724.42244224	-0.00272699
-724.38943894	-0.00183026
-724.35643564	-0.00106940
-724.32343234	-0.00019999
-724.29042904	0.00052158
-724.25742574	0.00112783
-724.22442244	0.00171134
-724.19141914	0.00195993
-724.15841584	0.00226068
-724.12541254	0.00236382
-724.09240924	0.00235267
-724.05940594	0.00230511
-724.02640264	0.00219728
-723.99339934	0.00209173
-723.96039604	0.00185625
-723.92739274	0.00165613
-723.89438944	0.00149839
-723.86138614	0.00125966
-723.82838284	0.00118810
-723.79537954	0.00085269
-723.76237624	0.00082028
-723.72937294	0.00074577
-723.69636964	0.00064097
-723.66336634	0.00063336
-723.63036304	0.00064541
-723.59735974	0.00057080
-723.56435644	0.00059875
-723.53135314	0.00065924
-723.49834983	0.00058719
-723.46534653	0.00066430
-723.43234323	0.00054258
-723.39933993	0.00059540
-723.36633663	0.00049543
-723.33333333	0.00047490
-723.30033003	0.00039455
-723.26732673	0.00039605
-723.23432343	0.00018999
-723.20132013	0.00025796
-723.16831683	0.00013003
-723.13531353	0.00012597
-723.10231023	0.00016206
-723.06930693	0.00004829
-723.03630363	0.00008074
-723.00330033	0.00010175
-722.97029703	0.00010646
-722.93729373	0.00006996
-722.90429043	0.00011884
-722.87128713	0.00020339
-722.83828383	0.00007172
-722.80528053	0.00018767
-722.77227723	0.00007142
-722.73927393	0.00020239
-722.70627063	0.00012891
-722.67326733	0.00013257
-722.64026403	0.00012957
-722.60726073	0.00021627
-722.57425743	0.00016611
-722.54125413	0.00018981
-722.50825083	0.00020673
-722.47524752	0.00022025
-722.44224422	0.00030274
-722.40924092	0.00036717
-722.37623762	0.00027769
-722.34323432	0.00039938
-722.31023102	0.00037692
-722.27722772	0.00029938
-722.24422442	0.00022374
-722.21122112	0.00017365
-722.17821782	-0.00000666
-722.14521452	-0.00015897
-722.11221122	-0.00038299
-722.07920792	-0.00062430
-722.04620462	-0.00082733
-722.01320132	-0.00110408
-721.98019802	-0.00140127
-721.94719472	-0.00171753
-721.91419142	-0.00191995
-721.88118812	-0.00216437
-721.84818482	-0.00250113
-721.81518152	-0.00263246
-721.78217822	-0.00292344
-721.74917492	-0.00313238
-721.71617162	-0.00358580
-721.68316832	-0.00384296
-721.65016502	-0.00420869
-721.61716172	-0.00482696
-721.58415842	-0.00521334
-721.55115512	-0.00591780
-721.51815182	-0.00645267
-721.48514851	-0.00693866
-721.45214521	-0.00752974
-721.41914191	-0.00774089
-721.38613861	-0.00780753
-721.35313531	-0.00769022
-721.32013201	-0.00723226
-721.28712871	-0.00641486
-721.25412541	-0.00546912
-721.22112211	-0.00416011
-721.18811881	-0.00273865
-721.15511551	-0.00138604
-721.12211221	0.00003321
-721.08910891	0.00122019
-721.05610561	0.00225161
-721.02310231	0.00303297
-720.99009901	0.00343742
-720.95709571	0.00369904
-720.92409241	0.00380866
-720.89108911	0.00358636
-720.85808581	0.00355104
-720.82508251	0.00337074
-720.79207921	0.00334574
-720.75907591	0.00348699
-720.72607261	0.00355557
-720.69306931	0.00379201
-720.66006601	0.00400057
-720.62706271	0.00409390
-720.59405941	0.00406912
-720.56105611	0.00396563
-720.52805281	0.00378198
-720.49504950	0.00342263
-720.46204620	0.00279422
-720.42904290	0.00231573
-720.39603960	0.00146993
-720.36303630	0.00083261
-720.33003300	-0.00002275
-720.29702970	-0.00075728
-720.26402640	-0.00162362
-720.23102310	-0.00243177
-720.19801980	-0.00319699
-720.16501650	-0.00406765
-720.13201320	-0.00489416
-720.09900990	-0.00590220
-720.06600660	-0.00684531
-720.03300330	-0.00805484
-720.00000000	-0.00927413
-719.96699670	-0.01071327
-719.93399340	-0.01216272
-719.90099010	-0.01381636
-719.86798680	-0.01547762
-719.83498350	-0.01699940
-719.80198020	-0.01834072
-719.76897690	-0.01937078
-719.73597360	-0.01990188
-719.70297030	-0.01980224
-719.66996700	-0.01908571
-719.63696370	-0.01770606
-719.60396040	-0.01543899
-719.57095710	-0.01289351
-719.53795380	-0.00975469
-719.50495050	-0.00643578
-719.47194719	-0.00325186
-719.43894389	-0.00037637
-719.40594059	0.00219534
-719.37293729	0.00390399
-719.33993399	0.00497294
-719.30693069	0.00538757
-719.27392739	0.00506960
-719.24092409	0.00447908
-719.20792079	0.00340674
-719.17491749	0.00232215
-719.14191419	0.00115750
-719.10891089	0.00029150
-719.07590759	-0.00050661
-719.04290429	-0.00106397
-719.00990099	-0.00143442
-718.97689769	-0.00156230
-718.94389439	-0.00145502
-718.91089109	-0.00121258
-718.87788779	-0.00071752
-718.84488449	-0.00013290
-718.81188119	0.00072701
-718.77887789	0.00185446
-718.74587459	0.00309620
-718.71287129	0.00438951
-718.67986799	0.00606807
-718.64686469	0.00783766
-718.61386139	0.00969083
-718.58085809	0.01169535
-718.54785479	0.01392485
-718.51485149	0.01624698
-718.48184818	0.01897232
-718.44884488	0.02192575
-718.41584158	0.02509850
-718.38283828	0.02874325
-718.34983498	0.03289699
-718.31683168	0.03750297
-718.28382838	0.04262608
-718.25082508	0.04831644
-718.21782178	0.05453213
-718.18481848	0.06119163
-718.15181518	0.06840010
-718.11881188	0.07598112
-718.08580858	0.08384828
-718.05280528	0.09204288
-718.01980198	0.10047602
-717.98679868	0.10900221
-717.95379538	0.11774740
-717.92079208	0.12651226
-717.88778878	0.13564128
-717.85478548	0.14494428
-717.82178218	0.15457334
-717.78877888	0.16497545
-717.75577558	0.17626225
-717.72277228	0.18863993
-717.68976898	0.20242952
-717.65676568	0.21803360
-717.62376238	0.23550265
-717.59075908	0.25525403
-717.55775578	0.27717696
-717.52475248	0.30120025
-717.49174917	0.32722659
-717.45874587	0.35469696
-717.42574257	0.38282934
-717.39273927	0.41083736
-717.35973597	0.43762896
-717.32673267	0.46167564
-717.29372937	0.48158074
-717.26072607	0.49578975
-717.22772277	0.50251964
-717.19471947	0.50064336
-717.16171617	0.48846539
-717.12871287	0.46551176
-717.09570957	0.43095562
-717.06270627	0.38502429
-717.02970297	0.32820560
-716.99669967	0.26159863
-716.96369637	0.18682865
-716.93069307	0.10545763
-716.89768977	0.01936070
-716.86468647	-0.07001493
-716.83168317	-0.16157205
-716.79867987	-0.25517410
-716.76567657	-0.35126193
-716.73267327	-0.45129550
-716.69966997	-0.55791730
-716.66666667	-0.67379921
-716.63366337	-0.80166175
-716.60066007	-0.94377845
-716.56765677	-1.10067814
-716.53465347	-1.27087940
-716.50165017	-1.45041782
-716.46864686	-1.63183091
-716.43564356	-1.80494200
-716.40264026	-1.95679164
-716.36963696	-2.07296502
-716.33663366	-2.13921878
-716.30363036	-2.14237041
-716.27062706	-2.07271298
-716.23762376	-1.92489268
-716.20462046	-1.69948065
-716.17161716	-1.40442069
-716.13861386	-1.05350466
-716.10561056	-0.66609782
-716.07260726	-0.26528955
-716.03960396	0.12481795
-716.00660066	0.48165993
-715.97359736	0.78670648
-715.94059406	1.02863172
-715.90759076	1.20166351
-715.87458746	1.30769444
-715.84158416	1.35347408
-715.80858086	1.34844677
-715.77557756	1.30403390
-715.74257426	1.23174307
-715.70957096	1.14083588
-715.67656766	1.03891030
-715.64356436	0.93201271
-715.61056106	0.82422855
-715.57755776	0.71945412
-715.54455446	0.62089022
-715.51155116	0.53139761
-715.47854785	0.45335012
-715.44554455	0.38851031
-715.41254125	0.33730912
-715.37953795	0.29929327
-715.34653465	0.27325783
-715.31353135	0.25662306
-715.28052805	0.24691649
-715.24752475	0.24137009
-715.21452145	0.23720844
-715.18151815	0.23184772
-715.14851485	0.22307957
-715.11551155	0.20965943
-715.08250825	0.19102700
-715.04950495	0.16772778
-715.01650165	0.14104539
-714.98349835	0.11306480
-714.95049505	0.08574347
-714.91749175	0.06105955
-714.88448845	0.04070792
-714.85148515	0.02521081
-714.81848185	0.01522584
-714.78547855	0.01051020
-714.75247525	0.01031894
-714.71947195	0.01434391
-714.68646865	0.02097480
-714.65346535	0.02953336
-714.62046205	0.03829742
-714.58745875	0.04634987
-714.55445545	0.05251783
-714.52145215	0.05612946
-714.48844884	0.05693042
-714.45544554	0.05455912
-714.42244224	0.04989690
-714.38943894	0.04296912
-714.35643564	0.03485031
-714.32343234	0.02606517
-714.29042904	0.01752361
-714.25742574	0.00978210
-714.22442244	0.00329058
-714.19141914	-0.00142291
-714.15841584	-0.00467317
-714.12541254	-0.00583045
-714.09240924	-0.00577067
-714.05940594	-0.00445332
-714.02640264	-0.00255636
-713.99339934	-0.00061942
-713.96039604	0.00105771
-713.92739274	0.00162644
-713.89438944	0.00115236
-713.86138614	-0.00064315
-713.82838284	-0.00365475
-713.79537954	-0.00773383
-713.76237624	-0.01217936
-713.72937294	-0.01724199
-713.69636964	-0.02218623
-713.66336634	-0.02694820
-713.63036304	-0.03130784
-713.59735974	-0.03495745
-713.56435644	-0.03825074
-713.53135314	-0.04078382
-713.49834983	-0.04256747
-713.46534653	-0.04369490
-713.43234323	-0.04386177
-713.39933993	-0.04328899
-713.36633663	-0.04200344
-713.33333333	-0.04007177
-713.30033003	-0.03790469
-713.26732673	-0.03563032
-713.23432343	-0.03324108
-713.20132013	-0.03098341
-713.16831683	-0.02881692
-713.13531353	-0.02645563
-713.10231023	-0.02360335
-713.06930693	-0.02004365
-713.03630363	-0.01529110
-713.00330033	-0.00953970
-712.97029703	-0.00257696
-712.93729373	0.00524147
-712.90429043	0.01362966
-712.87128713	0.02197492
-712.83828383	0.02925141
-712.80528053	0.03548985
-712.77227723	0.03954761
-712.73927393	0.04132682
-712.70627063	0.04047881
-712.67326733	0.03757448
-712.64026403	0.03227380
-712.60726073	0.02522127
-712.57425743	0.01648675
-712.54125413	0.00689817
-712.50825083	-0.00319344
-712.47524752	-0.01341200
-712.44224422	-0.02267144
-712.40924092	-0.03061591
-712.37623762	-0.03651499
-712.34323432	-0.04007279
-712.31023102	-0.04092500
-712.27722772	-0.03925821
-712.24422442	-0.03555339
-712.21122112	-0.03016476
-712.17821782	-0.02409127
-712.14521452	-0.01825827
-712.11221122	-0.01299018
-712.07920792	-0.00940960
-712.04620462	-0.00755774
-712.01320132	-0.00751226
-711.98019802	-0.00933757
-711.94719472	-0.01213476
-711.91419142	-0.01570541
-711.88118812	-0.01948057
-711.84818482	-0.02284373
-711.81518152	-0.02519739
-711.78217822	-0.02655382
-711.74917492	-0.02655813
-711.71617162	-0.02543225
-711.68316832	-0.02329085
-711.65016502	-0.02053245
-711.61716172	-0.01731499
-711.58415842	-0.01410767
-711.55115512	-0.01089829
-711.51815182	-0.00809052
-711.48514851	-0.00546869
-711.45214521	-0.00325010
-711.41914191	-0.00150456
-711.38613861	-0.00015714
-711.35313531	0.00086685
-711.32013201	0.00131117
-711.28712871	0.00135198
-711.25412541	0.00117206
-711.22112211	0.00051454
-711.18811881	-0.00046469
-711.15511551	-0.00158109
-711.12211221	-0.00253679
-711.08910891	-0.00347520
-711.05610561	-0.00396684
-711.02310231	-0.00398807
-710.99009901	-0.00355021
-710.95709571	-0.00307773
-710.92409241	-0.00283352
-710.89108911	-0.00315013
-710.85808581	-0.00446020
-710.82508251	-0.00686802
-710.79207921	-0.01049606
-710.75907591	-0.01518340
-710.72607261	-0.02034172
-710.69306931	-0.02552401
-710.66006601	-0.03006552
-710.62706271	-0.03338596
-710.59405941	-0.03530474
-710.56105611	-0.03569671
-710.52805281	-0.03487732
-710.49504950	-0.03312489
-710.46204620	-0.03101398
-710.42904290	-0.02866985
-710.39603960	-0.02667071
-710.36303630	-0.02504179
-710.33003300	-0.02381435
-710.29702970	-0.02298572
-710.26402640	-0.02240283
-710.23102310	-0.02203825
-710.19801980	-0.02176884
-710.16501650	-0.02147713
-710.13201320	-0.02122122
-710.09900990	-0.02046927
-710.06600660	-0.01965628
-710.03300330	-0.01809129
-710.00000000	-0.01592677
-709.96699670	-0.01314185
-709.93399340	-0.00975198
-709.90099010	-0.00588348
-709.86798680	-0.00206265
-709.83498350	0.00164529
-709.80198020	0.00483681
-709.76897690	0.00709584
-709.73597360	0.00832969
-709.70297030	0.00854172
-709.66996700	0.00823297
-709.63696370	0.00755180
-709.60396040	0.00692210
-709.57095710	0.00675916
-709.53795380	0.00718530
-709.50495050	0.00819601
-709.47194719	0.00978155
-709.43894389	0.01178290
-709.40594059	0.01368281
-709.37293729	0.01598582
-709.33993399	0.01810690
-709.30693069	0.01987647
-709.27392739	0.02146403
-709.24092409	0.02284119
-709.20792079	0.02365220
-709.17491749	0.02403969
-709.14191419	0.02371988
-709.10891089	0.02256876
-709.07590759	0.02081962
-709.04290429	0.01790374
-709.00990099	0.01408187
-708.97689769	0.00914593
-708.94389439	0.00317372
-708.91089109	-0.00356386
-708.87788779	-0.01059425
-708.84488449	-0.01752471
-708.81188119	-0.02402471
-708.77887789	-0.02961664
-708.74587459	-0.03440513
-708.71287129	-0.03799010
-708.67986799	-0.04090156
-708.64686469	-0.04346251
-708.61386139	-0.04589752
-708.58085809	-0.04800732
-708.54785479	-0.05039712
-708.51485149	-0.05250438
-708.48184818	-0.05393660
-708.44884488	-0.05447390
-708.41584158	-0.05354041
-708.38283828	-0.05106038
-708.34983498	-0.04632249
-708.31683168	-0.04006745
-708.28382838	-0.03217443
-708.25082508	-0.02309387
-708.21782178	-0.01376296
-708.18481848	-0.00427987
-708.15181518	0.00451744
-708.11881188	0.01233543
-708.08580858	0.01943660
-708.05280528	0.02532502
-708.01980198	0.03007910
-707.98679868	0.03394693
-707.95379538	0.03682909
-707.92079208	0.03862704
-707.88778878	0.03915410
-707.85478548	0.03847341
-707.82178218	0.03685543
-707.78877888	0.03438162
-707.75577558	0.03149803
-707.72277228	0.02887466
-707.68976898	0.02683212
-707.65676568	0.02573523
-707.62376238	0.02575028
-707.59075908	0.02686800
-707.55775578	0.02879001
-707.52475248	0.03129825
-707.49174917	0.03383074
-707.45874587	0.03601135
-707.42574257	0.03759736
-707.39273927	0.03820460
-707.35973597	0.03796070
-707.32673267	0.03669054
-707.29372937	0.03437951
-707.26072607	0.03118591
-707.22772277	0.02731490
-707.19471947	0.02255439
-707.16171617	0.01724153
-707.12871287	0.01166809
-707.09570957	0.00573112
-707.06270627	0.00003798
-707.02970297	-0.00525432
-706.99669967	-0.00979630
-706.96369637	-0.01355304
-706.93069307	-0.01622860
-706.89768977	-0.01796444
-706.86468647	-0.01902224
-706.83168317	-0.01951314
-706.79867987	-0.01979616
-706.76567657	-0.01974618
-706.73267327	-0.01988740
-706.69966997	-0.01981590
-706.66666667	-0.01960435
-706.63366337	-0.01944346
-706.60066007	-0.01881460
-706.56765677	-0.01797073
-706.53465347	-0.01696391
-706.50165017	-0.01595910
-706.46864686	-0.01486711
-706.43564356	-0.01393908
-706.40264026	-0.01292846
-706.36963696	-0.01198500
-706.33663366	-0.01119360
-706.30363036	-0.01025050
-706.27062706	-0.00921927
-706.23762376	-0.00793948
-706.20462046	-0.00672856
-706.17161716	-0.00565469
-706.13861386	-0.00465147
-706.10561056	-0.00426193
-706.07260726	-0.00452252
-706.03960396	-0.00510238
-706.00660066	-0.00630734
-705.97359736	-0.00775851
-705.94059406	-0.00926313
-705.90759076	-0.01056773
-705.87458746	-0.01117326
-705.84158416	-0.01099190
-705.80858086	-0.01011770
-705.77557756	-0.00825820
-705.74257426	-0.00573133
-705.70957096	-0.00289556
-705.67656766	-0.00016791
-705.64356436	0.00212583
-705.61056106	0.00393429
-705.57755776	0.00507349
-705.54455446	0.00557424
-705.51155116	0.00564394
-705.47854785	0.00543089
-705.44554455	0.00513181
-705.41254125	0.00484393
-705.37953795	0.00458691
-705.34653465	0.00445187
-705.31353135	0.00431467
-705.28052805	0.00404243
-705.24752475	0.00379726
-705.21452145	0.00329146
-705.18151815	0.00265265
-705.14851485	0.00224947
-705.11551155	0.00158682
-705.08250825	0.00130550
-705.04950495	0.00141810
-705.01650165	0.00142774
-704.98349835	0.00174828
-704.95049505	0.00222387
-704.91749175	0.00241614
-704.88448845	0.00241048
-704.85148515	0.00236713
-704.81848185	0.00163231
-704.78547855	0.00056306
-704.75247525	-0.00054432
-704.71947195	-0.00207765
-704.68646865	-0.00357708
-704.65346535	-0.00477229
-704.62046205	-0.00547854
-704.58745875	-0.00549403
-704.55445545	-0.00486111
-704.52145215	-0.00309058
-704.48844884	-0.00082971
-704.45544554	0.00222466
-704.42244224	0.00548133
-704.38943894	0.00871429
-704.35643564	0.01184401
-704.32343234	0.01446428
-704.29042904	0.01633367
-704.25742574	0.01763512
-704.22442244	0.01805615
-704.19141914	0.01760638
-704.15841584	0.01660673
-704.12541254	0.01487896
-704.09240924	0.01261732
-704.05940594	0.01007245
-704.02640264	0.00727501
-703.99339934	0.00463132
-703.96039604	0.00225999
-703.92739274	0.00054893
-703.89438944	-0.00023094
-703.86138614	0.00011111
-703.82838284	0.00158451
-703.79537954	0.00436665
-703.76237624	0.00817116
-703.72937294	0.01273711
-703.69636964	0.01762864
-703.66336634	0.02239553
-703.63036304	0.02676371
-703.59735974	0.03055262
-703.56435644	0.03320945
-703.53135314	0.03501951
-703.49834983	0.03602023
-703.46534653	0.03594585
-703.43234323	0.03531995
-703.39933993	0.03434624
-703.36633663	0.03291349
-703.33333333	0.03146056
-703.30033003	0.02998746
-703.26732673	0.02851356
-703.23432343	0.02762166
-703.20132013	0.02693600
-703.16831683	0.02679455
-703.13531353	0.02742263
-703.10231023	0.02860638
-703.06930693	0.03044838
-703.03630363	0.03261215
-703.00330033	0.03433953
-702.97029703	0.03580879
-702.93729373	0.03597882
-702.90429043	0.03464179
-702.87128713	0.03161091
-702.83828383	0.02670327
-702.80528053	0.02026651
-702.77227723	0.01284597
-702.73927393	0.00439896
-702.70627063	-0.00434301
-702.67326733	-0.01309146
-702.64026403	-0.02206051
-702.60726073	-0.03107553
-702.57425743	-0.04002711
-702.54125413	-0.04980112
-702.50825083	-0.06030477
-702.47524752	-0.07164996
-702.44224422	-0.08454616
-702.40924092	-0.09854137
-702.37623762	-0.11344264
-702.34323432	-0.12928490
-702.31023102	-0.14504907
-702.27722772	-0.16000448
-702.24422442	-0.17331395
-702.21122112	-0.18389559
-702.17821782	-0.19085234
-702.14521452	-0.19288544
-702.11221122	-0.18934587
-702.07920792	-0.17967706
-702.04620462	-0.16346828
-702.01320132	-0.14089439
-701.98019802	-0.11258073
-701.94719472	-0.07955943
-701.91419142	-0.04330714
-701.88118812	-0.00584530
-701.84818482	0.03116564
-701.81518152	0.06551419
-701.78217822	0.09562366
-701.74917492	0.12017490
-701.71617162	0.13850459
-701.68316832	0.15021564
-701.65016502	0.15551034
-701.61716172	0.15536993
-701.58415842	0.15028291
-701.55115512	0.14153585
-701.51815182	0.13025714
-701.48514851	0.11675980
-701.45214521	0.10202265
-701.41914191	0.08571651
-701.38613861	0.06789934
-701.35313531	0.04846184
-701.32013201	0.02685719
-701.28712871	0.00300300
-701.25412541	-0.02281507
-701.22112211	-0.04985444
-701.18811881	-0.07734860
-701.15511551	-0.10391750
-701.12211221	-0.12762431
-701.08910891	-0.14719970
-701.05610561	-0.16107431
-701.02310231	-0.16739215
-700.99009901	-0.16550588
-700.95709571	-0.15530194
-700.92409241	-0.13622088
-700.89108911	-0.10970099
-700.85808581	-0.07692203
-700.82508251	-0.03972802
-700.79207921	-0.00058393
-700.75907591	0.03859841
-700.72607261	0.07593579
-700.69306931	0.10956979
-700.66006601	0.13850654
-700.62706271	0.16231918
-700.59405941	0.18094685
-700.56105611	0.19468000
-700.52805281	0.20427008
-700.49504950	0.21025643
-700.46204620	0.21292923
-700.42904290	0.21316477
-700.39603960	0.21082072
-700.36303630	0.20559792
-700.33003300	0.19775225
-700.29702970	0.18686975
-700.26402640	0.17276802
-700.23102310	0.15574776
-700.19801980	0.13605549
-700.16501650	0.11420392
-700.13201320	0.09073303
-700.09900990	0.06646613
-700.06600660	0.04189845
-700.03300330	0.01787163
-700.00000000	-0.00531131
-699.96699670	-0.02725883
-699.93399340	-0.04736240
-699.90099010	-0.06540764
-699.86798680	-0.08085512
-699.83498350	-0.09345283
-699.80198020	-0.10255306
-699.76897690	-0.10778173
-699.73597360	-0.10934952
-699.70297030	-0.10733835
-699.66996700	-0.10229450
-699.63696370	-0.09473554
-699.60396040	-0.08543394
-699.57095710	-0.07537131
-699.53795380	-0.06531942
-699.50495050	-0.05569031
-699.47194719	-0.04720069
-699.43894389	-0.04010089
-699.40594059	-0.03423426
-699.37293729	-0.02989126
-699.33993399	-0.02653038
-699.30693069	-0.02419376
-699.27392739	-0.02264841
-699.24092409	-0.02129527
-699.20792079	-0.02073868
-699.17491749	-0.02010058
-699.14191419	-0.01958925
-699.10891089	-0.01889624
-699.07590759	-0.01815067
-699.04290429	-0.01719600
-699.00990099	-0.01560690
-698.97689769	-0.01407885
-698.94389439	-0.01205262
-698.91089109	-0.00994761
-698.87788779	-0.00824373
-698.84488449	-0.00683274
-698.81188119	-0.00592243
-698.77887789	-0.00569166
-698.74587459	-0.00623794
-698.71287129	-0.00741267
-698.67986799	-0.00899343
-698.64686469	-0.01087219
-698.61386139	-0.01282660
-698.58085809	-0.01455571
-698.54785479	-0.01578763
-698.51485149	-0.01608502
-698.48184818	-0.01551677
-698.44884488	-0.01383823
-698.41584158	-0.01101828
-698.38283828	-0.00741686
-698.34983498	-0.00324515
-698.31683168	0.00116152
-698.28382838	0.00523077
-698.25082508	0.00846125
-698.21782178	0.01067172
-698.18481848	0.01136755
-698.15181518	0.01053442
-698.11881188	0.00836946
-698.08580858	0.00495594
-698.05280528	0.00079524
-698.01980198	-0.00382392
-697.98679868	-0.00842958
-697.95379538	-0.01242107
-697.92079208	-0.01558691
-697.88778878	-0.01761504
-697.85478548	-0.01830529
-697.82178218	-0.01778401
-697.78877888	-0.01598065
-697.75577558	-0.01324709
-697.72277228	-0.00982590
-697.68976898	-0.00630466
-697.65676568	-0.00284860
-697.62376238	0.00016518
-697.59075908	0.00250894
-697.55775578	0.00393071
-697.52475248	0.00465710
-697.49174917	0.00469871
-697.45874587	0.00439640
-697.42574257	0.00385585
-697.39273927	0.00340590
-697.35973597	0.00320103
-697.32673267	0.00326592
-697.29372937	0.00388328
-697.26072607	0.00469866
-697.22772277	0.00562427
-697.19471947	0.00655209
-697.16171617	0.00746515
-697.12871287	0.00786272
-697.09570957	0.00772557
-697.06270627	0.00723124
-697.02970297	0.00592339
-696.99669967	0.00402346
-696.96369637	0.00164538
-696.93069307	-0.00140521
-696.89768977	-0.00462577
-696.86468647	-0.00794932
-696.83168317	-0.01089173
-696.79867987	-0.01301293
-696.76567657	-0.01403903
-696.73267327	-0.01359348
-696.69966997	-0.01150086
-696.66666667	-0.00793170
-696.63366337	-0.00305948
-696.60066007	0.00262356
-696.56765677	0.00876755
-696.53465347	0.01462918
-696.50165017	0.01968378
-696.46864686	0.02367633
-696.43564356	0.02581819
-696.40264026	0.02598619
-696.36963696	0.02419746
-696.33663366	0.02041467
-696.30363036	0.01504211
-696.27062706	0.00856434
-696.23762376	0.00160839
-696.20462046	-0.00494469
-696.17161716	-0.01049306
-696.13861386	-0.01463367
-696.10561056	-0.01696904
-696.07260726	-0.01755095
-696.03960396	-0.01654713
-696.00660066	-0.01409672
-695.97359736	-0.01083945
-695.94059406	-0.00723975
-695.90759076	-0.00356720
-695.87458746	-0.00032317
-695.84158416	0.00210286
-695.80858086	0.00390776
-695.77557756	0.00487703
-695.74257426	0.00483527
-695.70957096	0.00415359
-695.67656766	0.00317814
-695.64356436	0.00165476
-695.61056106	0.00037491
-695.57755776	-0.00077250
-695.54455446	-0.00179145
-695.51155116	-0.00198675
-695.47854785	-0.00191373
-695.44554455	-0.00142825
-695.41254125	-0.00049681
-695.37953795	0.00044529
-695.34653465	0.00143262
-695.31353135	0.00201559
-695.28052805	0.00225634
-695.24752475	0.00189377
-695.21452145	0.00106079
-695.18151815	0.00022151
-695.14851485	-0.00081120
-695.11551155	-0.00171996
-695.08250825	-0.00220124
-695.04950495	-0.00252980
-695.01650165	-0.00247757
-694.98349835	-0.00221148
-694.95049505	-0.00182053
-694.91749175	-0.00138161
-694.88448845	-0.00082810
-694.85148515	-0.00006054
-694.81848185	0.00074864
-694.78547855	0.00184319
-694.75247525	0.00293630
-694.71947195	0.00394428
-694.68646865	0.00477853
-694.65346535	0.00494692
-694.62046205	0.00435421
-694.58745875	0.00281744
-694.55445545	0.00043075
-694.52145215	-0.00263796
-694.48844884	-0.00607406
-694.45544554	-0.00931323
-694.42244224	-0.01194239
-694.38943894	-0.01377619
-694.35643564	-0.01417564
-694.32343234	-0.01348532
-694.29042904	-0.01175731
-694.25742574	-0.00902113
-694.22442244	-0.00612850
-694.19141914	-0.00320173
-694.15841584	-0.00053073
-694.12541254	0.00144016
-694.09240924	0.00275031
-694.05940594	0.00367919
-694.02640264	0.00395387
-693.99339934	0.00386927
-693.96039604	0.00358356
-693.92739274	0.00317038
-693.89438944	0.00274505
-693.86138614	0.00237650
-693.82838284	0.00232254
-693.79537954	0.00249320
-693.76237624	0.00307686
-693.72937294	0.00391374
-693.69636964	0.00539841
-693.66336634	0.00694442
-693.63036304	0.00848214
-693.59735974	0.00991485
-693.56435644	0.01082835
-693.53135314	0.01124947
-693.49834983	0.01079046
-693.46534653	0.00964632
-693.43234323	0.00793710
-693.39933993	0.00579187
-693.36633663	0.00346744
-693.33333333	0.00091026
-693.30033003	-0.00109408
-693.26732673	-0.00280271
-693.23432343	-0.00373888
-693.20132013	-0.00405549
-693.16831683	-0.00384133
-693.13531353	-0.00270786
-693.10231023	-0.00122965
-693.06930693	0.00077569
-693.03630363	0.00332200
-693.00330033	0.00585353
-692.97029703	0.00830691
-692.93729373	0.01040318
-692.90429043	0.01217366
-692.87128713	0.01284079
-692.83828383	0.01277384
-692.80528053	0.01163460
-692.77227723	0.00950998
-692.73927393	0.00651358
-692.70627063	0.00301392
-692.67326733	-0.00066101
-692.64026403	-0.00410139
-692.60726073	-0.00693668
-692.57425743	-0.00881321
-692.54125413	-0.00951340
-692.50825083	-0.00897983
-692.47524752	-0.00718402
-692.44224422	-0.00469176
-692.40924092	-0.00160764
-692.37623762	0.00149225
-692.34323432	0.00417972
-692.31023102	0.00594718
-692.27722772	0.00644441
-692.24422442	0.00589267
-692.21122112	0.00393852
-692.17821782	0.00112509
-692.14521452	-0.00208109
-692.11221122	-0.00571754
-692.07920792	-0.00898770
-692.04620462	-0.01165044
-692.01320132	-0.01367047
-691.98019802	-0.01487681
-691.94719472	-0.01540476
-691.91419142	-0.01528930
-691.88118812	-0.01466543
-691.84818482	-0.01370896
-691.81518152	-0.01245860
-691.78217822	-0.01099012
-691.74917492	-0.00937331
-691.71617162	-0.00770268
-691.68316832	-0.00609197
-691.65016502	-0.00476786
-691.61716172	-0.00363459
-691.58415842	-0.00310037
-691.55115512	-0.00280091
-691.51815182	-0.00268232
-691.48514851	-0.00273498
-691.45214521	-0.00238026
-691.41914191	-0.00165180
-691.38613861	-0.00028015
-691.35313531	0.00156368
-691.32013201	0.00375388
-691.28712871	0.00621313
-691.25412541	0.00837670
-691.22112211	0.00981212
-691.18811881	0.01059872
-691.15511551	0.01042776
-691.12211221	0.00926208
-691.08910891	0.00731393
-691.05610561	0.00500570
-691.02310231	0.00254601
-690.99009901	0.00008611
-690.95709571	-0.00157293
-690.92409241	-0.00282135
-690.89108911	-0.00331307
-690.85808581	-0.00303989
-690.82508251	-0.00188376
-690.79207921	-0.00026820
-690.75907591	0.00187098
-690.72607261	0.00395975
-690.69306931	0.00598078
-690.66006601	0.00751935
-690.62706271	0.00817748
-690.59405941	0.00804679
-690.56105611	0.00687280
-690.52805281	0.00473109
-690.49504950	0.00230247
-690.46204620	-0.00064796
-690.42904290	-0.00336003
-690.39603960	-0.00562311
-690.36303630	-0.00722634
-690.33003300	-0.00805452
-690.29702970	-0.00810675
-690.26402640	-0.00743152
-690.23102310	-0.00619575
-690.19801980	-0.00461997
-690.16501650	-0.00257272
-690.13201320	-0.00034894
-690.09900990	0.00207114
-690.06600660	0.00453227
-690.03300330	0.00686330
-690.00000000	0.00909212
-689.96699670	0.01096011
-689.93399340	0.01227104
-689.90099010	0.01292384
-689.86798680	0.01293923
-689.83498350	0.01232132
-689.80198020	0.01099642
-689.76897690	0.00946786
-689.73597360	0.00780041
-689.70297030	0.00607212
-689.66996700	0.00477640
-689.63696370	0.00381501
-689.60396040	0.00357692
-689.57095710	0.00387074
-689.53795380	0.00451819
-689.50495050	0.00553794
-689.47194719	0.00671331
-689.43894389	0.00756160
-689.40594059	0.00820643
-689.37293729	0.00842044
-689.33993399	0.00802829
-689.30693069	0.00708853
-689.27392739	0.00573311
-689.24092409	0.00423739
-689.20792079	0.00263396
-689.17491749	0.00129218
-689.14191419	0.00044388
-689.10891089	0.00026441
-689.07590759	0.00066437
-689.04290429	0.00176582
-689.00990099	0.00338664
-688.97689769	0.00522538
-688.94389439	0.00700913
-688.91089109	0.00858453
-688.87788779	0.00957409
-688.84488449	0.01019436
-688.81188119	0.01003184
-688.77887789	0.00922320
-688.74587459	0.00799277
-688.71287129	0.00645073
-688.67986799	0.00453271
-688.64686469	0.00251151
-688.61386139	0.00021421
-688.58085809	-0.00185554
-688.54785479	-0.00392971
-688.51485149	-0.00616709
-688.48184818	-0.00785178
-688.44884488	-0.00951629
-688.41584158	-0.01093923
-688.38283828	-0.01188480
-688.34983498	-0.01251472
-688.31683168	-0.01255588
-688.28382838	-0.01227270
-688.25082508	-0.01141547
-688.21782178	-0.01041639
-688.18481848	-0.00896983
-688.15181518	-0.00748222
-688.11881188	-0.00605784
-688.08580858	-0.00455555
-688.05280528	-0.00330169
-688.01980198	-0.00229262
-687.98679868	-0.00148661
-687.95379538	-0.00074679
-687.92079208	-0.00000912
-687.88778878	0.00053941
-687.85478548	0.00140526
-687.82178218	0.00234707
-687.78877888	0.00362522
-687.75577558	0.00531800
-687.72277228	0.00748290
-687.68976898	0.01007314
-687.65676568	0.01316272
-687.62376238	0.01663751
-687.59075908	0.02061292
-687.55775578	0.02494275
-687.52475248	0.02944056
-687.49174917	0.03423166
-687.45874587	0.03886725
-687.42574257	0.04357528
-687.39273927	0.04803455
-687.35973597	0.05194583
-687.32673267	0.05576915
-687.29372937	0.05895789
-687.26072607	0.06166230
-687.22772277	0.06376274
-687.19471947	0.06520249
-687.16171617	0.06574980
-687.12871287	0.06500852
-687.09570957	0.06290204
-687.06270627	0.05925565
-687.02970297	0.05386345
-686.99669967	0.04672892
-686.96369637	0.03804701
-686.93069307	0.02829726
-686.89768977	0.01790342
-686.86468647	0.00710813
-686.83168317	-0.00313329
-686.79867987	-0.01289360
-686.76567657	-0.02165929
-686.73267327	-0.02943239
-686.69966997	-0.03610023
-686.66666667	-0.04210264
-686.63366337	-0.04763176
-686.60066007	-0.05292967
-686.56765677	-0.05823071
-686.53465347	-0.06361516
-686.50165017	-0.06909015
-686.46864686	-0.07471722
-686.43564356	-0.08031531
-686.40264026	-0.08587342
-686.36963696	-0.09123337
-686.33663366	-0.09627103
-686.30363036	-0.10108622
-686.27062706	-0.10541579
-686.23762376	-0.10938993
-686.20462046	-0.11276457
-686.17161716	-0.11505445
-686.13861386	-0.11613244
-686.10561056	-0.11538330
-686.07260726	-0.11253921
-686.03960396	-0.10710393
-686.00660066	-0.09908493
-685.97359736	-0.08840609
-685.94059406	-0.07529501
-685.90759076	-0.06011437
-685.87458746	-0.04374013
-685.84158416	-0.02668211
-685.80858086	-0.00989940
-685.77557756	0.00586783
-685.74257426	0.02021412
-685.70957096	0.03224863
-685.67656766	0.04215617
-685.64356436	0.04951672
-685.61056106	0.05426213
-685.57755776	0.05695975
-685.54455446	0.05771612
-685.51155116	0.05696253
-685.47854785	0.05517065
-685.44554455	0.05282631
-685.41254125	0.04994559
-685.37953795	0.04746969
-685.34653465	0.04499827
-685.31353135	0.04290654
-685.28052805	0.04126990
-685.24752475	0.03976211
-685.21452145	0.03870756
-685.18151815	0.03764650
-685.14851485	0.03679476
-685.11551155	0.03628182
-685.08250825	0.03558253
-685.04950495	0.03509979
-685.01650165	0.03442790
-684.98349835	0.03348833
-684.95049505	0.03199583
-684.91749175	0.02972896
-684.88448845	0.02676831
-684.85148515	0.02281627
-684.81848185	0.01821764
-684.78547855	0.01314455
-684.75247525	0.00805920
-684.71947195	0.00331170
-684.68646865	-0.00089213
-684.65346535	-0.00384312
-684.62046205	-0.00585118
-684.58745875	-0.00649598
-684.55445545	-0.00630261
-684.52145215	-0.00508193
-684.48844884	-0.00348112
-684.45544554	-0.00162392
-684.42244224	-0.00006298
-684.38943894	0.00127647
-684.35643564	0.00201985
-684.32343234	0.00225538
-684.29042904	0.00195118
-684.25742574	0.00137848
-684.22442244	0.00069350
-684.19141914	0.00022792
-684.15841584	0.00023555
-684.12541254	0.00062458
-684.09240924	0.00167387
-684.05940594	0.00326599
-684.02640264	0.00523880
-683.99339934	0.00746263
-683.96039604	0.00968997
-683.92739274	0.01188089
-683.89438944	0.01384687
-683.86138614	0.01551642
-683.82838284	0.01694387
-683.79537954	0.01804340
-683.76237624	0.01871630
-683.72937294	0.01921959
-683.69636964	0.01917143
-683.66336634	0.01887265
-683.63036304	0.01788259
-683.59735974	0.01663695
-683.56435644	0.01481549
-683.53135314	0.01239669
-683.49834983	0.00982899
-683.46534653	0.00671755
-683.43234323	0.00363878
-683.39933993	0.00063500
-683.36633663	-0.00237035
-683.33333333	-0.00499480
-683.30033003	-0.00705252
-683.26732673	-0.00858347
-683.23432343	-0.00955392
-683.20132013	-0.00968999
-683.16831683	-0.00920285
-683.13531353	-0.00821687
-683.10231023	-0.00656377
-683.06930693	-0.00486746
-683.03630363	-0.00321401
-683.00330033	-0.00178950
-682.97029703	-0.00091834
-682.93729373	-0.00053711
-682.90429043	-0.00084193
-682.87128713	-0.00149862
-682.83828383	-0.00253356
-682.80528053	-0.00361513
-682.77227723	-0.00450550
-682.73927393	-0.00513192
-682.70627063	-0.00530826
-682.67326733	-0.00505184
-682.64026403	-0.00459444
-682.60726073	-0.00373058
-682.57425743	-0.00295630
-682.54125413	-0.00238461
-682.50825083	-0.00202817
-682.47524752	-0.00204076
-682.44224422	-0.00260639
-682.40924092	-0.00332343
-682.37623762	-0.00454913
-682.34323432	-0.00561054
-682.31023102	-0.00654190
-682.27722772	-0.00702466
-682.24422442	-0.00697172
-682.21122112	-0.00638616
-682.17821782	-0.00511020
-682.14521452	-0.00341349
-682.11221122	-0.00154793
-682.07920792	0.00049218
-682.04620462	0.00218988
-682.01320132	0.00371422
-681.98019802	0.00450710
-681.94719472	0.00482189
-681.91419142	0.00473244
-681.88118812	0.00410831
-681.84818482	0.00319993
-681.81518152	0.00232206
-681.78217822	0.00113909
-681.74917492	0.00007372
-681.71617162	-0.00070338
-681.68316832	-0.00162980
-681.65016502	-0.00229235
-681.61716172	-0.00296020
-681.58415842	-0.00370026
-681.55115512	-0.00436385
-681.51815182	-0.00492452
-681.48514851	-0.00546603
-681.45214521	-0.00585913
-681.41914191	-0.00620882
-681.38613861	-0.00646192
-681.35313531	-0.00658153
-681.32013201	-0.00685505
-681.28712871	-0.00688177
-681.25412541	-0.00708694
-681.22112211	-0.00719022
-681.18811881	-0.00706727
-681.15511551	-0.00690385
-681.12211221	-0.00665965
-681.08910891	-0.00598238
-681.05610561	-0.00503697
-681.02310231	-0.00393803
-680.99009901	-0.00240403
-680.95709571	-0.00089273
-680.92409241	0.00107502
-680.89108911	0.00297014
-680.85808581	0.00463989
-680.82508251	0.00600782
-680.79207921	0.00699251
-680.75907591	0.00717288
-680.72607261	0.00675449
-680.69306931	0.00562483
-680.66006601	0.00367729
-680.62706271	0.00150801
-680.59405941	-0.00096429
-680.56105611	-0.00344243
-680.52805281	-0.00556608
-680.49504950	-0.00733303
-680.46204620	-0.00827926
-680.42904290	-0.00855506
-680.39603960	-0.00817151
-680.36303630	-0.00701265
-680.33003300	-0.00530085
-680.29702970	-0.00329109
-680.26402640	-0.00107866
-680.23102310	0.00097997
-680.19801980	0.00256489
-680.16501650	0.00379817
-680.13201320	0.00424290
-680.09900990	0.00397858
-680.06600660	0.00322281
-680.03300330	0.00189188
-680.00000000	0.00024707
-679.96699670	-0.00141995
-679.93399340	-0.00309626
-679.90099010	-0.00445826
-679.86798680	-0.00576073
-679.83498350	-0.00636559
-679.80198020	-0.00716784
-679.76897690	-0.00744713
-679.73597360	-0.00770813
-679.70297030	-0.00790011
-679.66996700	-0.00784406
-679.63696370	-0.00791266
-679.60396040	-0.00764289
-679.57095710	-0.00721857
-679.53795380	-0.00681056
-679.50495050	-0.00627154
-679.47194719	-0.00587638
-679.43894389	-0.00556817
-679.40594059	-0.00555357
-679.37293729	-0.00573775
-679.33993399	-0.00620292
-679.30693069	-0.00677975
-679.27392739	-0.00725862
-679.24092409	-0.00758320
-679.20792079	-0.00757131
-679.17491749	-0.00702829
-679.14191419	-0.00622921
-679.10891089	-0.00491041
-679.07590759	-0.00337637
-679.04290429	-0.00168504
-679.00990099	0.00005599
-678.97689769	0.00148149
-678.94389439	0.00281928
-678.91089109	0.00388806
-678.87788779	0.00449944
-678.84488449	0.00496872
-678.81188119	0.00516683
-678.77887789	0.00525570
-678.74587459	0.00501480
-678.71287129	0.00493683
-678.67986799	0.00499195
-678.64686469	0.00491752
-678.61386139	0.00553810
-678.58085809	0.00616239
-678.54785479	0.00736669
-678.51485149	0.00885332
-678.48184818	0.01069591
-678.44884488	0.01272609
-678.41584158	0.01468074
-678.38283828	0.01664488
-678.34983498	0.01824676
-678.31683168	0.01943710
-678.28382838	0.02032792
-678.25082508	0.02078727
-678.21782178	0.02109484
-678.18481848	0.02136496
-678.15181518	0.02179300
-678.11881188	0.02238475
-678.08580858	0.02331154
-678.05280528	0.02447030
-678.01980198	0.02581381
-677.98679868	0.02701879
-677.95379538	0.02807827
-677.92079208	0.02893621
-677.88778878	0.02911592
-677.85478548	0.02895072
-677.82178218	0.02824380
-677.78877888	0.02703758
-677.75577558	0.02552457
-677.72277228	0.02340755
-677.68976898	0.02125787
-677.65676568	0.01890104
-677.62376238	0.01673574
-677.59075908	0.01454621
-677.55775578	0.01279605
-677.52475248	0.01139144
-677.49174917	0.01037941
-677.45874587	0.00985764
-677.42574257	0.00962127
-677.39273927	0.00972820
-677.35973597	0.00985345
-677.32673267	0.01020255
-677.29372937	0.01011945
-677.26072607	0.00993445
-677.22772277	0.00915488
-677.19471947	0.00822891
-677.16171617	0.00660165
-677.12871287	0.00467358
-677.09570957	0.00245090
-677.06270627	-0.00006188
-677.02970297	-0.00252649
-676.99669967	-0.00498637
-676.96369637	-0.00733649
-676.93069307	-0.00913603
-676.89768977	-0.01070054
-676.86468647	-0.01163797
-676.83168317	-0.01219081
-676.79867987	-0.01208321
-676.76567657	-0.01182532
-676.73267327	-0.01117604
-676.69966997	-0.01040551
-676.66666667	-0.01006186
-676.63366337	-0.00971679
-676.60066007	-0.01021891
-676.56765677	-0.01117742
-676.53465347	-0.01289954
-676.50165017	-0.01528040
-676.46864686	-0.01790199
-676.43564356	-0.02094317
-676.40264026	-0.02362052
-676.36963696	-0.02595863
-676.33663366	-0.02750773
-676.30363036	-0.02815460
-676.27062706	-0.02797036
-676.23762376	-0.02673819
-676.20462046	-0.02504344
-676.17161716	-0.02288227
-676.13861386	-0.02076479
-676.10561056	-0.01907814
-676.07260726	-0.01782669
-676.03960396	-0.01775881
-676.00660066	-0.01810496
-675.97359736	-0.01931473
-675.94059406	-0.02093932
-675.90759076	-0.02257949
-675.87458746	-0.02394320
-675.84158416	-0.02506188
-675.80858086	-0.02549493
-675.77557756	-0.02516192
-675.74257426	-0.02462972
-675.70957096	-0.02362485
-675.67656766	-0.02272673
-675.64356436	-0.02179725
-675.61056106	-0.02149123
-675.57755776	-0.02121964
-675.54455446	-0.02156268
-675.51155116	-0.02172279
-675.47854785	-0.02226086
-675.44554455	-0.02237338
-675.41254125	-0.02212675
-675.37953795	-0.02155162
-675.34653465	-0.02041137
-675.31353135	-0.01914698
-675.28052805	-0.01724416
-675.24752475	-0.01534034
-675.21452145	-0.01337637
-675.18151815	-0.01152830
-675.14851485	-0.00975693
-675.11551155	-0.00811510
-675.08250825	-0.00667213
-675.04950495	-0.00573525
-675.01650165	-0.00479454
-674.98349835	-0.00441130
-674.95049505	-0.00414395
-674.91749175	-0.00444072
-674.88448845	-0.00462228
-674.85148515	-0.00554431
-674.81848185	-0.00637468
-674.78547855	-0.00747653
-674.75247525	-0.00855369
-674.71947195	-0.00959959
-674.68646865	-0.01057400
-674.65346535	-0.01073809
-674.62046205	-0.01087099
-674.58745875	-0.00985178
-674.55445545	-0.00853047
-674.52145215	-0.00628981
-674.48844884	-0.00379615
-674.45544554	-0.00109142
-674.42244224	0.00157789
-674.38943894	0.00378163
-674.35643564	0.00545364
-674.32343234	0.00651822
-674.29042904	0.00695772
-674.25742574	0.00664983
-674.22442244	0.00605487
-674.19141914	0.00512556
-674.15841584	0.00411727
-674.12541254	0.00325829
-674.09240924	0.00249541
-674.05940594	0.00219965
-674.02640264	0.00195988
-673.99339934	0.00215943
-673.96039604	0.00258743
-673.92739274	0.00315907
-673.89438944	0.00402007
-673.86138614	0.00504093
-673.82838284	0.00595082
-673.79537954	0.00706451
-673.76237624	0.00800974
-673.72937294	0.00883499
-673.69636964	0.00970050
-673.66336634	0.01039950
-673.63036304	0.01098873
-673.59735974	0.01172807
-673.56435644	0.01230573
-673.53135314	0.01306929
-673.49834983	0.01389129
-673.46534653	0.01471864
-673.43234323	0.01557876
-673.39933993	0.01661089
-673.36633663	0.01751688
-673.33333333	0.01863017
-673.30033003	0.01961937
-673.26732673	0.02074037
-673.23432343	0.02162590
-673.20132013	0.02237513
-673.16831683	0.02294404
-673.13531353	0.02293309
-673.10231023	0.02276736
-673.06930693	0.02184401
-673.03630363	0.02064510
-673.00330033	0.01892964
-672.97029703	0.01705413
-672.93729373	0.01511659
-672.90429043	0.01326105
-672.87128713	0.01163038
-672.83828383	0.01059803
-672.80528053	0.01011040
-672.77227723	0.01010183
-672.73927393	0.01050859
-672.70627063	0.01151763
-672.67326733	0.01246780
-672.64026403	0.01374742
-672.60726073	0.01464215
-672.57425743	0.01533345
-672.54125413	0.01554861
-672.50825083	0.01498137
-672.47524752	0.01371488
-672.44224422	0.01193106
-672.40924092	0.00917444
-672.37623762	0.00604822
-672.34323432	0.00242521
-672.31023102	-0.00159249
-672.27722772	-0.00557943
-672.24422442	-0.00934736
-672.21122112	-0.01296415
-672.17821782	-0.01593841
-672.14521452	-0.01815736
-672.11221122	-0.01973381
-672.07920792	-0.02029125
-672.04620462	-0.02017440
-672.01320132	-0.01922144
-671.98019802	-0.01770426
-671.94719472	-0.01539673
-671.91419142	-0.01297827
-671.88118812	-0.00993403
-671.84818482	-0.00667958
-671.81518152	-0.00327971
-671.78217822	0.00045970
-671.74917492	0.00418124
-671.71617162	0.00800281
-671.68316832	0.01159825
-671.65016502	0.01537339
-671.61716172	0.01844315
-671.58415842	0.02117395
-671.55115512	0.02309062
-671.51815182	0.02434237
-671.48514851	0.02432745
-671.45214521	0.02341724
-671.41914191	0.02140609
-671.38613861	0.01852122
-671.35313531	0.01466230
-671.32013201	0.01039863
-671.28712871	0.00572281
-671.25412541	0.00098818
-671.22112211	-0.00377304
-671.18811881	-0.00798383
-671.15511551	-0.01183037
-671.12211221	-0.01504383
-671.08910891	-0.01774115
-671.05610561	-0.01928946
-671.02310231	-0.02020504
-670.99009901	-0.02037834
-670.95709571	-0.01956928
-670.92409241	-0.01809304
-670.89108911	-0.01587015
-670.85808581	-0.01355106
-670.82508251	-0.01075496
-670.79207921	-0.00818478
-670.75907591	-0.00576900
-670.72607261	-0.00377782
-670.69306931	-0.00219457
-670.66006601	-0.00099090
-670.62706271	-0.00008827
-670.59405941	0.00084006
-670.56105611	0.00199559
-670.52805281	0.00344181
-670.49504950	0.00539637
-670.46204620	0.00795264
-670.42904290	0.01099412
-670.39603960	0.01435203
-670.36303630	0.01777920
-670.33003300	0.02139879
-670.29702970	0.02467925
-670.26402640	0.02735321
-670.23102310	0.02985253
-670.19801980	0.03168782
-670.16501650	0.03281587
-670.13201320	0.03347757
-670.09900990	0.03343492
-670.06600660	0.03297113
-670.03300330	0.03189590
-670.00000000	0.03039474
-669.96699670	0.02856524
-669.93399340	0.02623832
-669.90099010	0.02376675
-669.86798680	0.02106660
-669.83498350	0.01826234
-669.80198020	0.01564548
-669.76897690	0.01280145
-669.73597360	0.01005059
-669.70297030	0.00742706
-669.66996700	0.00463692
-669.63696370	0.00201224
-669.60396040	-0.00056752
-669.57095710	-0.00314522
-669.53795380	-0.00551122
-669.50495050	-0.00784224
-669.47194719	-0.00959560
-669.43894389	-0.01118373
-669.40594059	-0.01226554
-669.37293729	-0.01313681
-669.33993399	-0.01330913
-669.30693069	-0.01327064
-669.27392739	-0.01260586
-669.24092409	-0.01162611
-669.20792079	-0.00997755
-669.17491749	-0.00808869
-669.14191419	-0.00595896
-669.10891089	-0.00362788
-669.07590759	-0.00144658
-669.04290429	0.00041541
-669.00990099	0.00212824
-668.97689769	0.00305512
-668.94389439	0.00358171
-668.91089109	0.00346931
-668.87788779	0.00301267
-668.84488449	0.00203161
-668.81188119	0.00123481
-668.77887789	0.00034472
-668.74587459	-0.00031558
-668.71287129	-0.00076021
-668.67986799	-0.00104833
-668.64686469	-0.00095055
-668.61386139	-0.00071467
-668.58085809	-0.00047356
-668.54785479	-0.00009000
-668.51485149	0.00028883
-668.48184818	0.00046024
-668.44884488	0.00087586
-668.41584158	0.00122111
-668.38283828	0.00166293
-668.34983498	0.00219553
-668.31683168	0.00296095
-668.28382838	0.00381673
-668.25082508	0.00471021
-668.21782178	0.00571124
-668.18481848	0.00646575
-668.15181518	0.00706377
-668.11881188	0.00738825
-668.08580858	0.00720342
-668.05280528	0.00668897
-668.01980198	0.00563193
-667.98679868	0.00452082
-667.95379538	0.00285985
-667.92079208	0.00094419
-667.88778878	-0.00080851
-667.85478548	-0.00269773
-667.82178218	-0.00435422
-667.78877888	-0.00605718
-667.75577558	-0.00740567
-667.72277228	-0.00868969
-667.68976898	-0.00954811
-667.65676568	-0.01034979
-667.62376238	-0.01077438
-667.59075908	-0.01095572
-667.55775578	-0.01065868
-667.52475248	-0.00998998
-667.49174917	-0.00894919
-667.45874587	-0.00761594
-667.42574257	-0.00604236
-667.39273927	-0.00430640
-667.35973597	-0.00275441
-667.32673267	-0.00114782
-667.29372937	-0.00004465
-667.26072607	0.00058516
-667.22772277	0.00059068
-667.19471947	0.00019870
-667.16171617	-0.00079874
-667.12871287	-0.00205251
-667.09570957	-0.00366227
-667.06270627	-0.00495812
-667.02970297	-0.00606916
-666.99669967	-0.00683464
-666.96369637	-0.00660769
-666.93069307	-0.00605369
-666.89768977	-0.00477462
-666.86468647	-0.00298739
-666.83168317	-0.00108870
-666.79867987	0.00094757
-666.76567657	0.00278495
-666.73267327	0.00436902
-666.69966997	0.00542488
-666.66666667	0.00598807
-666.63366337	0.00603683
-666.60066007	0.00560520
-666.56765677	0.00499468
-666.53465347	0.00423828
-666.50165017	0.00322077
-666.46864686	0.00250616
-666.43564356	0.00175235
-666.40264026	0.00129450
-666.36963696	0.00065012
-666.33663366	0.00014041
-666.30363036	-0.00045456
-666.27062706	-0.00145594
-666.23762376	-0.00263853
-666.20462046	-0.00406315
-666.17161716	-0.00571170
-666.13861386	-0.00744884
-666.10561056	-0.00920818
-666.07260726	-0.01072964
-666.03960396	-0.01224525
-666.00660066	-0.01366084
-665.97359736	-0.01473960
-665.94059406	-0.01584319
-665.90759076	-0.01679852
-665.87458746	-0.01753043
-665.84158416	-0.01814261
-665.80858086	-0.01849311
-665.77557756	-0.01885270
-665.74257426	-0.01884469
-665.70957096	-0.01857206
-665.67656766	-0.01785318
-665.64356436	-0.01701844
-665.61056106	-0.01586517
-665.57755776	-0.01432686
-665.54455446	-0.01266472
-665.51155116	-0.01107234
-665.47854785	-0.00920846
-665.44554455	-0.00751945
-665.41254125	-0.00616410
-665.37953795	-0.00471950
-665.34653465	-0.00360160
-665.31353135	-0.00260681
-665.28052805	-0.00162842
-665.24752475	-0.00078763
-665.21452145	0.00015935
-665.18151815	0.00104132
-665.14851485	0.00188276
-665.11551155	0.00245163
-665.08250825	0.00293591
-665.04950495	0.00319369
-665.01650165	0.00302599
-664.98349835	0.00237204
-664.95049505	0.00155208
-664.91749175	0.00032015
-664.88448845	-0.00105671
-664.85148515	-0.00255916
-664.81848185	-0.00409410
-664.78547855	-0.00538128
-664.75247525	-0.00665940
-664.71947195	-0.00752657
-664.68646865	-0.00815267
-664.65346535	-0.00840711
-664.62046205	-0.00845610
-664.58745875	-0.00813237
-664.55445545	-0.00782980
-664.52145215	-0.00722065
-664.48844884	-0.00680241
-664.45544554	-0.00629164
-664.42244224	-0.00600967
-664.38943894	-0.00605592
-664.35643564	-0.00628189
-664.32343234	-0.00666703
-664.29042904	-0.00721716
-664.25742574	-0.00786760
-664.22442244	-0.00867038
-664.19141914	-0.00918813
-664.15841584	-0.00959360
-664.12541254	-0.00973100
-664.09240924	-0.00956969
-664.05940594	-0.00918465
-664.02640264	-0.00857577
-663.99339934	-0.00780794
-663.96039604	-0.00689228
-663.92739274	-0.00584127
-663.89438944	-0.00480173
-663.86138614	-0.00391213
-663.82838284	-0.00307554
-663.79537954	-0.00217941
-663.76237624	-0.00149772
-663.72937294	-0.00082767
-663.69636964	-0.00015699
-663.66336634	0.00045217
-663.63036304	0.00113357
-663.59735974	0.00195706
-663.56435644	0.00294368
-663.53135314	0.00406427
-663.49834983	0.00552020
-663.46534653	0.00716310
-663.43234323	0.00881302
-663.39933993	0.01081928
-663.36633663	0.01299757
-663.33333333	0.01520431
-663.30033003	0.01717443
-663.26732673	0.01889318
-663.23432343	0.02022945
-663.20132013	0.02102424
-663.16831683	0.02115395
-663.13531353	0.02060140
-663.10231023	0.01920312
-663.06930693	0.01739270
-663.03630363	0.01503283
-663.00330033	0.01225902
-662.97029703	0.00947371
-662.93729373	0.00669783
-662.90429043	0.00423655
-662.87128713	0.00207972
-662.83828383	0.00021812
-662.80528053	-0.00130859
-662.77227723	-0.00245733
-662.73927393	-0.00333166
-662.70627063	-0.00408825
-662.67326733	-0.00464228
-662.64026403	-0.00536691
-662.60726073	-0.00593039
-662.57425743	-0.00641581
-662.54125413	-0.00671641
-662.50825083	-0.00682295
-662.47524752	-0.00661330
-662.44224422	-0.00599085
-662.40924092	-0.00491033
-662.37623762	-0.00356460
-662.34323432	-0.00170722
-662.31023102	0.00036508
-662.27722772	0.00254834
-662.24422442	0.00474945
-662.21122112	0.00663859
-662.17821782	0.00820481
-662.14521452	0.00935847
-662.11221122	0.01004805
-662.07920792	0.01013656
-662.04620462	0.00978534
-662.01320132	0.00901493
-661.98019802	0.00793164
-661.94719472	0.00656015
-661.91419142	0.00507587
-661.88118812	0.00351384
-661.84818482	0.00200008
-661.81518152	0.00036351
-661.78217822	-0.00106359
-661.74917492	-0.00232908
-661.71617162	-0.00353343
-661.68316832	-0.00457445
-661.65016502	-0.00549300
-661.61716172	-0.00624706
-661.58415842	-0.00695987
-661.55115512	-0.00755315
-661.51815182	-0.00795375
-661.48514851	-0.00835451
-661.45214521	-0.00869348
-661.41914191	-0.00905974
-661.38613861	-0.00924404
-661.35313531	-0.00954738
-661.32013201	-0.00974829
-661.28712871	-0.00994917
-661.25412541	-0.00990655
-661.22112211	-0.00966472
-661.18811881	-0.00912653
-661.15511551	-0.00828481
-661.12211221	-0.00700510
-661.08910891	-0.00555577
-661.05610561	-0.00371560
-661.02310231	-0.00184440
-660.99009901	0.00014706
-660.95709571	0.00211656
-660.92409241	0.00388427
-660.89108911	0.00553332
-660.85808581	0.00694482
-660.82508251	0.00816400
-660.79207921	0.00919060
-660.75907591	0.01002099
-660.72607261	0.01058126
-660.69306931	0.01099035
-660.66006601	0.01118938
-660.62706271	0.01121764
-660.59405941	0.01105078
-660.56105611	0.01079342
-660.52805281	0.01034774
-660.49504950	0.00989077
-660.46204620	0.00957690
-660.42904290	0.00926957
-660.39603960	0.00901262
-660.36303630	0.00882139
-660.33003300	0.00859910
-660.29702970	0.00834352
-660.26402640	0.00796966
-660.23102310	0.00749329
-660.19801980	0.00692505
-660.16501650	0.00603354
-660.13201320	0.00525905
-660.09900990	0.00434507
-660.06600660	0.00356173
-660.03300330	0.00275080
-660.00000000	0.00205916
