# Menlo Systems GmbH ScanControl
# Program Version 1.14.3
# Start: -740.00000000 ps, Average over 1000 waveforms. Timestamp: 2026-02-04T14:32:58
# User time axis shift: 0 ps
# Time axis offset: 0 ps
# Time [ps]	THz Signal [a.u.]
-740.00000000	0.00026891
-739.96699670	0.00014073
-739.93399340	0.00017211
-739.90099010	0.00022040
-739.86798680	0.00014608
-739.83498350	0.00014026
-739.80198020	0.00009016
-739.76897690	0.00021583
-739.73597360	0.00008000
-739.70297030	0.00008400
-739.66996700	0.00008120
-739.63696370	0.00004076
-739.60396040	-0.00000714
-739.57095710	-0.00003142
-739.53795380	-0.00006030
-739.50495050	-0.00006699
-739.47194719	-0.00006197
-739.43894389	-0.00011432
-739.40594059	0.00005461
-739.37293729	-0.00014978
-739.33993399	-0.00014701
-739.30693069	-0.00013944
-739.27392739	-0.00008767
-739.24092409	-0.00013858
-739.20792079	-0.00014782
-739.17491749	-0.00018030
-739.14191419	-0.00011766
-739.10891089	-0.00007690
-739.07590759	-0.00012308
-739.04290429	-0.00008470
-739.00990099	-0.00006866
-738.97689769	-0.00010454
-738.94389439	-0.00011761
-738.91089109	-0.00015070
-738.87788779	-0.00015159
-738.84488449	-0.00014002
-738.81188119	-0.00008270
-738.77887789	-0.00007949
-738.74587459	-0.00006334
-738.71287129	-0.00012817
-738.67986799	-0.00004291
-738.64686469	-0.00011276
-738.61386139	-0.00009965
-738.58085809	-0.00008013
-738.54785479	-0.00002309
-738.51485149	-0.00004755
-738.48184818	0.00001215
-738.44884488	-0.00002389
-738.41584158	-0.00004404
-738.38283828	-0.00008439
-738.34983498	-0.00001781
-738.31683168	-0.00002720
-738.28382838	-0.00009266
-738.25082508	-0.00005899
-738.21782178	-0.00007779
-738.18481848	-0.00008928
-738.15181518	-0.00005546
-738.11881188	-0.00002729
-738.08580858	-0.00007150
-738.05280528	-0.00002057
-738.01980198	-0.00013048
-737.98679868	-0.00009397
-737.95379538	-0.00006965
-737.92079208	-0.00006950
-737.88778878	-0.00004804
-737.85478548	0.00002607
-737.82178218	-0.00006260
-737.78877888	0.00000430
-737.75577558	0.00001802
-737.72277228	0.00006370
-737.68976898	0.00005639
-737.65676568	0.00005788
-737.62376238	0.00003552
-737.59075908	0.00009037
-737.55775578	0.00008550
-737.52475248	0.00000440
-737.49174917	0.00009388
-737.45874587	0.00003077
-737.42574257	0.00006641
-737.39273927	0.00008692
-737.35973597	0.00001725
-737.32673267	0.00005506
-737.29372937	0.00001914
-737.26072607	0.00000148
-737.22772277	0.00000930
-737.19471947	-0.00001575
-737.16171617	0.00000480
-737.12871287	0.00003471
-737.09570957	0.00000044
-737.06270627	0.00006084
-737.02970297	0.00013829
-736.99669967	0.00006815
-736.96369637	0.00006622
-736.93069307	0.00002019
-736.89768977	0.00004702
-736.86468647	0.00004337
-736.83168317	0.00002426
-736.79867987	0.00000151
-736.76567657	-0.00003643
-736.73267327	0.00001374
-736.69966997	0.00004575
-736.66666667	0.00004168
-736.63366337	0.00011680
-736.60066007	-0.00000159
-736.56765677	0.00003530
-736.53465347	-0.00003125
-736.50165017	0.00009765
-736.46864686	0.00003786
-736.43564356	0.00001829
-736.40264026	0.00005253
-736.36963696	0.00005523
-736.33663366	0.00006798
-736.30363036	0.00004131
-736.27062706	-0.00006150
-736.23762376	0.00001365
-736.20462046	0.00001901
-736.17161716	-0.00001099
-736.13861386	-0.00012329
-736.10561056	-0.00009514
-736.07260726	-0.00001166
-736.03960396	-0.00008422
-736.00660066	-0.00000550
-735.97359736	-0.00012142
-735.94059406	-0.00012754
-735.90759076	-0.00009607
-735.87458746	-0.00016590
-735.84158416	-0.00024854
-735.80858086	-0.00013938
-735.77557756	-0.00011854
-735.74257426	-0.00012028
-735.70957096	-0.00023920
-735.67656766	-0.00015379
-735.64356436	-0.00016510
-735.61056106	-0.00020631
-735.57755776	-0.00023841
-735.54455446	-0.00017131
-735.51155116	-0.00015245
-735.47854785	-0.00018595
-735.44554455	-0.00016601
-735.41254125	-0.00015218
-735.37953795	-0.00015111
-735.34653465	-0.00014451
-735.31353135	-0.00004071
-735.28052805	-0.00006916
-735.24752475	-0.00000855
-735.21452145	-0.00004478
-735.18151815	0.00003857
-735.14851485	-0.00003757
-735.11551155	0.00008216
-735.08250825	0.00007852
-735.04950495	0.00006613
-735.01650165	0.00013115
-734.98349835	0.00023399
-734.95049505	0.00019042
-734.91749175	0.00022564
-734.88448845	0.00024799
-734.85148515	0.00023801
-734.81848185	0.00030660
-734.78547855	0.00036991
-734.75247525	0.00038259
-734.71947195	0.00030566
-734.68646865	0.00038666
-734.65346535	0.00054724
-734.62046205	0.00055084
-734.58745875	0.00051433
-734.55445545	0.00052134
-734.52145215	0.00060737
-734.48844884	0.00057576
-734.45544554	0.00060643
-734.42244224	0.00065730
-734.38943894	0.00071812
-734.35643564	0.00073411
-734.32343234	0.00070102
-734.29042904	0.00068953
-734.25742574	0.00079591
-734.22442244	0.00073271
-734.19141914	0.00078390
-734.15841584	0.00077900
-734.12541254	0.00077100
-734.09240924	0.00073505
-734.05940594	0.00081114
-734.02640264	0.00077976
-733.99339934	0.00085821
-733.96039604	0.00068721
-733.92739274	0.00072813
-733.89438944	0.00084399
-733.86138614	0.00074282
-733.82838284	0.00078533
-733.79537954	0.00074245
-733.76237624	0.00076177
-733.72937294	0.00068938
-733.69636964	0.00063154
-733.66336634	0.00070594
-733.63036304	0.00071393
-733.59735974	0.00067472
-733.56435644	0.00061913
-733.53135314	0.00068501
-733.49834983	0.00065496
-733.46534653	0.00053044
-733.43234323	0.00058733
-733.39933993	0.00063472
-733.36633663	0.00046937
-733.33333333	0.00060029
-733.30033003	0.00040753
-733.26732673	0.00050778
-733.23432343	0.00058734
-733.20132013	0.00045557
-733.16831683	0.00048826
-733.13531353	0.00056157
-733.10231023	0.00049055
-733.06930693	0.00044661
-733.03630363	0.00049091
-733.00330033	0.00048001
-732.97029703	0.00049337
-732.93729373	0.00036482
-732.90429043	0.00049902
-732.87128713	0.00046396
-732.83828383	0.00040346
-732.80528053	0.00057867
-732.77227723	0.00059557
-732.73927393	0.00048367
-732.70627063	0.00044413
-732.67326733	0.00056818
-732.64026403	0.00064016
-732.60726073	0.00058437
-732.57425743	0.00067338
-732.54125413	0.00063613
-732.50825083	0.00067049
-732.47524752	0.00067162
-732.44224422	0.00066225
-732.40924092	0.00076865
-732.37623762	0.00065913
-732.34323432	0.00080981
-732.31023102	0.00082687
-732.27722772	0.00069129
-732.24422442	0.00089236
-732.21122112	0.00093811
-732.17821782	0.00072099
-732.14521452	0.00090149
-732.11221122	0.00079687
-732.07920792	0.00084228
-732.04620462	0.00087655
-732.01320132	0.00089123
-731.98019802	0.00080430
-731.94719472	0.00091165
-731.91419142	0.00088084
-731.88118812	0.00073755
-731.84818482	0.00091077
-731.81518152	0.00085314
-731.78217822	0.00082673
-731.74917492	0.00087436
-731.71617162	0.00085295
-731.68316832	0.00080867
-731.65016502	0.00078001
-731.61716172	0.00080145
-731.58415842	0.00077586
-731.55115512	0.00078198
-731.51815182	0.00074264
-731.48514851	0.00075675
-731.45214521	0.00079686
-731.41914191	0.00072917
-731.38613861	0.00073167
-731.35313531	0.00072554
-731.32013201	0.00072975
-731.28712871	0.00065540
-731.25412541	0.00056971
-731.22112211	0.00073141
-731.18811881	0.00066962
-731.15511551	0.00063444
-731.12211221	0.00064345
-731.08910891	0.00063387
-731.05610561	0.00058356
-731.02310231	0.00056426
-730.99009901	0.00057266
-730.95709571	0.00059155
-730.92409241	0.00061380
-730.89108911	0.00061663
-730.85808581	0.00054495
-730.82508251	0.00054541
-730.79207921	0.00057129
-730.75907591	0.00053646
-730.72607261	0.00052463
-730.69306931	0.00052761
-730.66006601	0.00059219
-730.62706271	0.00051431
-730.59405941	0.00055069
-730.56105611	0.00056895
-730.52805281	0.00060278
-730.49504950	0.00053411
-730.46204620	0.00070922
-730.42904290	0.00048413
-730.39603960	0.00067419
-730.36303630	0.00065007
-730.33003300	0.00071204
-730.29702970	0.00070026
-730.26402640	0.00064545
-730.23102310	0.00080470
-730.19801980	0.00077133
-730.16501650	0.00080337
-730.13201320	0.00079607
-730.09900990	0.00089310
-730.06600660	0.00090783
-730.03300330	0.00092272
-730.00000000	0.00092138
-729.96699670	0.00100780
-729.93399340	0.00110887
-729.90099010	0.00096391
-729.86798680	0.00112091
-729.83498350	0.00113005
-729.80198020	0.00112047
-729.76897690	0.00116287
-729.73597360	0.00123818
-729.70297030	0.00116460
-729.66996700	0.00117464
-729.63696370	0.00128564
-729.60396040	0.00114010
-729.57095710	0.00113165
-729.53795380	0.00111101
-729.50495050	0.00106490
-729.47194719	0.00103037
-729.43894389	0.00091464
-729.40594059	0.00081730
-729.37293729	0.00076278
-729.33993399	0.00059081
-729.30693069	0.00050132
-729.27392739	0.00031983
-729.24092409	0.00022113
-729.20792079	-0.00002692
-729.17491749	-0.00017245
-729.14191419	-0.00038134
-729.10891089	-0.00047514
-729.07590759	-0.00076928
-729.04290429	-0.00083875
-729.00990099	-0.00107260
-728.97689769	-0.00119540
-728.94389439	-0.00139189
-728.91089109	-0.00146113
-728.87788779	-0.00153135
-728.84488449	-0.00176907
-728.81188119	-0.00176738
-728.77887789	-0.00172962
-728.74587459	-0.00183663
-728.71287129	-0.00178884
-728.67986799	-0.00184708
-728.64686469	-0.00170187
-728.61386139	-0.00162741
-728.58085809	-0.00159323
-728.54785479	-0.00134451
-728.51485149	-0.00107322
-728.48184818	-0.00082649
-728.44884488	-0.00069072
-728.41584158	-0.00025449
-728.38283828	0.00008623
-728.34983498	0.00041302
-728.31683168	0.00073281
-728.28382838	0.00103757
-728.25082508	0.00131849
-728.21782178	0.00156980
-728.18481848	0.00174222
-728.15181518	0.00183738
-728.11881188	0.00191970
-728.08580858	0.00192750
-728.05280528	0.00185384
-728.01980198	0.00182713
-727.98679868	0.00168858
-727.95379538	0.00159164
-727.92079208	0.00143978
-727.88778878	0.00130588
-727.85478548	0.00108291
-727.82178218	0.00099642
-727.78877888	0.00088916
-727.75577558	0.00068038
-727.72277228	0.00068630
-727.68976898	0.00054667
-727.65676568	0.00055741
-727.62376238	0.00048674
-727.59075908	0.00040629
-727.55775578	0.00043353
-727.52475248	0.00045432
-727.49174917	0.00039014
-727.45874587	0.00041220
-727.42574257	0.00050276
-727.39273927	0.00035449
-727.35973597	0.00047735
-727.32673267	0.00038771
-727.29372937	0.00042153
-727.26072607	0.00051496
-727.22772277	0.00036324
-727.19471947	0.00041259
-727.16171617	0.00037529
-727.12871287	0.00034226
-727.09570957	0.00039760
-727.06270627	0.00035080
-727.02970297	0.00035196
-726.99669967	0.00042047
-726.96369637	0.00046694
-726.93069307	0.00042896
-726.89768977	0.00040036
-726.86468647	0.00047563
-726.83168317	0.00053454
-726.79867987	0.00055674
-726.76567657	0.00048177
-726.73267327	0.00059793
-726.69966997	0.00053365
-726.66666667	0.00055293
-726.63366337	0.00051835
-726.60066007	0.00043539
-726.56765677	0.00038952
-726.53465347	0.00038783
-726.50165017	0.00031255
-726.46864686	0.00034439
-726.43564356	0.00020936
-726.40264026	0.00032289
-726.36963696	0.00027481
-726.33663366	0.00037685
-726.30363036	0.00028639
-726.27062706	0.00049247
-726.23762376	0.00028969
-726.20462046	0.00053446
-726.17161716	0.00037404
-726.13861386	0.00051237
-726.10561056	0.00046778
-726.07260726	0.00048394
-726.03960396	0.00050351
-726.00660066	0.00045886
-725.97359736	0.00048855
-725.94059406	0.00035703
-725.90759076	0.00040277
-725.87458746	0.00035487
-725.84158416	0.00031386
-725.80858086	0.00028744
-725.77557756	0.00021346
-725.74257426	0.00032907
-725.70957096	0.00025675
-725.67656766	0.00026317
-725.64356436	0.00028847
-725.61056106	0.00032922
-725.57755776	0.00030596
-725.54455446	0.00026173
-725.51155116	0.00043737
-725.47854785	0.00052910
-725.44554455	0.00042875
-725.41254125	0.00061622
-725.37953795	0.00055029
-725.34653465	0.00066355
-725.31353135	0.00071154
-725.28052805	0.00080113
-725.24752475	0.00088829
-725.21452145	0.00096147
-725.18151815	0.00103580
-725.14851485	0.00117156
-725.11551155	0.00110791
-725.08250825	0.00137441
-725.04950495	0.00130269
-725.01650165	0.00150155
-724.98349835	0.00141040
-724.95049505	0.00152899
-724.91749175	0.00150966
-724.88448845	0.00156865
-724.85148515	0.00146036
-724.81848185	0.00139750
-724.78547855	0.00115381
-724.75247525	0.00105357
-724.71947195	0.00065811
-724.68646865	0.00048292
-724.65346535	-0.00010342
-724.62046205	-0.00053099
-724.58745875	-0.00105276
-724.55445545	-0.00163836
-724.52145215	-0.00218157
-724.48844884	-0.00290796
-724.45544554	-0.00330652
-724.42244224	-0.00376764
-724.38943894	-0.00418776
-724.35643564	-0.00423374
-724.32343234	-0.00439655
-724.29042904	-0.00423157
-724.25742574	-0.00404737
-724.22442244	-0.00353592
-724.19141914	-0.00300699
-724.15841584	-0.00236941
-724.12541254	-0.00167843
-724.09240924	-0.00116397
-724.05940594	-0.00029262
-724.02640264	0.00012850
-723.99339934	0.00072474
-723.96039604	0.00111041
-723.92739274	0.00142929
-723.89438944	0.00176590
-723.86138614	0.00178162
-723.82838284	0.00194917
-723.79537954	0.00195364
-723.76237624	0.00186544
-723.72937294	0.00186118
-723.69636964	0.00173277
-723.66336634	0.00157356
-723.63036304	0.00142530
-723.59735974	0.00122404
-723.56435644	0.00110342
-723.53135314	0.00101033
-723.49834983	0.00089862
-723.46534653	0.00072741
-723.43234323	0.00063969
-723.39933993	0.00054706
-723.36633663	0.00052051
-723.33333333	0.00055006
-723.30033003	0.00051121
-723.26732673	0.00048745
-723.23432343	0.00048453
-723.20132013	0.00038417
-723.16831683	0.00039434
-723.13531353	0.00028722
-723.10231023	0.00026694
-723.06930693	0.00009538
-723.03630363	0.00012511
-723.00330033	-0.00010814
-722.97029703	-0.00013807
-722.93729373	-0.00022440
-722.90429043	-0.00016317
-722.87128713	-0.00025862
-722.83828383	-0.00013821
-722.80528053	-0.00009251
-722.77227723	0.00000111
-722.73927393	0.00017605
-722.70627063	0.00022911
-722.67326733	0.00050308
-722.64026403	0.00049626
-722.60726073	0.00069929
-722.57425743	0.00063071
-722.54125413	0.00073250
-722.50825083	0.00070694
-722.47524752	0.00063759
-722.44224422	0.00057646
-722.40924092	0.00044266
-722.37623762	0.00046895
-722.34323432	0.00024339
-722.31023102	0.00018614
-722.27722772	0.00024777
-722.24422442	0.00007637
-722.21122112	0.00017712
-722.17821782	0.00024384
-722.14521452	0.00021651
-722.11221122	0.00037704
-722.07920792	0.00045414
-722.04620462	0.00044433
-722.01320132	0.00050704
-721.98019802	0.00046437
-721.94719472	0.00040124
-721.91419142	0.00036460
-721.88118812	0.00006836
-721.84818482	-0.00000139
-721.81518152	-0.00028035
-721.78217822	-0.00049450
-721.74917492	-0.00086696
-721.71617162	-0.00098148
-721.68316832	-0.00136560
-721.65016502	-0.00167656
-721.61716172	-0.00188842
-721.58415842	-0.00228283
-721.55115512	-0.00257973
-721.51815182	-0.00293904
-721.48514851	-0.00337143
-721.45214521	-0.00381177
-721.41914191	-0.00426581
-721.38613861	-0.00474843
-721.35313531	-0.00536495
-721.32013201	-0.00592033
-721.28712871	-0.00660287
-721.25412541	-0.00695200
-721.22112211	-0.00736583
-721.18811881	-0.00766917
-721.15511551	-0.00776245
-721.12211221	-0.00760134
-721.08910891	-0.00720414
-721.05610561	-0.00649488
-721.02310231	-0.00564456
-720.99009901	-0.00451328
-720.95709571	-0.00326353
-720.92409241	-0.00200733
-720.89108911	-0.00070079
-720.85808581	0.00049010
-720.82508251	0.00149808
-720.79207921	0.00235085
-720.75907591	0.00293401
-720.72607261	0.00344925
-720.69306931	0.00371566
-720.66006601	0.00383791
-720.62706271	0.00392305
-720.59405941	0.00380420
-720.56105611	0.00384741
-720.52805281	0.00383287
-720.49504950	0.00388476
-720.46204620	0.00386991
-720.42904290	0.00384775
-720.39603960	0.00387345
-720.36303630	0.00380766
-720.33003300	0.00367108
-720.29702970	0.00343711
-720.26402640	0.00316437
-720.23102310	0.00280787
-720.19801980	0.00227374
-720.16501650	0.00176516
-720.13201320	0.00117854
-720.09900990	0.00044726
-720.06600660	-0.00008497
-720.03300330	-0.00088446
-720.00000000	-0.00171097
-719.96699670	-0.00245696
-719.93399340	-0.00330905
-719.90099010	-0.00430718
-719.86798680	-0.00546790
-719.83498350	-0.00640777
-719.80198020	-0.00783904
-719.76897690	-0.00906061
-719.73597360	-0.01053906
-719.70297030	-0.01203951
-719.66996700	-0.01340089
-719.63696370	-0.01493008
-719.60396040	-0.01608162
-719.57095710	-0.01707051
-719.53795380	-0.01792652
-719.50495050	-0.01807362
-719.47194719	-0.01782106
-719.43894389	-0.01717706
-719.40594059	-0.01586276
-719.37293729	-0.01410966
-719.33993399	-0.01205241
-719.30693069	-0.00954205
-719.27392739	-0.00709409
-719.24092409	-0.00467202
-719.20792079	-0.00238780
-719.17491749	-0.00042558
-719.14191419	0.00110495
-719.10891089	0.00220499
-719.07590759	0.00281085
-719.04290429	0.00297355
-719.00990099	0.00295579
-718.97689769	0.00259344
-718.94389439	0.00210973
-718.91089109	0.00147184
-718.87788779	0.00103567
-718.84488449	0.00034016
-718.81188119	-0.00002515
-718.77887789	-0.00058146
-718.74587459	-0.00086731
-718.71287129	-0.00105159
-718.67986799	-0.00117562
-718.64686469	-0.00119286
-718.61386139	-0.00096093
-718.58085809	-0.00052732
-718.54785479	0.00004910
-718.51485149	0.00098182
-718.48184818	0.00209556
-718.44884488	0.00349625
-718.41584158	0.00516524
-718.38283828	0.00687219
-718.34983498	0.00894661
-718.31683168	0.01117560
-718.28382838	0.01357512
-718.25082508	0.01605062
-718.21782178	0.01895891
-718.18481848	0.02209071
-718.15181518	0.02541537
-718.11881188	0.02929086
-718.08580858	0.03350780
-718.05280528	0.03833200
-718.01980198	0.04374281
-717.98679868	0.04952738
-717.95379538	0.05604204
-717.92079208	0.06298893
-717.88778878	0.07041921
-717.85478548	0.07830228
-717.82178218	0.08645821
-717.78877888	0.09484017
-717.75577558	0.10353886
-717.72277228	0.11217240
-717.68976898	0.12097626
-717.65676568	0.12988313
-717.62376238	0.13903595
-717.59075908	0.14841979
-717.55775578	0.15832380
-717.52475248	0.16894551
-717.49174917	0.18059665
-717.45874587	0.19371974
-717.42574257	0.20823650
-717.39273927	0.22471648
-717.35973597	0.24311589
-717.32673267	0.26378058
-717.29372937	0.28652392
-717.26072607	0.31086334
-717.22772277	0.33680566
-717.19471947	0.36342335
-717.16171617	0.38998659
-717.12871287	0.41543917
-717.09570957	0.43860373
-717.06270627	0.45798108
-717.02970297	0.47222675
-716.99669967	0.48019691
-716.96369637	0.48021646
-716.93069307	0.47138872
-716.89768977	0.45300968
-716.86468647	0.42416221
-716.83168317	0.38525520
-716.79867987	0.33639225
-716.76567657	0.27826456
-716.73267327	0.21231311
-716.69966997	0.13917026
-716.66666667	0.06046643
-716.63366337	-0.02287324
-716.60066007	-0.11036733
-716.56765677	-0.20148408
-716.53465347	-0.29730082
-716.50165017	-0.39857604
-716.46864686	-0.50690541
-716.43564356	-0.62437253
-716.40264026	-0.75261018
-716.36963696	-0.89248593
-716.33663366	-1.04388210
-716.30363036	-1.20472661
-716.27062706	-1.37109143
-716.23762376	-1.53640827
-716.20462046	-1.69206554
-716.17161716	-1.82760602
-716.13861386	-1.93188375
-716.10561056	-1.99302202
-716.07260726	-2.00128999
-716.03960396	-1.94900410
-716.00660066	-1.83234535
-715.97359736	-1.65184292
-715.94059406	-1.41297774
-715.90759076	-1.12535612
-715.87458746	-0.80340262
-715.84158416	-0.46319537
-715.80858086	-0.12296338
-715.77557756	0.20039111
-715.74257426	0.49270846
-715.70957096	0.74287500
-715.67656766	0.94443524
-715.64356436	1.09445485
-715.61056106	1.19433011
-715.57755776	1.24818166
-715.54455446	1.26145987
-715.51155116	1.24050130
-715.47854785	1.19235944
-715.44554455	1.12273241
-715.41254125	1.03756132
-715.37953795	0.94195279
-715.34653465	0.84061200
-715.31353135	0.73778818
-715.28052805	0.63694618
-715.24752475	0.54191256
-715.21452145	0.45573975
-715.18151815	0.38043068
-715.14851485	0.31812441
-715.11551155	0.26947536
-715.08250825	0.23418335
-715.04950495	0.21127913
-715.01650165	0.19818721
-714.98349835	0.19165829
-714.95049505	0.18788002
-714.91749175	0.18289540
-714.88448845	0.17414200
-714.85148515	0.15899446
-714.81848185	0.13727633
-714.78547855	0.10958886
-714.75247525	0.07798974
-714.71947195	0.04529369
-714.68646865	0.01487656
-714.65346535	-0.00987271
-714.62046205	-0.02611452
-714.58745875	-0.03168966
-714.55445545	-0.02506412
-714.52145215	-0.00630017
-714.48844884	0.02368494
-714.45544554	0.06238868
-714.42244224	0.10619007
-714.38943894	0.15110732
-714.35643564	0.19178164
-714.32343234	0.22393219
-714.29042904	0.24339237
-714.25742574	0.24723239
-714.22442244	0.23441092
-714.19141914	0.20504962
-714.15841584	0.16162155
-714.12541254	0.10741590
-714.09240924	0.04717770
-714.05940594	-0.01399046
-714.02640264	-0.07106104
-713.99339934	-0.11940677
-713.96039604	-0.15568089
-713.92739274	-0.17701792
-713.89438944	-0.18308713
-713.86138614	-0.17432016
-713.82838284	-0.15295778
-713.79537954	-0.12289713
-713.76237624	-0.08767705
-713.72937294	-0.05164769
-713.69636964	-0.01882893
-713.66336634	0.00865786
-713.63036304	0.02875660
-713.59735974	0.04141304
-713.56435644	0.04702249
-713.53135314	0.04711864
-713.49834983	0.04273293
-713.46534653	0.03510340
-713.43234323	0.02549916
-713.39933993	0.01438781
-713.36633663	0.00205271
-713.33333333	-0.01068111
-713.30033003	-0.02348780
-713.26732673	-0.03601513
-713.23432343	-0.04759835
-713.20132013	-0.05788700
-713.16831683	-0.06655941
-713.13531353	-0.07319770
-713.10231023	-0.07823940
-713.06930693	-0.08172449
-713.03630363	-0.08404400
-713.00330033	-0.08538252
-712.97029703	-0.08588624
-712.93729373	-0.08530571
-712.90429043	-0.08334874
-712.87128713	-0.07946153
-712.83828383	-0.07255233
-712.80528053	-0.06184960
-712.77227723	-0.04630939
-712.73927393	-0.02559483
-712.70627063	0.00005665
-712.67326733	0.03008510
-712.64026403	0.06256123
-712.60726073	0.09564043
-712.57425743	0.12649378
-712.54125413	0.15261058
-712.50825083	0.17142942
-712.47524752	0.18120810
-712.44224422	0.18048714
-712.40924092	0.16850318
-712.37623762	0.14583018
-712.34323432	0.11345256
-712.31023102	0.07307594
-712.27722772	0.02786300
-712.24422442	-0.01874067
-712.21122112	-0.06337912
-712.17821782	-0.10190067
-712.14521452	-0.13105876
-712.11221122	-0.14832667
-712.07920792	-0.15278549
-712.04620462	-0.14438854
-712.01320132	-0.12469053
-711.98019802	-0.09681061
-711.94719472	-0.06424225
-711.91419142	-0.03101438
-711.88118812	-0.00101703
-711.84818482	0.02244795
-711.81518152	0.03718515
-711.78217822	0.04242342
-711.74917492	0.03768283
-711.71617162	0.02459251
-711.68316832	0.00509536
-711.65016502	-0.01824802
-711.61716172	-0.04266494
-711.58415842	-0.06549331
-711.55115512	-0.08453624
-711.51815182	-0.09849835
-711.48514851	-0.10666443
-711.45214521	-0.10918347
-711.41914191	-0.10641955
-711.38613861	-0.09923476
-711.35313531	-0.08833755
-711.32013201	-0.07445487
-711.28712871	-0.05827733
-711.25412541	-0.04034636
-711.22112211	-0.02142077
-711.18811881	-0.00212198
-711.15511551	0.01687929
-711.12211221	0.03441143
-711.08910891	0.04979993
-711.05610561	0.06187246
-711.02310231	0.07021821
-710.99009901	0.07458880
-710.95709571	0.07501937
-710.92409241	0.07217931
-710.89108911	0.06712152
-710.85808581	0.06098079
-710.82508251	0.05528335
-710.79207921	0.05041560
-710.75907591	0.04703569
-710.72607261	0.04484308
-710.69306931	0.04307026
-710.66006601	0.04046090
-710.62706271	0.03593364
-710.59405941	0.02865568
-710.56105611	0.01816909
-710.52805281	0.00505042
-710.49504950	-0.00988842
-710.46204620	-0.02480766
-710.42904290	-0.03832028
-710.39603960	-0.04945595
-710.36303630	-0.05723895
-710.33003300	-0.06243134
-710.29702970	-0.06551586
-710.26402640	-0.06785204
-710.23102310	-0.07040154
-710.19801980	-0.07361958
-710.16501650	-0.07826355
-710.13201320	-0.08319528
-710.09900990	-0.08822421
-710.06600660	-0.09219791
-710.03300330	-0.09393241
-710.00000000	-0.09299482
-709.96699670	-0.08866223
-709.93399340	-0.08098440
-709.90099010	-0.07011059
-709.86798680	-0.05670557
-709.83498350	-0.04167729
-709.80198020	-0.02572670
-709.76897690	-0.01004857
-709.73597360	0.00464324
-709.70297030	0.01742488
-709.66996700	0.02785381
-709.63696370	0.03522253
-709.60396040	0.03933239
-709.57095710	0.03986903
-709.53795380	0.03744393
-709.50495050	0.03223754
-709.47194719	0.02543005
-709.43894389	0.01786910
-709.40594059	0.01063719
-709.37293729	0.00499468
-709.33993399	0.00169332
-709.30693069	0.00120699
-709.27392739	0.00358764
-709.24092409	0.00863178
-709.20792079	0.01597512
-709.17491749	0.02447535
-709.14191419	0.03328113
-709.10891089	0.04160033
-709.07590759	0.04865714
-709.04290429	0.05382268
-709.00990099	0.05733701
-708.97689769	0.05947253
-708.94389439	0.06043442
-708.91089109	0.06087595
-708.87788779	0.06046291
-708.84488449	0.05927531
-708.81188119	0.05647531
-708.77887789	0.05123044
-708.74587459	0.04330588
-708.71287129	0.03162596
-708.67986799	0.01677742
-708.64686469	-0.00005256
-708.61386139	-0.01833014
-708.58085809	-0.03643328
-708.54785479	-0.05287341
-708.51485149	-0.06712697
-708.48184818	-0.07814211
-708.44884488	-0.08588456
-708.41584158	-0.09018889
-708.38283828	-0.09139166
-708.34983498	-0.08997321
-708.31683168	-0.08581520
-708.28382838	-0.07981446
-708.25082508	-0.07254303
-708.21782178	-0.06429441
-708.18481848	-0.05553671
-708.15181518	-0.04699903
-708.11881188	-0.03922962
-708.08580858	-0.03230733
-708.05280528	-0.02662617
-708.01980198	-0.02217735
-707.98679868	-0.01863081
-707.95379538	-0.01544413
-707.92079208	-0.01226524
-707.88778878	-0.00832250
-707.85478548	-0.00304033
-707.82178218	0.00355576
-707.78877888	0.01133106
-707.75577558	0.02004480
-707.72277228	0.02855729
-707.68976898	0.03615085
-707.65676568	0.04225668
-707.62376238	0.04567113
-707.59075908	0.04642805
-707.55775578	0.04449452
-707.52475248	0.04018246
-707.49174917	0.03434190
-707.45874587	0.02781555
-707.42574257	0.02158953
-707.39273927	0.01704616
-707.35973597	0.01430974
-707.32673267	0.01409438
-707.29372937	0.01664875
-707.26072607	0.02135886
-707.22772277	0.02794703
-707.19471947	0.03573416
-707.16171617	0.04393638
-707.12871287	0.05235413
-707.09570957	0.06037426
-707.06270627	0.06788686
-707.02970297	0.07454278
-706.99669967	0.08038090
-706.96369637	0.08507520
-706.93069307	0.08804170
-706.89768977	0.08902571
-706.86468647	0.08715334
-706.83168317	0.08187054
-706.79867987	0.07276600
-706.76567657	0.05931732
-706.73267327	0.04161564
-706.69966997	0.01983184
-706.66666667	-0.00487407
-706.63366337	-0.03097162
-706.60066007	-0.05694752
-706.56765677	-0.08052388
-706.53465347	-0.10002644
-706.50165017	-0.11357829
-706.46864686	-0.12048930
-706.43564356	-0.12077451
-706.40264026	-0.11506925
-706.36963696	-0.10463906
-706.33663366	-0.09135467
-706.30363036	-0.07689385
-706.27062706	-0.06258599
-706.23762376	-0.04996462
-706.20462046	-0.03924116
-706.17161716	-0.03053873
-706.13861386	-0.02358842
-706.10561056	-0.01774647
-706.07260726	-0.01213313
-706.03960396	-0.00654170
-706.00660066	-0.00061158
-705.97359736	0.00566932
-705.94059406	0.01154895
-705.90759076	0.01670991
-705.87458746	0.02015650
-705.84158416	0.02141389
-705.80858086	0.02037296
-705.77557756	0.01732916
-705.74257426	0.01300551
-705.70957096	0.00845940
-705.67656766	0.00480430
-705.64356436	0.00299313
-705.61056106	0.00342942
-705.57755776	0.00610841
-705.54455446	0.01051504
-705.51155116	0.01602131
-705.47854785	0.02159209
-705.44554455	0.02654425
-705.41254125	0.03014101
-705.37953795	0.03270177
-705.34653465	0.03408630
-705.31353135	0.03482324
-705.28052805	0.03527707
-705.24752475	0.03567076
-705.21452145	0.03584688
-705.18151815	0.03554699
-705.14851485	0.03473147
-705.11551155	0.03260600
-705.08250825	0.02899255
-705.04950495	0.02422041
-705.01650165	0.01799003
-704.98349835	0.01100320
-704.95049505	0.00366710
-704.91749175	-0.00373474
-704.88448845	-0.01101134
-704.85148515	-0.01774862
-704.81848185	-0.02381521
-704.78547855	-0.02935725
-704.75247525	-0.03410954
-704.71947195	-0.03822319
-704.68646865	-0.04166894
-704.65346535	-0.04441065
-704.62046205	-0.04657547
-704.58745875	-0.04830161
-704.55445545	-0.04966033
-704.52145215	-0.05118911
-704.48844884	-0.05249488
-704.45544554	-0.05343097
-704.42244224	-0.05362104
-704.38943894	-0.05233375
-704.35643564	-0.04873816
-704.32343234	-0.04225548
-704.29042904	-0.03255686
-704.25742574	-0.01943179
-704.22442244	-0.00358220
-704.19141914	0.01427424
-704.15841584	0.03293336
-704.12541254	0.05137263
-704.09240924	0.06829051
-704.05940594	0.08260287
-704.02640264	0.09328976
-703.99339934	0.09960162
-703.96039604	0.10087732
-703.92739274	0.09680383
-703.89438944	0.08725240
-703.86138614	0.07218614
-703.82838284	0.05302549
-703.79537954	0.03040946
-703.76237624	0.00622513
-703.72937294	-0.01758941
-703.69636964	-0.03935364
-703.66336634	-0.05676675
-703.63036304	-0.06833159
-703.59735974	-0.07302369
-703.56435644	-0.06978226
-703.53135314	-0.05896718
-703.49834983	-0.04150690
-703.46534653	-0.01867573
-703.43234323	0.00743318
-703.39933993	0.03440537
-703.36633663	0.06025312
-703.33333333	0.08273884
-703.30033003	0.10014755
-703.26732673	0.11116583
-703.23432343	0.11577316
-703.20132013	0.11367200
-703.16831683	0.10522833
-703.13531353	0.09177903
-703.10231023	0.07414352
-703.06930693	0.05394085
-703.03630363	0.03297427
-703.00330033	0.01287306
-702.97029703	-0.00479543
-702.93729373	-0.01874918
-702.90429043	-0.02805380
-702.87128713	-0.03230753
-702.83828383	-0.03192305
-702.80528053	-0.02753270
-702.77227723	-0.02016513
-702.73927393	-0.01129124
-702.70627063	-0.00225300
-702.67326733	0.00576980
-702.64026403	0.01163758
-702.60726073	0.01484193
-702.57425743	0.01501941
-702.54125413	0.01243903
-702.50825083	0.00745468
-702.47524752	0.00089254
-702.44224422	-0.00642583
-702.40924092	-0.01360406
-702.37623762	-0.02004285
-702.34323432	-0.02560225
-702.31023102	-0.03021596
-702.27722772	-0.03462189
-702.24422442	-0.03963441
-702.21122112	-0.04645921
-702.17821782	-0.05610651
-702.14521452	-0.06922118
-702.11221122	-0.08643083
-702.07920792	-0.10710910
-702.04620462	-0.13006013
-702.01320132	-0.15396124
-701.98019802	-0.17631176
-701.94719472	-0.19478563
-701.91419142	-0.20726175
-701.88118812	-0.21185774
-701.84818482	-0.20705034
-701.81518152	-0.19254824
-701.78217822	-0.16859342
-701.74917492	-0.13564976
-701.71617162	-0.09597407
-701.68316832	-0.05118686
-701.65016502	-0.00383420
-701.61716172	0.04293039
-701.58415842	0.08656718
-701.55115512	0.12452677
-701.51815182	0.15437307
-701.48514851	0.17479201
-701.45214521	0.18502729
-701.41914191	0.18486762
-701.38613861	0.17580965
-701.35313531	0.15953317
-701.32013201	0.13821366
-701.28712871	0.11404225
-701.25412541	0.08954776
-701.22112211	0.06603344
-701.18811881	0.04462240
-701.15511551	0.02557391
-701.12211221	0.00791469
-701.08910891	-0.00932785
-701.05610561	-0.02745160
-701.02310231	-0.04775755
-700.99009901	-0.07055109
-700.95709571	-0.09557974
-700.92409241	-0.12145064
-700.89108911	-0.14618643
-700.85808581	-0.16741046
-700.82508251	-0.18202696
-700.79207921	-0.18818473
-700.75907591	-0.18440780
-700.72607261	-0.17000641
-700.69306931	-0.14545158
-700.66006601	-0.11262531
-700.62706271	-0.07357398
-700.59405941	-0.03107818
-700.56105611	0.01210945
-700.52805281	0.05364402
-700.49504950	0.09135561
-700.46204620	0.12395417
-700.42904290	0.15071694
-700.39603960	0.17102665
-700.36303630	0.18536855
-700.33003300	0.19380908
-700.29702970	0.19707217
-700.26402640	0.19619779
-700.23102310	0.19211810
-700.19801980	0.18607450
-700.16501650	0.17919783
-700.13201320	0.17273917
-700.09900990	0.16749351
-700.06600660	0.16397979
-700.03300330	0.16217264
-700.00000000	0.16174487
-699.96699670	0.16163995
-699.93399340	0.16097439
-699.90099010	0.15851006
-699.86798680	0.15291090
-699.83498350	0.14310076
-699.80198020	0.12829838
-699.76897690	0.10822960
-699.73597360	0.08270093
-699.70297030	0.05235854
-699.66996700	0.01838102
-699.63696370	-0.01806150
-699.60396040	-0.05474998
-699.57095710	-0.09013473
-699.53795380	-0.12210199
-699.50495050	-0.14902399
-699.47194719	-0.16970000
-699.43894389	-0.18373769
-699.40594059	-0.19121256
-699.37293729	-0.19240978
-699.33993399	-0.18810635
-699.30693069	-0.17948610
-699.27392739	-0.16724730
-699.24092409	-0.15167516
-699.20792079	-0.13334961
-699.17491749	-0.11270747
-699.14191419	-0.08968866
-699.10891089	-0.06496810
-699.07590759	-0.03905558
-699.04290429	-0.01318344
-699.00990099	0.01116568
-698.97689769	0.03250321
-698.94389439	0.04937687
-698.91089109	0.06066235
-698.87788779	0.06546560
-698.84488449	0.06362338
-698.81188119	0.05600321
-698.77887789	0.04362284
-698.74587459	0.02818827
-698.71287129	0.01165089
-698.67986799	-0.00432017
-698.64686469	-0.01816162
-698.61386139	-0.02891632
-698.58085809	-0.03596052
-698.54785479	-0.03982992
-698.51485149	-0.04046431
-698.48184818	-0.03869030
-698.44884488	-0.03570041
-698.41584158	-0.03222459
-698.38283828	-0.02897923
-698.34983498	-0.02653253
-698.31683168	-0.02447283
-698.28382838	-0.02296604
-698.25082508	-0.02098380
-698.21782178	-0.01777745
-698.18481848	-0.01264623
-698.15181518	-0.00510899
-698.11881188	0.00459264
-698.08580858	0.01613820
-698.05280528	0.02868242
-698.01980198	0.04063665
-697.98679868	0.05079339
-697.95379538	0.05837446
-697.92079208	0.06212306
-697.88778878	0.06175040
-697.85478548	0.05708838
-697.82178218	0.04862240
-697.78877888	0.03685714
-697.75577558	0.02282759
-697.72277228	0.00737749
-697.68976898	-0.00844802
-697.65676568	-0.02373750
-697.62376238	-0.03738291
-697.59075908	-0.04870859
-697.55775578	-0.05720438
-697.52475248	-0.06240646
-697.49174917	-0.06452357
-697.45874587	-0.06348908
-697.42574257	-0.05946888
-697.39273927	-0.05347912
-697.35973597	-0.04573162
-697.32673267	-0.03684525
-697.29372937	-0.02771116
-697.26072607	-0.01832285
-697.22772277	-0.00955902
-697.19471947	-0.00158696
-697.16171617	0.00547659
-697.12871287	0.01103787
-697.09570957	0.01556308
-697.06270627	0.01895026
-697.02970297	0.02099680
-696.99669967	0.02211421
-696.96369637	0.02240978
-696.93069307	0.02170027
-696.89768977	0.02009372
-696.86468647	0.01766680
-696.83168317	0.01423745
-696.79867987	0.00986712
-696.76567657	0.00479993
-696.73267327	-0.00089160
-696.69966997	-0.00691844
-696.66666667	-0.01243150
-696.63366337	-0.01725098
-696.60066007	-0.02046545
-696.56765677	-0.02167150
-696.53465347	-0.02033959
-696.50165017	-0.01621355
-696.46864686	-0.00926485
-696.43564356	0.00032104
-696.40264026	0.01193191
-696.36963696	0.02493001
-696.33663366	0.03818429
-696.30363036	0.05066965
-696.27062706	0.06142692
-696.23762376	0.06939614
-696.20462046	0.07386746
-696.17161716	0.07419894
-696.13861386	0.07011211
-696.10561056	0.06182098
-696.07260726	0.04978698
-696.03960396	0.03469383
-696.00660066	0.01777712
-695.97359736	0.00012168
-695.94059406	-0.01688643
-695.90759076	-0.03227193
-695.87458746	-0.04504303
-695.84158416	-0.05443861
-695.80858086	-0.06061481
-695.77557756	-0.06335032
-695.74257426	-0.06305418
-695.70957096	-0.06022687
-695.67656766	-0.05569348
-695.64356436	-0.04977228
-695.61056106	-0.04284625
-695.57755776	-0.03574125
-695.54455446	-0.02832031
-695.51155116	-0.02093526
-695.47854785	-0.01371131
-695.44554455	-0.00676988
-695.41254125	-0.00004137
-695.37953795	0.00604718
-695.34653465	0.01097861
-695.31353135	0.01446570
-695.28052805	0.01598225
-695.24752475	0.01515894
-695.21452145	0.01200038
-695.18151815	0.00702922
-695.14851485	0.00082675
-695.11551155	-0.00535970
-695.08250825	-0.01050444
-695.04950495	-0.01345218
-695.01650165	-0.01373959
-694.98349835	-0.01106298
-694.95049505	-0.00536185
-694.91749175	0.00257707
-694.88448845	0.01202794
-694.85148515	0.02208126
-694.81848185	0.03186663
-694.78547855	0.04059971
-694.75247525	0.04763856
-694.71947195	0.05222855
-694.68646865	0.05416284
-694.65346535	0.05322326
-694.62046205	0.04932035
-694.58745875	0.04296118
-694.55445545	0.03417336
-694.52145215	0.02375092
-694.48844884	0.01255486
-694.45544554	0.00104259
-694.42244224	-0.00987811
-694.38943894	-0.01929943
-694.35643564	-0.02702814
-694.32343234	-0.03226571
-694.29042904	-0.03476829
-694.25742574	-0.03489367
-694.22442244	-0.03280167
-694.19141914	-0.02885579
-694.15841584	-0.02397630
-694.12541254	-0.01884733
-694.09240924	-0.01406955
-694.05940594	-0.01030355
-694.02640264	-0.00813274
-693.99339934	-0.00713913
-693.96039604	-0.00738120
-693.92739274	-0.00901212
-693.89438944	-0.01137224
-693.86138614	-0.01412584
-693.82838284	-0.01681556
-693.79537954	-0.01901860
-693.76237624	-0.02026325
-693.72937294	-0.02011551
-693.69636964	-0.01834136
-693.66336634	-0.01473008
-693.63036304	-0.00980471
-693.59735974	-0.00345678
-693.56435644	0.00359411
-693.53135314	0.01065106
-693.49834983	0.01692227
-693.46534653	0.02165744
-693.43234323	0.02457634
-693.39933993	0.02498055
-693.36633663	0.02309787
-693.33333333	0.01917423
-693.30033003	0.01343299
-693.26732673	0.00704424
-693.23432343	0.00064332
-693.20132013	-0.00500143
-693.16831683	-0.00921694
-693.13531353	-0.01150228
-693.10231023	-0.01182575
-693.06930693	-0.01017782
-693.03630363	-0.00711483
-693.00330033	-0.00261001
-692.97029703	0.00262713
-692.93729373	0.00817935
-692.90429043	0.01408548
-692.87128713	0.01981486
-692.83828383	0.02504489
-692.80528053	0.02965196
-692.77227723	0.03297246
-692.73927393	0.03510030
-692.70627063	0.03542265
-692.67326733	0.03400983
-692.64026403	0.03074675
-692.60726073	0.02590576
-692.57425743	0.01975360
-692.54125413	0.01289535
-692.50825083	0.00587507
-692.47524752	-0.00076520
-692.44224422	-0.00658565
-692.40924092	-0.01098715
-692.37623762	-0.01418327
-692.34323432	-0.01577917
-692.31023102	-0.01598700
-692.27722772	-0.01505971
-692.24422442	-0.01324382
-692.21122112	-0.01094377
-692.17821782	-0.00832630
-692.14521452	-0.00602707
-692.11221122	-0.00427643
-692.07920792	-0.00319150
-692.04620462	-0.00299228
-692.01320132	-0.00380737
-691.98019802	-0.00550689
-691.94719472	-0.00784049
-691.91419142	-0.01079175
-691.88118812	-0.01411601
-691.84818482	-0.01727866
-691.81518152	-0.02048506
-691.78217822	-0.02345121
-691.74917492	-0.02562133
-691.71617162	-0.02753545
-691.68316832	-0.02854924
-691.65016502	-0.02896022
-691.61716172	-0.02890876
-691.58415842	-0.02815511
-691.55115512	-0.02690070
-691.51815182	-0.02542737
-691.48514851	-0.02319925
-691.45214521	-0.02064871
-691.41914191	-0.01751358
-691.38613861	-0.01345534
-691.35313531	-0.00870497
-691.32013201	-0.00280781
-691.28712871	0.00394619
-691.25412541	0.01179236
-691.22112211	0.02038595
-691.18811881	0.02948292
-691.15511551	0.03864153
-691.12211221	0.04693750
-691.08910891	0.05368186
-691.05610561	0.05798956
-691.02310231	0.05886392
-690.99009901	0.05600983
-690.95709571	0.04928695
-690.92409241	0.03889888
-690.89108911	0.02561292
-690.85808581	0.01108166
-690.82508251	-0.00331869
-690.79207921	-0.01592606
-690.75907591	-0.02511905
-690.72607261	-0.02994556
-690.69306931	-0.02979408
-690.66006601	-0.02472727
-690.62706271	-0.01578154
-690.59405941	-0.00437794
-690.56105611	0.00794045
-690.52805281	0.01899732
-690.49504950	0.02708454
-690.46204620	0.03095153
-690.42904290	0.02993506
-690.39603960	0.02368818
-690.36303630	0.01303120
-690.33003300	-0.00051215
-690.29702970	-0.01586589
-690.26402640	-0.03107429
-690.23102310	-0.04415810
-690.19801980	-0.05433339
-690.16501650	-0.06038016
-690.13201320	-0.06191314
-690.09900990	-0.05938255
-690.06600660	-0.05309237
-690.03300330	-0.04412624
-690.00000000	-0.03366693
-689.96699670	-0.02269782
-689.93399340	-0.01200464
-689.90099010	-0.00253023
-689.86798680	0.00573229
-689.83498350	0.01273215
-689.80198020	0.01839050
-689.76897690	0.02332591
-689.73597360	0.02766518
-689.70297030	0.03137179
-689.66996700	0.03484645
-689.63696370	0.03766738
-689.60396040	0.03965542
-689.57095710	0.04046012
-689.53795380	0.04011110
-689.50495050	0.03862222
-689.47194719	0.03598089
-689.43894389	0.03267761
-689.40594059	0.02906339
-689.37293729	0.02585709
-689.33993399	0.02289913
-689.30693069	0.02050036
-689.27392739	0.01862811
-689.24092409	0.01665703
-689.20792079	0.01447787
-689.17491749	0.01163506
-689.14191419	0.00783719
-689.10891089	0.00312132
-689.07590759	-0.00246236
-689.04290429	-0.00811958
-689.00990099	-0.01337469
-688.97689769	-0.01737750
-688.94389439	-0.01978279
-688.91089109	-0.01986108
-688.87788779	-0.01783145
-688.84488449	-0.01376861
-688.81188119	-0.00771301
-688.77887789	-0.00075746
-688.74587459	0.00634012
-688.71287129	0.01305746
-688.67986799	0.01850732
-688.64686469	0.02213285
-688.61386139	0.02371938
-688.58085809	0.02299639
-688.54785479	0.02022266
-688.51485149	0.01573751
-688.48184818	0.00972977
-688.44884488	0.00300863
-688.41584158	-0.00419737
-688.38283828	-0.01107187
-688.34983498	-0.01736613
-688.31683168	-0.02254722
-688.28382838	-0.02670555
-688.25082508	-0.02972205
-688.21782178	-0.03169849
-688.18481848	-0.03283241
-688.15181518	-0.03337087
-688.11881188	-0.03323466
-688.08580858	-0.03259876
-688.05280528	-0.03120280
-688.01980198	-0.02873374
-687.98679868	-0.02490358
-687.95379538	-0.01967650
-687.92079208	-0.01301741
-687.88778878	-0.00495354
-687.85478548	0.00375356
-687.82178218	0.01265733
-687.78877888	0.02110417
-687.75577558	0.02816923
-687.72277228	0.03322772
-687.68976898	0.03606780
-687.65676568	0.03606776
-687.62376238	0.03365625
-687.59075908	0.02927360
-687.55775578	0.02333060
-687.52475248	0.01663230
-687.49174917	0.00993946
-687.45874587	0.00418917
-687.42574257	-0.00009762
-687.39273927	-0.00259975
-687.35973597	-0.00290966
-687.32673267	-0.00121624
-687.29372937	0.00228926
-687.26072607	0.00758653
-687.22772277	0.01407276
-687.19471947	0.02156863
-687.16171617	0.02999404
-687.12871287	0.03896352
-687.09570957	0.04835296
-687.06270627	0.05796907
-687.02970297	0.06720660
-686.99669967	0.07580612
-686.96369637	0.08315891
-686.93069307	0.08858786
-686.89768977	0.09143326
-686.86468647	0.09114401
-686.83168317	0.08752629
-686.79867987	0.08037000
-686.76567657	0.06981853
-686.73267327	0.05667079
-686.69966997	0.04102484
-686.66666667	0.02432722
-686.63366337	0.00721068
-686.60066007	-0.00940488
-686.56765677	-0.02441462
-686.53465347	-0.03783292
-686.50165017	-0.04877069
-686.46864686	-0.05743295
-686.43564356	-0.06370418
-686.40264026	-0.06816707
-686.36963696	-0.07090319
-686.33663366	-0.07252776
-686.30363036	-0.07328522
-686.27062706	-0.07357560
-686.23762376	-0.07367414
-686.20462046	-0.07377354
-686.17161716	-0.07419620
-686.13861386	-0.07494751
-686.10561056	-0.07617276
-686.07260726	-0.07814668
-686.03960396	-0.08063938
-686.00660066	-0.08373957
-685.97359736	-0.08732784
-685.94059406	-0.09091746
-685.90759076	-0.09427049
-685.87458746	-0.09670824
-685.84158416	-0.09768318
-685.80858086	-0.09639416
-685.77557756	-0.09275479
-685.74257426	-0.08579396
-685.70957096	-0.07566448
-685.67656766	-0.06294829
-685.64356436	-0.04790631
-685.61056106	-0.03138406
-685.57755776	-0.01477294
-685.54455446	0.00131795
-685.51155116	0.01556351
-685.47854785	0.02740297
-685.44554455	0.03660962
-685.41254125	0.04274588
-685.37953795	0.04650367
-685.34653465	0.04784161
-685.31353135	0.04756525
-685.28052805	0.04629082
-685.24752475	0.04436886
-685.21452145	0.04230860
-685.18151815	0.04021597
-685.14851485	0.03816522
-685.11551155	0.03607413
-685.08250825	0.03391621
-685.04950495	0.03129294
-685.01650165	0.02851065
-684.98349835	0.02545583
-684.95049505	0.02218885
-684.91749175	0.01915308
-684.88448845	0.01643621
-684.85148515	0.01438749
-684.81848185	0.01286218
-684.78547855	0.01188145
-684.75247525	0.01149044
-684.71947195	0.01124496
-684.68646865	0.01115858
-684.65346535	0.01103730
-684.62046205	0.01071804
-684.58745875	0.01026803
-684.55445545	0.00971056
-684.52145215	0.00907069
-684.48844884	0.00871428
-684.45544554	0.00860394
-684.42244224	0.00902941
-684.38943894	0.00984945
-684.35643564	0.01114373
-684.32343234	0.01295021
-684.29042904	0.01508140
-684.25742574	0.01711933
-684.22442244	0.01903431
-684.19141914	0.02045190
-684.15841584	0.02132870
-684.12541254	0.02138127
-684.09240924	0.02078182
-684.05940594	0.01930058
-684.02640264	0.01744548
-683.99339934	0.01522142
-683.96039604	0.01311728
-683.92739274	0.01122834
-683.89438944	0.00986250
-683.86138614	0.00900738
-683.82838284	0.00889456
-683.79537954	0.00908575
-683.76237624	0.00948080
-683.72937294	0.00988731
-683.69636964	0.01001873
-683.66336634	0.00979731
-683.63036304	0.00917072
-683.59735974	0.00817726
-683.56435644	0.00733984
-683.53135314	0.00654103
-683.49834983	0.00643606
-683.46534653	0.00697712
-683.43234323	0.00806829
-683.39933993	0.00984398
-683.36633663	0.01160395
-683.33333333	0.01302193
-683.30033003	0.01342057
-683.26732673	0.01232060
-683.23432343	0.00954270
-683.20132013	0.00503370
-683.16831683	-0.00118590
-683.13531353	-0.00860501
-683.10231023	-0.01627486
-683.06930693	-0.02357057
-683.03630363	-0.02962079
-683.00330033	-0.03342921
-682.97029703	-0.03466828
-682.93729373	-0.03277865
-682.90429043	-0.02806161
-682.87128713	-0.02073048
-682.83828383	-0.01185125
-682.80528053	-0.00238074
-682.77227723	0.00659942
-682.73927393	0.01385476
-682.70627063	0.01832771
-682.67326733	0.01973421
-682.64026403	0.01756301
-682.60726073	0.01245492
-682.57425743	0.00495512
-682.54125413	-0.00336022
-682.50825083	-0.01167403
-682.47524752	-0.01851639
-682.44224422	-0.02290004
-682.40924092	-0.02404168
-682.37623762	-0.02226507
-682.34323432	-0.01739451
-682.31023102	-0.01035601
-682.27722772	-0.00212434
-682.24422442	0.00646336
-682.21122112	0.01399153
-682.17821782	0.02028477
-682.14521452	0.02458835
-682.11221122	0.02656771
-682.07920792	0.02694126
-682.04620462	0.02545510
-682.01320132	0.02272865
-681.98019802	0.01932661
-681.94719472	0.01539433
-681.91419142	0.01135233
-681.88118812	0.00741809
-681.84818482	0.00376601
-681.81518152	0.00046513
-681.78217822	-0.00236620
-681.74917492	-0.00454675
-681.71617162	-0.00617491
-681.68316832	-0.00700608
-681.65016502	-0.00700396
-681.61716172	-0.00631873
-681.58415842	-0.00483398
-681.55115512	-0.00288490
-681.51815182	-0.00069331
-681.48514851	0.00137726
-681.45214521	0.00306966
-681.41914191	0.00370519
-681.38613861	0.00318487
-681.35313531	0.00128729
-681.32013201	-0.00221763
-681.28712871	-0.00669242
-681.25412541	-0.01210413
-681.22112211	-0.01772429
-681.18811881	-0.02292055
-681.15511551	-0.02753090
-681.12211221	-0.03036251
-681.08910891	-0.03204800
-681.05610561	-0.03203358
-681.02310231	-0.03087458
-680.99009901	-0.02872283
-680.95709571	-0.02592932
-680.92409241	-0.02301116
-680.89108911	-0.01997589
-680.85808581	-0.01716930
-680.82508251	-0.01439383
-680.79207921	-0.01149245
-680.75907591	-0.00859553
-680.72607261	-0.00487148
-680.69306931	-0.00078918
-680.66006601	0.00423825
-680.62706271	0.00981063
-680.59405941	0.01610811
-680.56105611	0.02267198
-680.52805281	0.02931449
-680.49504950	0.03526330
-680.46204620	0.04046060
-680.42904290	0.04406601
-680.39603960	0.04557611
-680.36303630	0.04516504
-680.33003300	0.04230299
-680.29702970	0.03738472
-680.26402640	0.03048371
-680.23102310	0.02251015
-680.19801980	0.01365656
-680.16501650	0.00484851
-680.13201320	-0.00353753
-680.09900990	-0.01093031
-680.06600660	-0.01688385
-680.03300330	-0.02121304
-680.00000000	-0.02379096
-679.96699670	-0.02460784
-679.93399340	-0.02373153
-679.90099010	-0.02148580
-679.86798680	-0.01789983
-679.83498350	-0.01382833
-679.80198020	-0.00942661
-679.76897690	-0.00534449
-679.73597360	-0.00214354
-679.70297030	-0.00018981
-679.66996700	0.00036113
-679.63696370	-0.00107080
-679.60396040	-0.00411856
-679.57095710	-0.00832722
-679.53795380	-0.01359841
-679.50495050	-0.01897211
-679.47194719	-0.02385527
-679.43894389	-0.02755227
-679.40594059	-0.02965937
-679.37293729	-0.02978036
-679.33993399	-0.02815084
-679.30693069	-0.02484049
-679.27392739	-0.02050780
-679.24092409	-0.01575039
-679.20792079	-0.01114055
-679.17491749	-0.00709658
-679.14191419	-0.00431303
-679.10891089	-0.00246229
-679.07590759	-0.00207487
-679.04290429	-0.00268829
-679.00990099	-0.00389021
-678.97689769	-0.00525427
-678.94389439	-0.00621523
-678.91089109	-0.00650965
-678.87788779	-0.00558908
-678.84488449	-0.00320067
-678.81188119	0.00032031
-678.77887789	0.00529669
-678.74587459	0.01106497
-678.71287129	0.01755048
-678.67986799	0.02393609
-678.64686469	0.03012824
-678.61386139	0.03506551
-678.58085809	0.03875274
-678.54785479	0.04037771
-678.51485149	0.04012941
-678.48184818	0.03753861
-678.44884488	0.03299019
-678.41584158	0.02667309
-678.38283828	0.01915294
-678.34983498	0.01094637
-678.31683168	0.00281904
-678.28382838	-0.00457546
-678.25082508	-0.01067987
-678.21782178	-0.01500937
-678.18481848	-0.01700690
-678.15181518	-0.01672218
-678.11881188	-0.01434581
-678.08580858	-0.00980783
-678.05280528	-0.00396065
-678.01980198	0.00288192
-677.98679868	0.01007045
-677.95379538	0.01689837
-677.92079208	0.02324432
-677.88778878	0.02829638
-677.85478548	0.03235646
-677.82178218	0.03484980
-677.78877888	0.03601273
-677.75577558	0.03581568
-677.72277228	0.03440177
-677.68976898	0.03199609
-677.65676568	0.02886996
-677.62376238	0.02535242
-677.59075908	0.02172588
-677.55775578	0.01822889
-677.52475248	0.01528657
-677.49174917	0.01298660
-677.45874587	0.01124103
-677.42574257	0.01005934
-677.39273927	0.00916589
-677.35973597	0.00834078
-677.32673267	0.00760437
-677.29372937	0.00641016
-677.26072607	0.00525877
-677.22772277	0.00368750
-677.19471947	0.00251219
-677.16171617	0.00130378
-677.12871287	0.00079108
-677.09570957	0.00074544
-677.06270627	0.00151206
-677.02970297	0.00254984
-676.99669967	0.00427342
-676.96369637	0.00614282
-676.93069307	0.00819463
-676.89768977	0.00991908
-676.86468647	0.01145613
-676.83168317	0.01261654
-676.79867987	0.01340297
-676.76567657	0.01364158
-676.73267327	0.01355821
-676.69966997	0.01300756
-676.66666667	0.01226442
-676.63366337	0.01119868
-676.60066007	0.01003853
-676.56765677	0.00852368
-676.53465347	0.00734589
-676.50165017	0.00548154
-676.46864686	0.00360259
-676.43564356	0.00115445
-676.40264026	-0.00172439
-676.36963696	-0.00516728
-676.33663366	-0.00930486
-676.30363036	-0.01361829
-676.27062706	-0.01843726
-676.23762376	-0.02332730
-676.20462046	-0.02806512
-676.17161716	-0.03230460
-676.13861386	-0.03597993
-676.10561056	-0.03872668
-676.07260726	-0.04056835
-676.03960396	-0.04130871
-676.00660066	-0.04146399
-675.97359736	-0.04094430
-675.94059406	-0.04017853
-675.90759076	-0.03931318
-675.87458746	-0.03857937
-675.84158416	-0.03801633
-675.80858086	-0.03749295
-675.77557756	-0.03687697
-675.74257426	-0.03580202
-675.70957096	-0.03426108
-675.67656766	-0.03207412
-675.64356436	-0.02912428
-675.61056106	-0.02571148
-675.57755776	-0.02206994
-675.54455446	-0.01865195
-675.51155116	-0.01591643
-675.47854785	-0.01410199
-675.44554455	-0.01366478
-675.41254125	-0.01460275
-675.37953795	-0.01708322
-675.34653465	-0.02024259
-675.31353135	-0.02394743
-675.28052805	-0.02753970
-675.24752475	-0.03014552
-675.21452145	-0.03145103
-675.18151815	-0.03078933
-675.14851485	-0.02818040
-675.11551155	-0.02351581
-675.08250825	-0.01732755
-675.04950495	-0.00980954
-675.01650165	-0.00155622
-674.98349835	0.00628394
-674.95049505	0.01379955
-674.91749175	0.01986310
-674.88448845	0.02437807
-674.85148515	0.02688051
-674.81848185	0.02732797
-674.78547855	0.02576324
-674.75247525	0.02259871
-674.71947195	0.01769002
-674.68646865	0.01197529
-674.65346535	0.00536287
-674.62046205	-0.00149052
-674.58745875	-0.00828818
-674.55445545	-0.01460428
-674.52145215	-0.02006349
-674.48844884	-0.02457603
-674.45544554	-0.02748584
-674.42244224	-0.02927665
-674.38943894	-0.02937636
-674.35643564	-0.02853568
-674.32343234	-0.02672523
-674.29042904	-0.02443107
-674.25742574	-0.02201630
-674.22442244	-0.01956198
-674.19141914	-0.01725663
-674.15841584	-0.01523335
-674.12541254	-0.01324844
-674.09240924	-0.01119643
-674.05940594	-0.00905472
-674.02640264	-0.00641910
-673.99339934	-0.00351500
-673.96039604	-0.00014403
-673.92739274	0.00329201
-673.89438944	0.00703853
-673.86138614	0.01035155
-673.82838284	0.01359220
-673.79537954	0.01595331
-673.76237624	0.01761832
-673.72937294	0.01818565
-673.69636964	0.01790687
-673.66336634	0.01667012
-673.63036304	0.01477395
-673.59735974	0.01253425
-673.56435644	0.01023183
-673.53135314	0.00835756
-673.49834983	0.00711913
-673.46534653	0.00664358
-673.43234323	0.00713254
-673.39933993	0.00875096
-673.36633663	0.01091381
-673.33333333	0.01390047
-673.30033003	0.01704790
-673.26732673	0.02039641
-673.23432343	0.02353245
-673.20132013	0.02596926
-673.16831683	0.02815310
-673.13531353	0.02945629
-673.10231023	0.03060615
-673.06930693	0.03103567
-673.03630363	0.03130762
-673.00330033	0.03124969
-672.97029703	0.03058353
-672.93729373	0.02990805
-672.90429043	0.02821026
-672.87128713	0.02611895
-672.83828383	0.02307254
-672.80528053	0.01925821
-672.77227723	0.01507990
-672.73927393	0.01033901
-672.70627063	0.00565649
-672.67326733	0.00137017
-672.64026403	-0.00239948
-672.60726073	-0.00486382
-672.57425743	-0.00605596
-672.54125413	-0.00580876
-672.50825083	-0.00401811
-672.47524752	-0.00086104
-672.44224422	0.00292163
-672.40924092	0.00755675
-672.37623762	0.01194635
-672.34323432	0.01610926
-672.31023102	0.01940562
-672.27722772	0.02178317
-672.24422442	0.02289200
-672.21122112	0.02267342
-672.17821782	0.02139948
-672.14521452	0.01862226
-672.11221122	0.01463113
-672.07920792	0.00954673
-672.04620462	0.00319014
-672.01320132	-0.00395762
-671.98019802	-0.01183635
-671.94719472	-0.01982767
-671.91419142	-0.02754656
-671.88118812	-0.03431628
-671.84818482	-0.03949729
-671.81518152	-0.04293046
-671.78217822	-0.04410527
-671.74917492	-0.04297903
-671.71617162	-0.03954923
-671.68316832	-0.03392224
-671.65016502	-0.02664839
-671.61716172	-0.01770923
-671.58415842	-0.00814600
-671.55115512	0.00192794
-671.51815182	0.01189346
-671.48514851	0.02129411
-671.45214521	0.02945302
-671.41914191	0.03646081
-671.38613861	0.04175872
-671.35313531	0.04533560
-671.32013201	0.04699995
-671.28712871	0.04694454
-671.25412541	0.04501926
-671.22112211	0.04135001
-671.18811881	0.03628713
-671.15511551	0.02982032
-671.12211221	0.02237878
-671.08910891	0.01448756
-671.05610561	0.00637778
-671.02310231	-0.00138914
-670.99009901	-0.00852911
-670.95709571	-0.01458133
-670.92409241	-0.01949768
-670.89108911	-0.02306657
-670.85808581	-0.02522256
-670.82508251	-0.02618318
-670.79207921	-0.02601591
-670.75907591	-0.02496046
-670.72607261	-0.02320546
-670.69306931	-0.02081120
-670.66006601	-0.01848965
-670.62706271	-0.01571898
-670.59405941	-0.01312874
-670.56105611	-0.01070987
-670.52805281	-0.00868519
-670.49504950	-0.00693736
-670.46204620	-0.00577695
-670.42904290	-0.00520912
-670.39603960	-0.00508000
-670.36303630	-0.00564393
-670.33003300	-0.00641774
-670.29702970	-0.00734031
-670.26402640	-0.00827647
-670.23102310	-0.00898569
-670.19801980	-0.00906831
-670.16501650	-0.00839619
-670.13201320	-0.00663809
-670.09900990	-0.00356497
-670.06600660	0.00076508
-670.03300330	0.00647760
-670.00000000	0.01339970
-669.96699670	0.02120843
-669.93399340	0.02943693
-669.90099010	0.03757417
-669.86798680	0.04492277
-669.83498350	0.05110604
-669.80198020	0.05571845
-669.76897690	0.05886419
-669.73597360	0.06023537
-669.70297030	0.06024287
-669.66996700	0.05896951
-669.63696370	0.05648911
-669.60396040	0.05301579
-669.57095710	0.04858296
-669.53795380	0.04337855
-669.50495050	0.03722897
-669.47194719	0.03064089
-669.43894389	0.02345914
-669.40594059	0.01632260
-669.37293729	0.00917106
-669.33993399	0.00249478
-669.30693069	-0.00350078
-669.27392739	-0.00887190
-669.24092409	-0.01307078
-669.20792079	-0.01666282
-669.17491749	-0.01942362
-669.14191419	-0.02153869
-669.10891089	-0.02322206
-669.07590759	-0.02440707
-669.04290429	-0.02544308
-669.00990099	-0.02599691
-668.97689769	-0.02614329
-668.94389439	-0.02601914
-668.91089109	-0.02517726
-668.87788779	-0.02378672
-668.84488449	-0.02166765
-668.81188119	-0.01894160
-668.77887789	-0.01539559
-668.74587459	-0.01147927
-668.71287129	-0.00743048
-668.67986799	-0.00303049
-668.64686469	0.00069023
-668.61386139	0.00369385
-668.58085809	0.00584928
-668.54785479	0.00693208
-668.51485149	0.00689033
-668.48184818	0.00602420
-668.44884488	0.00437361
-668.41584158	0.00230114
-668.38283828	0.00019427
-668.34983498	-0.00158125
-668.31683168	-0.00290013
-668.28382838	-0.00357615
-668.25082508	-0.00362176
-668.21782178	-0.00293092
-668.18481848	-0.00167524
-668.15181518	0.00005478
-668.11881188	0.00218481
-668.08580858	0.00448712
-668.05280528	0.00676534
-668.01980198	0.00887452
-667.98679868	0.01070839
-667.95379538	0.01214714
-667.92079208	0.01306250
-667.88778878	0.01316663
-667.85478548	0.01283585
-667.82178218	0.01148291
-667.78877888	0.00989714
-667.75577558	0.00769576
-667.72277228	0.00516377
-667.68976898	0.00256908
-667.65676568	0.00021286
-667.62376238	-0.00196690
-667.59075908	-0.00346902
-667.55775578	-0.00436562
-667.52475248	-0.00461238
-667.49174917	-0.00438902
-667.45874587	-0.00385447
-667.42574257	-0.00321379
-667.39273927	-0.00279406
-667.35973597	-0.00267076
-667.32673267	-0.00316151
-667.29372937	-0.00421447
-667.26072607	-0.00586091
-667.22772277	-0.00786701
-667.19471947	-0.01014539
-667.16171617	-0.01238006
-667.12871287	-0.01438843
-667.09570957	-0.01612840
-667.06270627	-0.01695398
-667.02970297	-0.01736663
-666.99669967	-0.01740859
-666.96369637	-0.01671985
-666.93069307	-0.01598035
-666.89768977	-0.01516708
-666.86468647	-0.01432700
-666.83168317	-0.01353909
-666.79867987	-0.01249631
-666.76567657	-0.01145550
-666.73267327	-0.00986004
-666.69966997	-0.00774483
-666.66666667	-0.00538200
-666.63366337	-0.00246372
-666.60066007	0.00053431
-666.56765677	0.00336662
-666.53465347	0.00584670
-666.50165017	0.00770922
-666.46864686	0.00873529
-666.43564356	0.00912262
-666.40264026	0.00855594
-666.36963696	0.00747593
-666.33663366	0.00591628
-666.30363036	0.00416932
-666.27062706	0.00232947
-666.23762376	0.00054226
-666.20462046	-0.00090522
-666.17161716	-0.00205672
-666.13861386	-0.00285739
-666.10561056	-0.00340764
-666.07260726	-0.00348833
-666.03960396	-0.00343159
-666.00660066	-0.00295351
-665.97359736	-0.00228178
-665.94059406	-0.00144043
-665.90759076	-0.00045745
-665.87458746	0.00056948
-665.84158416	0.00175027
-665.80858086	0.00270558
-665.77557756	0.00358287
-665.74257426	0.00415234
-665.70957096	0.00457313
-665.67656766	0.00463672
-665.64356436	0.00404662
-665.61056106	0.00278481
-665.57755776	0.00068394
-665.54455446	-0.00220525
-665.51155116	-0.00615105
-665.47854785	-0.01068503
-665.44554455	-0.01584794
-665.41254125	-0.02115491
-665.37953795	-0.02598632
-665.34653465	-0.03030953
-665.31353135	-0.03347059
-665.28052805	-0.03508635
-665.24752475	-0.03545537
-665.21452145	-0.03425524
-665.18151815	-0.03152324
-665.14851485	-0.02786461
-665.11551155	-0.02330409
-665.08250825	-0.01821641
-665.04950495	-0.01307867
-665.01650165	-0.00820682
-664.98349835	-0.00355157
-664.95049505	0.00027680
-664.91749175	0.00337817
-664.88448845	0.00562615
-664.85148515	0.00689660
-664.81848185	0.00723608
-664.78547855	0.00698321
-664.75247525	0.00622084
-664.71947195	0.00493622
-664.68646865	0.00379373
-664.65346535	0.00261262
-664.62046205	0.00156765
-664.58745875	0.00085099
-664.55445545	0.00032237
-664.52145215	-0.00003722
-664.48844884	-0.00018669
-664.45544554	-0.00053205
-664.42244224	-0.00073683
-664.38943894	-0.00121750
-664.35643564	-0.00153615
-664.32343234	-0.00171308
-664.29042904	-0.00169866
-664.25742574	-0.00112855
-664.22442244	-0.00017405
-664.19141914	0.00116926
-664.15841584	0.00300964
-664.12541254	0.00501689
-664.09240924	0.00685651
-664.05940594	0.00838643
-664.02640264	0.00928791
-663.99339934	0.00917049
-663.96039604	0.00821739
-663.92739274	0.00608923
-663.89438944	0.00291067
-663.86138614	-0.00096470
-663.82838284	-0.00540268
-663.79537954	-0.01005671
-663.76237624	-0.01435103
-663.72937294	-0.01830134
-663.69636964	-0.02122949
-663.66336634	-0.02319493
-663.63036304	-0.02419990
-663.59735974	-0.02414184
-663.56435644	-0.02317411
-663.53135314	-0.02149182
-663.49834983	-0.01902960
-663.46534653	-0.01616394
-663.43234323	-0.01289989
-663.39933993	-0.00923535
-663.36633663	-0.00530783
-663.33333333	-0.00122253
-663.30033003	0.00303650
-663.26732673	0.00730897
-663.23432343	0.01144282
-663.20132013	0.01515089
-663.16831683	0.01843812
-663.13531353	0.02115184
-663.10231023	0.02291968
-663.06930693	0.02391272
-663.03630363	0.02413500
-663.00330033	0.02368580
-662.97029703	0.02240332
-662.93729373	0.02051193
-662.90429043	0.01813304
-662.87128713	0.01550342
-662.83828383	0.01272751
-662.80528053	0.00992546
-662.77227723	0.00729167
-662.73927393	0.00478614
-662.70627063	0.00251019
-662.67326733	0.00072271
-662.64026403	-0.00074956
-662.60726073	-0.00191014
-662.57425743	-0.00251706
-662.54125413	-0.00265597
-662.50825083	-0.00215007
-662.47524752	-0.00110696
-662.44224422	0.00056009
-662.40924092	0.00258865
-662.37623762	0.00495344
-662.34323432	0.00748220
-662.31023102	0.00989094
-662.27722772	0.01181456
-662.24422442	0.01329906
-662.21122112	0.01391896
-662.17821782	0.01365654
-662.14521452	0.01247530
-662.11221122	0.01024050
-662.07920792	0.00729417
-662.04620462	0.00386986
-662.01320132	0.00011821
-661.98019802	-0.00362195
-661.94719472	-0.00693410
-661.91419142	-0.00968646
-661.88118812	-0.01146343
-661.84818482	-0.01232605
-661.81518152	-0.01219947
-661.78217822	-0.01093426
-661.74917492	-0.00900235
-661.71617162	-0.00613228
-661.68316832	-0.00269677
-661.65016502	0.00078750
-661.61716172	0.00411414
-661.58415842	0.00709067
-661.55115512	0.00906256
-661.51815182	0.00999451
-661.48514851	0.00979244
-661.45214521	0.00833189
-661.41914191	0.00569864
-661.38613861	0.00228162
-661.35313531	-0.00158735
-661.32013201	-0.00581250
-661.28712871	-0.01002958
-661.25412541	-0.01376145
-661.22112211	-0.01695463
-661.18811881	-0.01942290
-661.15511551	-0.02107481
-661.12211221	-0.02209647
-661.08910891	-0.02231854
-661.05610561	-0.02209664
-661.02310231	-0.02139197
-660.99009901	-0.02028465
-660.95709571	-0.01883729
-660.92409241	-0.01712093
-660.89108911	-0.01508067
-660.85808581	-0.01262435
-660.82508251	-0.00964690
-660.79207921	-0.00589951
-660.75907591	-0.00159092
-660.72607261	0.00356966
-660.69306931	0.00911552
-660.66006601	0.01478845
-660.62706271	0.02039237
-660.59405941	0.02534744
-660.56105611	0.02933847
-660.52805281	0.03194927
-660.49504950	0.03343348
-660.46204620	0.03345730
-660.42904290	0.03251478
-660.39603960	0.03050477
-660.36303630	0.02801490
-660.33003300	0.02483868
-660.29702970	0.02145008
-660.26402640	0.01757591
-660.23102310	0.01366309
-660.19801980	0.00958916
-660.16501650	0.00549847
-660.13201320	0.00156774
-660.09900990	-0.00204541
-660.06600660	-0.00505093
-660.03300330	-0.00725581
-660.00000000	-0.00861875
