# Menlo Systems GmbH ScanControl
# Program Version 1.14.3
# Start: -740.00000000 ps, Average over 1000 waveforms. Timestamp: 2026-02-03T16:26:19
# User time axis shift: 0 ps
# Time axis offset: 0 ps
# Time [ps]	THz Signal [a.u.]
-740.00000000	0.00002579
-739.96699670	0.00006258
-739.93399340	0.00006740
-739.90099010	-0.00010458
-739.86798680	0.00009780
-739.83498350	-0.00004473
-739.80198020	-0.00003408
-739.76897690	0.00003240
-739.73597360	-0.00004600
-739.70297030	-0.00002353
-739.66996700	-0.00001386
-739.63696370	-0.00000070
-739.60396040	-0.00011670
-739.57095710	-0.00006847
-739.53795380	-0.00004239
-739.50495050	-0.00003798
-739.47194719	0.00001269
-739.43894389	0.00001476
-739.40594059	-0.00005548
-739.37293729	0.00003899
-739.33993399	-0.00002554
-739.30693069	-0.00006223
-739.27392739	0.00004399
-739.24092409	0.00010788
-739.20792079	0.00003096
-739.17491749	-0.00003566
-739.14191419	-0.00002437
-739.10891089	-0.00002749
-739.07590759	0.00013737
-739.04290429	0.00009116
-739.00990099	-0.00001060
-738.97689769	0.00006485
-738.94389439	0.00010962
-738.91089109	0.00019552
-738.87788779	0.00005985
-738.84488449	0.00018595
-738.81188119	0.00019520
-738.77887789	0.00021504
-738.74587459	0.00021164
-738.71287129	0.00010719
-738.67986799	0.00010188
-738.64686469	0.00011786
-738.61386139	0.00018872
-738.58085809	0.00016063
-738.54785479	0.00020392
-738.51485149	0.00013022
-738.48184818	0.00004572
-738.44884488	0.00016677
-738.41584158	0.00017970
-738.38283828	0.00020996
-738.34983498	0.00024833
-738.31683168	0.00021381
-738.28382838	0.00028540
-738.25082508	0.00023014
-738.21782178	0.00022508
-738.18481848	0.00021978
-738.15181518	0.00026087
-738.11881188	0.00025312
-738.08580858	0.00035832
-738.05280528	0.00025433
-738.01980198	0.00030888
-737.98679868	0.00033552
-737.95379538	0.00034358
-737.92079208	0.00031266
-737.88778878	0.00027924
-737.85478548	0.00027535
-737.82178218	0.00031320
-737.78877888	0.00028681
-737.75577558	0.00024609
-737.72277228	0.00030340
-737.68976898	0.00031150
-737.65676568	0.00025058
-737.62376238	0.00030508
-737.59075908	0.00035964
-737.55775578	0.00035842
-737.52475248	0.00031247
-737.49174917	0.00033694
-737.45874587	0.00032468
-737.42574257	0.00031310
-737.39273927	0.00034487
-737.35973597	0.00028887
-737.32673267	0.00033828
-737.29372937	0.00022901
-737.26072607	0.00020880
-737.22772277	0.00025130
-737.19471947	0.00027043
-737.16171617	0.00031940
-737.12871287	0.00032523
-737.09570957	0.00033788
-737.06270627	0.00023158
-737.02970297	0.00022019
-736.99669967	0.00028719
-736.96369637	0.00027056
-736.93069307	0.00020797
-736.89768977	0.00021323
-736.86468647	0.00021403
-736.83168317	0.00025829
-736.79867987	0.00025784
-736.76567657	0.00032053
-736.73267327	0.00018532
-736.69966997	0.00014980
-736.66666667	0.00014645
-736.63366337	0.00014903
-736.60066007	0.00014403
-736.56765677	0.00017325
-736.53465347	0.00015485
-736.50165017	0.00018295
-736.46864686	0.00012757
-736.43564356	0.00013180
-736.40264026	0.00009064
-736.36963696	0.00015023
-736.33663366	0.00008405
-736.30363036	0.00003169
-736.27062706	0.00001334
-736.23762376	0.00004009
-736.20462046	0.00003218
-736.17161716	0.00000200
-736.13861386	-0.00002609
-736.10561056	-0.00007824
-736.07260726	-0.00000736
-736.03960396	-0.00008450
-736.00660066	-0.00017108
-735.97359736	-0.00013238
-735.94059406	-0.00015710
-735.90759076	-0.00008467
-735.87458746	-0.00021752
-735.84158416	-0.00014258
-735.80858086	-0.00018501
-735.77557756	-0.00017004
-735.74257426	-0.00011843
-735.70957096	-0.00019481
-735.67656766	-0.00013658
-735.64356436	-0.00012396
-735.61056106	-0.00001187
-735.57755776	-0.00007188
-735.54455446	-0.00008752
-735.51155116	-0.00009309
-735.47854785	0.00000176
-735.44554455	-0.00004122
-735.41254125	0.00007009
-735.37953795	0.00001073
-735.34653465	0.00013021
-735.31353135	0.00006961
-735.28052805	0.00015710
-735.24752475	0.00008770
-735.21452145	0.00013277
-735.18151815	0.00026049
-735.14851485	0.00014038
-735.11551155	0.00018776
-735.08250825	0.00036458
-735.04950495	0.00036445
-735.01650165	0.00043013
-734.98349835	0.00030583
-734.95049505	0.00043777
-734.91749175	0.00053125
-734.88448845	0.00045046
-734.85148515	0.00040413
-734.81848185	0.00054411
-734.78547855	0.00056886
-734.75247525	0.00060246
-734.71947195	0.00058514
-734.68646865	0.00065442
-734.65346535	0.00066511
-734.62046205	0.00060075
-734.58745875	0.00066190
-734.55445545	0.00068719
-734.52145215	0.00075870
-734.48844884	0.00066758
-734.45544554	0.00069017
-734.42244224	0.00076900
-734.38943894	0.00074363
-734.35643564	0.00076037
-734.32343234	0.00072492
-734.29042904	0.00072888
-734.25742574	0.00077093
-734.22442244	0.00078347
-734.19141914	0.00077034
-734.15841584	0.00054595
-734.12541254	0.00066964
-734.09240924	0.00078675
-734.05940594	0.00070856
-734.02640264	0.00074088
-733.99339934	0.00054110
-733.96039604	0.00056766
-733.92739274	0.00066456
-733.89438944	0.00056229
-733.86138614	0.00051661
-733.82838284	0.00058864
-733.79537954	0.00045494
-733.76237624	0.00050305
-733.72937294	0.00053676
-733.69636964	0.00044216
-733.66336634	0.00050208
-733.63036304	0.00033510
-733.59735974	0.00044194
-733.56435644	0.00039014
-733.53135314	0.00037288
-733.49834983	0.00027088
-733.46534653	0.00033422
-733.43234323	0.00029364
-733.39933993	0.00028589
-733.36633663	0.00030957
-733.33333333	0.00034449
-733.30033003	0.00025841
-733.26732673	0.00036944
-733.23432343	0.00023257
-733.20132013	0.00015846
-733.16831683	0.00031401
-733.13531353	0.00038439
-733.10231023	0.00023032
-733.06930693	0.00024599
-733.03630363	0.00029965
-733.00330033	0.00034626
-732.97029703	0.00034145
-732.93729373	0.00023475
-732.90429043	0.00041122
-732.87128713	0.00034261
-732.83828383	0.00036651
-732.80528053	0.00033074
-732.77227723	0.00035158
-732.73927393	0.00038765
-732.70627063	0.00048262
-732.67326733	0.00042710
-732.64026403	0.00053228
-732.60726073	0.00045940
-732.57425743	0.00047720
-732.54125413	0.00058446
-732.50825083	0.00049734
-732.47524752	0.00049886
-732.44224422	0.00053078
-732.40924092	0.00050353
-732.37623762	0.00056334
-732.34323432	0.00048560
-732.31023102	0.00059783
-732.27722772	0.00060940
-732.24422442	0.00048565
-732.21122112	0.00059269
-732.17821782	0.00052923
-732.14521452	0.00055605
-732.11221122	0.00058987
-732.07920792	0.00051761
-732.04620462	0.00048727
-732.01320132	0.00051883
-731.98019802	0.00053726
-731.94719472	0.00048127
-731.91419142	0.00041861
-731.88118812	0.00052194
-731.84818482	0.00044678
-731.81518152	0.00043218
-731.78217822	0.00036265
-731.74917492	0.00045266
-731.71617162	0.00041650
-731.68316832	0.00039046
-731.65016502	0.00038980
-731.61716172	0.00038839
-731.58415842	0.00038349
-731.55115512	0.00035817
-731.51815182	0.00030811
-731.48514851	0.00040532
-731.45214521	0.00026606
-731.41914191	0.00030873
-731.38613861	0.00035174
-731.35313531	0.00032064
-731.32013201	0.00025739
-731.28712871	0.00028869
-731.25412541	0.00026124
-731.22112211	0.00028377
-731.18811881	0.00020181
-731.15511551	0.00026685
-731.12211221	0.00018711
-731.08910891	0.00021011
-731.05610561	0.00024456
-731.02310231	0.00018286
-730.99009901	0.00021817
-730.95709571	0.00023494
-730.92409241	0.00016752
-730.89108911	0.00015257
-730.85808581	0.00020332
-730.82508251	0.00017709
-730.79207921	0.00013026
-730.75907591	0.00026769
-730.72607261	0.00010917
-730.69306931	0.00025440
-730.66006601	0.00024160
-730.62706271	0.00020809
-730.59405941	0.00022251
-730.56105611	0.00035969
-730.52805281	0.00025649
-730.49504950	0.00019682
-730.46204620	0.00032729
-730.42904290	0.00032395
-730.39603960	0.00037828
-730.36303630	0.00031445
-730.33003300	0.00046211
-730.29702970	0.00038881
-730.26402640	0.00047724
-730.23102310	0.00048606
-730.19801980	0.00053812
-730.16501650	0.00049334
-730.13201320	0.00063178
-730.09900990	0.00053757
-730.06600660	0.00057976
-730.03300330	0.00071331
-730.00000000	0.00064309
-729.96699670	0.00069562
-729.93399340	0.00073110
-729.90099010	0.00073265
-729.86798680	0.00071387
-729.83498350	0.00069804
-729.80198020	0.00076005
-729.76897690	0.00062070
-729.73597360	0.00070164
-729.70297030	0.00058597
-729.66996700	0.00053077
-729.63696370	0.00049429
-729.60396040	0.00040958
-729.57095710	0.00032368
-729.53795380	0.00015892
-729.50495050	0.00001625
-729.47194719	-0.00000404
-729.43894389	-0.00028839
-729.40594059	-0.00043166
-729.37293729	-0.00052805
-729.33993399	-0.00074042
-729.30693069	-0.00089347
-729.27392739	-0.00101958
-729.24092409	-0.00123394
-729.20792079	-0.00134666
-729.17491749	-0.00145171
-729.14191419	-0.00160217
-729.10891089	-0.00173748
-729.07590759	-0.00170968
-729.04290429	-0.00177484
-729.00990099	-0.00190811
-728.97689769	-0.00184496
-728.94389439	-0.00190879
-728.91089109	-0.00189957
-728.87788779	-0.00180379
-728.84488449	-0.00179614
-728.81188119	-0.00167411
-728.77887789	-0.00149978
-728.74587459	-0.00134078
-728.71287129	-0.00104790
-728.67986799	-0.00080583
-728.64686469	-0.00052799
-728.61386139	-0.00013262
-728.58085809	0.00020541
-728.54785479	0.00062208
-728.51485149	0.00089363
-728.48184818	0.00118722
-728.44884488	0.00149463
-728.41584158	0.00171093
-728.38283828	0.00179920
-728.34983498	0.00192684
-728.31683168	0.00190954
-728.28382838	0.00193365
-728.25082508	0.00179469
-728.21782178	0.00155674
-728.18481848	0.00163434
-728.15181518	0.00134371
-728.11881188	0.00122053
-728.08580858	0.00105152
-728.05280528	0.00092858
-728.01980198	0.00080672
-727.98679868	0.00071580
-727.95379538	0.00064863
-727.92079208	0.00058132
-727.88778878	0.00049310
-727.85478548	0.00052163
-727.82178218	0.00051403
-727.78877888	0.00046186
-727.75577558	0.00054072
-727.72277228	0.00046108
-727.68976898	0.00055868
-727.65676568	0.00049578
-727.62376238	0.00051163
-727.59075908	0.00052640
-727.55775578	0.00047921
-727.52475248	0.00040386
-727.49174917	0.00051120
-727.45874587	0.00032480
-727.42574257	0.00037148
-727.39273927	0.00036469
-727.35973597	0.00035791
-727.32673267	0.00031602
-727.29372937	0.00031138
-727.26072607	0.00032024
-727.22772277	0.00029736
-727.19471947	0.00028600
-727.16171617	0.00031522
-727.12871287	0.00040631
-727.09570957	0.00033222
-727.06270627	0.00040720
-727.02970297	0.00049040
-726.99669967	0.00037678
-726.96369637	0.00047351
-726.93069307	0.00049115
-726.89768977	0.00039363
-726.86468647	0.00060912
-726.83168317	0.00044367
-726.79867987	0.00057053
-726.76567657	0.00040816
-726.73267327	0.00066356
-726.69966997	0.00041350
-726.66666667	0.00053332
-726.63366337	0.00044962
-726.60066007	0.00052916
-726.56765677	0.00050159
-726.53465347	0.00051299
-726.50165017	0.00057080
-726.46864686	0.00056779
-726.43564356	0.00052890
-726.40264026	0.00058931
-726.36963696	0.00050726
-726.33663366	0.00056987
-726.30363036	0.00054964
-726.27062706	0.00052736
-726.23762376	0.00057163
-726.20462046	0.00050538
-726.17161716	0.00046492
-726.13861386	0.00057716
-726.10561056	0.00044102
-726.07260726	0.00047334
-726.03960396	0.00049427
-726.00660066	0.00048885
-725.97359736	0.00047061
-725.94059406	0.00049759
-725.90759076	0.00043985
-725.87458746	0.00057987
-725.84158416	0.00046530
-725.80858086	0.00058625
-725.77557756	0.00064016
-725.74257426	0.00061621
-725.70957096	0.00059350
-725.67656766	0.00074977
-725.64356436	0.00076509
-725.61056106	0.00078650
-725.57755776	0.00079570
-725.54455446	0.00094927
-725.51155116	0.00093047
-725.47854785	0.00106010
-725.44554455	0.00107535
-725.41254125	0.00116623
-725.37953795	0.00125127
-725.34653465	0.00130027
-725.31353135	0.00141894
-725.28052805	0.00143239
-725.24752475	0.00157335
-725.21452145	0.00159198
-725.18151815	0.00165351
-725.14851485	0.00169109
-725.11551155	0.00169626
-725.08250825	0.00171483
-725.04950495	0.00160115
-725.01650165	0.00148722
-724.98349835	0.00139374
-724.95049505	0.00103244
-724.91749175	0.00081551
-724.88448845	0.00034535
-724.85148515	-0.00007988
-724.81848185	-0.00066734
-724.78547855	-0.00133639
-724.75247525	-0.00186789
-724.71947195	-0.00266609
-724.68646865	-0.00322083
-724.65346535	-0.00384860
-724.62046205	-0.00410307
-724.58745875	-0.00462238
-724.55445545	-0.00447098
-724.52145215	-0.00461045
-724.48844884	-0.00405333
-724.45544554	-0.00378385
-724.42244224	-0.00307791
-724.38943894	-0.00235994
-724.35643564	-0.00141997
-724.32343234	-0.00075440
-724.29042904	0.00010293
-724.25742574	0.00074189
-724.22442244	0.00132158
-724.19141914	0.00173016
-724.15841584	0.00204578
-724.12541254	0.00226237
-724.09240924	0.00228687
-724.05940594	0.00232454
-724.02640264	0.00220388
-723.99339934	0.00211906
-723.96039604	0.00194197
-723.92739274	0.00177690
-723.89438944	0.00157881
-723.86138614	0.00131388
-723.82838284	0.00125213
-723.79537954	0.00103706
-723.76237624	0.00092401
-723.72937294	0.00081915
-723.69636964	0.00067197
-723.66336634	0.00067977
-723.63036304	0.00060612
-723.59735974	0.00061875
-723.56435644	0.00064039
-723.53135314	0.00059109
-723.49834983	0.00061416
-723.46534653	0.00054826
-723.43234323	0.00065363
-723.39933993	0.00054557
-723.36633663	0.00050212
-723.33333333	0.00050043
-723.30033003	0.00045689
-723.26732673	0.00030484
-723.23432343	0.00023908
-723.20132013	0.00013460
-723.16831683	0.00025652
-723.13531353	0.00005251
-723.10231023	-0.00001274
-723.06930693	0.00009400
-723.03630363	0.00008079
-723.00330033	-0.00003283
-722.97029703	0.00015695
-722.93729373	0.00009282
-722.90429043	0.00017211
-722.87128713	0.00019260
-722.83828383	0.00014202
-722.80528053	0.00018298
-722.77227723	0.00029168
-722.73927393	0.00021899
-722.70627063	0.00015778
-722.67326733	0.00017853
-722.64026403	0.00020884
-722.60726073	0.00015555
-722.57425743	0.00018101
-722.54125413	0.00014382
-722.50825083	0.00009845
-722.47524752	0.00022781
-722.44224422	0.00019664
-722.40924092	0.00018620
-722.37623762	0.00034657
-722.34323432	0.00019625
-722.31023102	0.00038343
-722.27722772	0.00024233
-722.24422442	0.00034503
-722.21122112	0.00017361
-722.17821782	0.00005063
-722.14521452	-0.00004523
-722.11221122	-0.00029222
-722.07920792	-0.00044757
-722.04620462	-0.00067110
-722.01320132	-0.00092828
-721.98019802	-0.00131944
-721.94719472	-0.00139831
-721.91419142	-0.00184327
-721.88118812	-0.00201188
-721.84818482	-0.00236799
-721.81518152	-0.00247316
-721.78217822	-0.00284536
-721.74917492	-0.00300693
-721.71617162	-0.00336132
-721.68316832	-0.00368440
-721.65016502	-0.00408005
-721.61716172	-0.00453821
-721.58415842	-0.00497529
-721.55115512	-0.00562794
-721.51815182	-0.00615535
-721.48514851	-0.00675188
-721.45214521	-0.00718848
-721.41914191	-0.00757172
-721.38613861	-0.00781092
-721.35313531	-0.00779821
-721.32013201	-0.00742116
-721.28712871	-0.00690000
-721.25412541	-0.00586720
-721.22112211	-0.00492768
-721.18811881	-0.00350110
-721.15511551	-0.00223084
-721.12211221	-0.00061745
-721.08910891	0.00051822
-721.05610561	0.00171622
-721.02310231	0.00255374
-720.99009901	0.00323759
-720.95709571	0.00358971
-720.92409241	0.00371433
-720.89108911	0.00365261
-720.85808581	0.00364555
-720.82508251	0.00346616
-720.79207921	0.00347695
-720.75907591	0.00348118
-720.72607261	0.00343831
-720.69306931	0.00372122
-720.66006601	0.00378089
-720.62706271	0.00401711
-720.59405941	0.00400156
-720.56105611	0.00408972
-720.52805281	0.00376212
-720.49504950	0.00359907
-720.46204620	0.00305704
-720.42904290	0.00261539
-720.39603960	0.00190209
-720.36303630	0.00122297
-720.33003300	0.00047920
-720.29702970	-0.00033680
-720.26402640	-0.00113218
-720.23102310	-0.00188041
-720.19801980	-0.00269616
-720.16501650	-0.00360297
-720.13201320	-0.00436447
-720.09900990	-0.00534782
-720.06600660	-0.00632204
-720.03300330	-0.00743562
-720.00000000	-0.00866094
-719.96699670	-0.00995753
-719.93399340	-0.01151798
-719.90099010	-0.01294326
-719.86798680	-0.01465725
-719.83498350	-0.01619173
-719.80198020	-0.01760849
-719.76897690	-0.01883109
-719.73597360	-0.01948461
-719.70297030	-0.01979408
-719.66996700	-0.01928483
-719.63696370	-0.01832784
-719.60396040	-0.01645867
-719.57095710	-0.01413052
-719.53795380	-0.01132966
-719.50495050	-0.00819416
-719.47194719	-0.00497652
-719.43894389	-0.00194479
-719.40594059	0.00064635
-719.37293729	0.00279861
-719.33993399	0.00410960
-719.30693069	0.00499366
-719.27392739	0.00494923
-719.24092409	0.00462598
-719.20792079	0.00379134
-719.17491749	0.00281655
-719.14191419	0.00182442
-719.10891089	0.00087028
-719.07590759	-0.00004824
-719.04290429	-0.00060143
-719.00990099	-0.00112387
-718.97689769	-0.00127395
-718.94389439	-0.00142556
-718.91089109	-0.00122946
-718.87788779	-0.00100696
-718.84488449	-0.00041352
-718.81188119	0.00024884
-718.77887789	0.00120699
-718.74587459	0.00231864
-718.71287129	0.00362544
-718.67986799	0.00508244
-718.64686469	0.00675495
-718.61386139	0.00863981
-718.58085809	0.01055649
-718.54785479	0.01274333
-718.51485149	0.01494140
-718.48184818	0.01752968
-718.44884488	0.02027294
-718.41584158	0.02332800
-718.38283828	0.02684095
-718.34983498	0.03051250
-718.31683168	0.03493834
-718.28382838	0.03971337
-718.25082508	0.04510119
-718.21782178	0.05100985
-718.18481848	0.05739037
-718.15181518	0.06444013
-718.11881188	0.07167507
-718.08580858	0.07949639
-718.05280528	0.08760918
-718.01980198	0.09589486
-717.98679868	0.10440486
-717.95379538	0.11300201
-717.92079208	0.12182494
-717.88778878	0.13069674
-717.85478548	0.13989688
-717.82178218	0.14928606
-717.78877888	0.15933649
-717.75577558	0.17000255
-717.72277228	0.18171038
-717.68976898	0.19470372
-717.65676568	0.20920638
-717.62376238	0.22557850
-717.59075908	0.24405729
-717.55775578	0.26475924
-717.52475248	0.28756079
-717.49174917	0.31247889
-717.45874587	0.33909404
-717.42574257	0.36681391
-717.39273927	0.39476112
-717.35973597	0.42217438
-717.32673267	0.44751991
-717.29372937	0.46968919
-717.26072607	0.48669624
-717.22772277	0.49753064
-717.19471947	0.50006271
-717.16171617	0.49345769
-717.12871287	0.47644553
-717.09570957	0.44829507
-717.06270627	0.40855386
-717.02970297	0.35801841
-716.99669967	0.29710446
-716.96369637	0.22713500
-716.93069307	0.14995148
-716.89768977	0.06678493
-716.86468647	-0.02031779
-716.83168317	-0.11041772
-716.79867987	-0.20278309
-716.76567657	-0.29741991
-716.73267327	-0.39549476
-716.69966997	-0.49904321
-716.66666667	-0.61033459
-716.63366337	-0.73202441
-716.60066007	-0.86702377
-716.56765677	-1.01614299
-716.53465347	-1.17921631
-716.50165017	-1.35338098
-716.46864686	-1.53298396
-716.43564356	-1.70933983
-716.40264026	-1.87128298
-716.36963696	-2.00508273
-716.33663366	-2.09668145
-716.30363036	-2.13267515
-716.27062706	-2.10142397
-716.23762376	-1.99576667
-716.20462046	-1.81349090
-716.17161716	-1.55843705
-716.13861386	-1.24109142
-716.10561056	-0.87759069
-716.07260726	-0.48861671
-716.03960396	-0.09737571
-716.00660066	0.27348797
-715.97359736	0.60371575
-715.94059406	0.87833655
-715.90759076	1.08899423
-715.87458746	1.23323434
-715.84158416	1.31486677
-715.80858086	1.34127701
-715.77557756	1.32291688
-715.74257426	1.27026584
-715.70957096	1.19329875
-715.67656766	1.10033513
-715.64356436	0.99820214
-715.61056106	0.89199158
-715.57755776	0.78590373
-715.54455446	0.68380738
-715.51155116	0.58851550
-715.47854785	0.50285619
-715.44554455	0.42922885
-715.41254125	0.36869204
-715.37953795	0.32145484
-715.34653465	0.28697818
-715.31353135	0.26364569
-715.28052805	0.24903718
-715.24752475	0.24098014
-715.21452145	0.23601443
-715.18151815	0.23190106
-715.14851485	0.22579315
-715.11551155	0.21535293
-715.08250825	0.19980438
-715.04950495	0.17871366
-715.01650165	0.15301117
-714.98349835	0.12432232
-714.95049505	0.09522046
-714.91749175	0.06753651
-714.88448845	0.04347430
-714.85148515	0.02468961
-714.81848185	0.01178295
-714.78547855	0.00534599
-714.75247525	0.00484323
-714.71947195	0.00996596
-714.68646865	0.01948751
-714.65346535	0.03198312
-714.62046205	0.04586081
-714.58745875	0.05943980
-714.55445545	0.07095263
-714.52145215	0.07888136
-714.48844884	0.08261678
-714.45544554	0.08103986
-714.42244224	0.07490389
-714.38943894	0.06430371
-714.35643564	0.05044284
-714.32343234	0.03457668
-714.29042904	0.01824711
-714.25742574	0.00271159
-714.22442244	-0.01060266
-714.19141914	-0.02101218
-714.15841584	-0.02757113
-714.12541254	-0.03050629
-714.09240924	-0.02957748
-714.05940594	-0.02558640
-714.02640264	-0.01954861
-713.99339934	-0.01204801
-713.96039604	-0.00464951
-713.92739274	0.00152340
-713.89438944	0.00585079
-713.86138614	0.00782319
-713.82838284	0.00722056
-713.79537954	0.00442037
-713.76237624	-0.00023103
-713.72937294	-0.00609248
-713.69636964	-0.01222814
-713.66336634	-0.01864290
-713.63036304	-0.02473480
-713.59735974	-0.03010596
-713.56435644	-0.03496484
-713.53135314	-0.03904083
-713.49834983	-0.04239043
-713.46534653	-0.04474118
-713.43234323	-0.04624536
-713.39933993	-0.04677942
-713.36633663	-0.04623252
-713.33333333	-0.04489234
-713.30033003	-0.04302376
-713.26732673	-0.04086099
-713.23432343	-0.03895087
-713.20132013	-0.03708071
-713.16831683	-0.03546272
-713.13531353	-0.03409998
-713.10231023	-0.03217567
-713.06930693	-0.02967631
-713.03630363	-0.02563529
-713.00330033	-0.01974713
-712.97029703	-0.01198335
-712.93729373	-0.00216043
-712.90429043	0.00937229
-712.87128713	0.02171046
-712.83828383	0.03391637
-712.80528053	0.04502308
-712.77227723	0.05386628
-712.73927393	0.05982812
-712.70627063	0.06206298
-712.67326733	0.06057081
-712.64026403	0.05531404
-712.60726073	0.04651774
-712.57425743	0.03475154
-712.54125413	0.02061767
-712.50825083	0.00496948
-712.47524752	-0.01123540
-712.44224422	-0.02653683
-712.40924092	-0.04026966
-712.37623762	-0.05083002
-712.34323432	-0.05767914
-712.31023102	-0.05990774
-712.27722772	-0.05781701
-712.24422442	-0.05159507
-712.21122112	-0.04239187
-712.17821782	-0.03158234
-712.14521452	-0.02013039
-712.11221122	-0.00990943
-712.07920792	-0.00209999
-712.04620462	0.00262123
-712.01320132	0.00421619
-711.98019802	0.00222732
-711.94719472	-0.00247563
-711.91419142	-0.00914003
-711.88118812	-0.01668028
-711.84818482	-0.02405533
-711.81518152	-0.03046930
-711.78217822	-0.03521472
-711.74917492	-0.03791302
-711.71617162	-0.03836314
-711.68316832	-0.03683133
-711.65016502	-0.03383063
-711.61716172	-0.02956325
-711.58415842	-0.02466995
-711.55115512	-0.01960524
-711.51815182	-0.01437156
-711.48514851	-0.00960107
-711.45214521	-0.00521380
-711.41914191	-0.00128623
-711.38613861	0.00200789
-711.35313531	0.00448211
-711.32013201	0.00643356
-711.28712871	0.00757196
-711.25412541	0.00788468
-711.22112211	0.00776939
-711.18811881	0.00670674
-711.15511551	0.00566135
-711.12211221	0.00440834
-711.08910891	0.00350618
-711.05610561	0.00304984
-711.02310231	0.00336614
-710.99009901	0.00438374
-710.95709571	0.00556539
-710.92409241	0.00681259
-710.89108911	0.00723221
-710.85808581	0.00617873
-710.82508251	0.00325743
-710.79207921	-0.00173139
-710.75907591	-0.00866900
-710.72607261	-0.01685732
-710.69306931	-0.02543231
-710.66006601	-0.03329449
-710.62706271	-0.03938792
-710.59405941	-0.04345978
-710.56105611	-0.04502627
-710.52805281	-0.04417183
-710.49504950	-0.04177923
-710.46204620	-0.03839901
-710.42904290	-0.03491847
-710.39603960	-0.03172899
-710.36303630	-0.02923710
-710.33003300	-0.02758111
-710.29702970	-0.02650568
-710.26402640	-0.02614234
-710.23102310	-0.02592442
-710.19801980	-0.02604850
-710.16501650	-0.02587914
-710.13201320	-0.02576052
-710.09900990	-0.02521448
-710.06600660	-0.02402809
-710.03300330	-0.02232298
-710.00000000	-0.01972812
-709.96699670	-0.01624139
-709.93399340	-0.01211209
-709.90099010	-0.00705934
-709.86798680	-0.00173708
-709.83498350	0.00322510
-709.80198020	0.00758152
-709.76897690	0.01063464
-709.73597360	0.01225206
-709.70297030	0.01236948
-709.66996700	0.01104960
-709.63696370	0.00910663
-709.60396040	0.00710226
-709.57095710	0.00549131
-709.53795380	0.00486329
-709.50495050	0.00529414
-709.47194719	0.00682025
-709.43894389	0.00903100
-709.40594059	0.01205512
-709.37293729	0.01523576
-709.33993399	0.01847828
-709.30693069	0.02181865
-709.27392739	0.02476343
-709.24092409	0.02722110
-709.20792079	0.02930784
-709.17491749	0.03058792
-709.14191419	0.03107726
-709.10891089	0.03075201
-709.07590759	0.02941705
-709.04290429	0.02667604
-709.00990099	0.02243507
-708.97689769	0.01690413
-708.94389439	0.00956288
-708.91089109	0.00093428
-708.87788779	-0.00835386
-708.84488449	-0.01795329
-708.81188119	-0.02688572
-708.77887789	-0.03463663
-708.74587459	-0.04054061
-708.71287129	-0.04477811
-708.67986799	-0.04732543
-708.64686469	-0.04862650
-708.61386139	-0.04929228
-708.58085809	-0.04973354
-708.54785479	-0.05037741
-708.51485149	-0.05118646
-708.48184818	-0.05197016
-708.44884488	-0.05247868
-708.41584158	-0.05203165
-708.38283828	-0.05049570
-708.34983498	-0.04734882
-708.31683168	-0.04244296
-708.28382838	-0.03611037
-708.25082508	-0.02861828
-708.21782178	-0.02031516
-708.18481848	-0.01194915
-708.15181518	-0.00380330
-708.11881188	0.00404830
-708.08580858	0.01120569
-708.05280528	0.01790390
-708.01980198	0.02425579
-707.98679868	0.02987603
-707.95379538	0.03478903
-707.92079208	0.03878822
-707.88778878	0.04130477
-707.85478548	0.04195294
-707.82178218	0.04086773
-707.78877888	0.03820039
-707.75577558	0.03444798
-707.72277228	0.03017589
-707.68976898	0.02650821
-707.65676568	0.02370084
-707.62376238	0.02238716
-707.59075908	0.02282058
-707.55775578	0.02460040
-707.52475248	0.02757878
-707.49174917	0.03117778
-707.45874587	0.03463715
-707.42574257	0.03788068
-707.39273927	0.04035083
-707.35973597	0.04187333
-707.32673267	0.04224127
-707.29372937	0.04148238
-707.26072607	0.03998878
-707.22772277	0.03741906
-707.19471947	0.03382940
-707.16171617	0.02951103
-707.12871287	0.02415892
-707.09570957	0.01812721
-707.06270627	0.01164700
-707.02970297	0.00496308
-706.99669967	-0.00177257
-706.96369637	-0.00794582
-706.93069307	-0.01319864
-706.89768977	-0.01779797
-706.86468647	-0.02140475
-706.83168317	-0.02427540
-706.79867987	-0.02670440
-706.76567657	-0.02820029
-706.73267327	-0.02943693
-706.69966997	-0.03019453
-706.66666667	-0.03024185
-706.63366337	-0.02963166
-706.60066007	-0.02852589
-706.56765677	-0.02674303
-706.53465347	-0.02466325
-706.50165017	-0.02240911
-706.46864686	-0.02007808
-706.43564356	-0.01815969
-706.40264026	-0.01620297
-706.36963696	-0.01451657
-706.33663366	-0.01291817
-706.30363036	-0.01125349
-706.27062706	-0.00945412
-706.23762376	-0.00740057
-706.20462046	-0.00527390
-706.17161716	-0.00329164
-706.13861386	-0.00149409
-706.10561056	-0.00032795
-706.07260726	-0.00003043
-706.03960396	-0.00083028
-706.00660066	-0.00225177
-705.97359736	-0.00469161
-705.94059406	-0.00750526
-705.90759076	-0.00981155
-705.87458746	-0.01156783
-705.84158416	-0.01242849
-705.80858086	-0.01177178
-705.77557756	-0.00969753
-705.74257426	-0.00645634
-705.70957096	-0.00246427
-705.67656766	0.00155056
-705.64356436	0.00527185
-705.61056106	0.00837216
-705.57755776	0.01027291
-705.54455446	0.01133270
-705.51155116	0.01162579
-705.47854785	0.01131699
-705.44554455	0.01071638
-705.41254125	0.00992589
-705.37953795	0.00921768
-705.34653465	0.00852702
-705.31353135	0.00777005
-705.28052805	0.00671889
-705.24752475	0.00539936
-705.21452145	0.00375931
-705.18151815	0.00201941
-705.14851485	0.00025367
-705.11551155	-0.00133558
-705.08250825	-0.00269315
-705.04950495	-0.00339830
-705.01650165	-0.00374781
-704.98349835	-0.00363656
-704.95049505	-0.00330697
-704.91749175	-0.00288916
-704.88448845	-0.00248894
-704.85148515	-0.00241470
-704.81848185	-0.00284807
-704.78547855	-0.00364089
-704.75247525	-0.00497605
-704.71947195	-0.00671011
-704.68646865	-0.00863206
-704.65346535	-0.01020358
-704.62046205	-0.01142884
-704.58745875	-0.01178223
-704.55445545	-0.01085358
-704.52145215	-0.00875350
-704.48844884	-0.00510747
-704.45544554	-0.00045238
-704.42244224	0.00504768
-704.38943894	0.01073996
-704.35643564	0.01629632
-704.32343234	0.02128554
-704.29042904	0.02520325
-704.25742574	0.02764811
-704.22442244	0.02896109
-704.19141914	0.02878351
-704.15841584	0.02725113
-704.12541254	0.02447989
-704.09240924	0.02046597
-704.05940594	0.01572137
-704.02640264	0.01016076
-703.99339934	0.00466735
-703.96039604	-0.00075006
-703.92739274	-0.00542355
-703.89438944	-0.00880062
-703.86138614	-0.01045098
-703.82838284	-0.00988007
-703.79537954	-0.00717372
-703.76237624	-0.00229399
-703.72937294	0.00434056
-703.69636964	0.01207098
-703.66336634	0.02024135
-703.63036304	0.02819247
-703.59735974	0.03530994
-703.56435644	0.04082463
-703.53135314	0.04476592
-703.49834983	0.04691927
-703.46534653	0.04726384
-703.43234323	0.04623893
-703.39933993	0.04387330
-703.36633663	0.04057970
-703.33333333	0.03679110
-703.30033003	0.03269650
-703.26732673	0.02845856
-703.23432343	0.02466196
-703.20132013	0.02145481
-703.16831683	0.01904314
-703.13531353	0.01796645
-703.10231023	0.01829247
-703.06930693	0.01989783
-703.03630363	0.02287468
-703.00330033	0.02618908
-702.97029703	0.02953002
-702.93729373	0.03221303
-702.90429043	0.03319993
-702.87128713	0.03212106
-702.83828383	0.02886117
-702.80528053	0.02345569
-702.77227723	0.01635836
-702.73927393	0.00808129
-702.70627063	-0.00066845
-702.67326733	-0.00964474
-702.64026403	-0.01806915
-702.60726073	-0.02632695
-702.57425743	-0.03442315
-702.54125413	-0.04254312
-702.50825083	-0.05137146
-702.47524752	-0.06122527
-702.44224422	-0.07239580
-702.40924092	-0.08540645
-702.37623762	-0.10010747
-702.34323432	-0.11621258
-702.31023102	-0.13325173
-702.27722772	-0.15035757
-702.24422442	-0.16656273
-702.21122112	-0.18049678
-702.17821782	-0.19125619
-702.14521452	-0.19722060
-702.11221122	-0.19749405
-702.07920792	-0.19141827
-702.04620462	-0.17801848
-702.01320132	-0.15758084
-701.98019802	-0.13047159
-701.94719472	-0.09737823
-701.91419142	-0.06012534
-701.88118812	-0.02045894
-701.84818482	0.01941545
-701.81518152	0.05736843
-701.78217822	0.09148747
-701.74917492	0.11971938
-701.71617162	0.14113637
-701.68316832	0.15520931
-701.65016502	0.16195179
-701.61716172	0.16205360
-701.58415842	0.15639275
-701.55115512	0.14638878
-701.51815182	0.13330015
-701.48514851	0.11833016
-701.45214521	0.10242032
-701.41914191	0.08566407
-701.38613861	0.06840823
-701.35313531	0.05018235
-701.32013201	0.03053335
-701.28712871	0.00897250
-701.25412541	-0.01467153
-701.22112211	-0.04031769
-701.18811881	-0.06711522
-701.15511551	-0.09397290
-701.12211221	-0.11927742
-701.08910891	-0.14173317
-701.05610561	-0.15908884
-701.02310231	-0.16977656
-700.99009901	-0.17283646
-700.95709571	-0.16667676
-700.92409241	-0.15147015
-700.89108911	-0.12773729
-700.85808581	-0.09626717
-700.82508251	-0.05905705
-700.79207921	-0.01838871
-700.75907591	0.02337961
-700.72607261	0.06388843
-700.69306931	0.10107427
-700.66006601	0.13338682
-700.62706271	0.16003913
-700.59405941	0.18050611
-700.56105611	0.19499492
-700.52805281	0.20432194
-700.49504950	0.20915988
-700.46204620	0.21050526
-700.42904290	0.20904516
-700.39603960	0.20537878
-700.36303630	0.19977533
-700.33003300	0.19237340
-700.29702970	0.18319127
-700.26402640	0.17190263
-700.23102310	0.15867376
-700.19801980	0.14344480
-700.16501650	0.12653355
-700.13201320	0.10813388
-700.09900990	0.08840681
-700.06600660	0.06801674
-700.03300330	0.04692395
-700.00000000	0.02529189
-699.96699670	0.00344278
-699.93399340	-0.01855742
-699.90099010	-0.04020377
-699.86798680	-0.06090431
-699.83498350	-0.07981644
-699.80198020	-0.09610679
-699.76897690	-0.10871810
-699.73597360	-0.11721347
-699.70297030	-0.12115909
-699.66996700	-0.12043291
-699.63696370	-0.11583290
-699.60396040	-0.10792268
-699.57095710	-0.09790402
-699.53795380	-0.08648447
-699.50495050	-0.07477638
-699.47194719	-0.06358087
-699.43894389	-0.05340260
-699.40594059	-0.04442355
-699.37293729	-0.03667370
-699.33993399	-0.03041248
-699.30693069	-0.02503919
-699.27392739	-0.02076946
-699.24092409	-0.01727561
-699.20792079	-0.01448967
-699.17491749	-0.01223959
-699.14191419	-0.01094567
-699.10891089	-0.00999407
-699.07590759	-0.00941735
-699.04290429	-0.00941228
-699.00990099	-0.00913415
-698.97689769	-0.00883238
-698.94389439	-0.00873217
-698.91089109	-0.00802573
-698.87788779	-0.00751471
-698.84488449	-0.00711013
-698.81188119	-0.00686188
-698.77887789	-0.00741392
-698.74587459	-0.00836787
-698.71287129	-0.00980147
-698.67986799	-0.01206211
-698.64686469	-0.01463588
-698.61386139	-0.01729822
-698.58085809	-0.01991433
-698.54785479	-0.02181324
-698.51485149	-0.02270421
-698.48184818	-0.02214548
-698.44884488	-0.01997042
-698.41584158	-0.01606139
-698.38283828	-0.01053255
-698.34983498	-0.00371126
-698.31683168	0.00361474
-698.28382838	0.01094857
-698.25082508	0.01738040
-698.21782178	0.02205436
-698.18481848	0.02462079
-698.15181518	0.02467662
-698.11881188	0.02217335
-698.08580858	0.01742152
-698.05280528	0.01089031
-698.01980198	0.00327875
-697.98679868	-0.00468809
-697.95379538	-0.01231938
-697.92079208	-0.01894734
-697.88778878	-0.02405557
-697.85478548	-0.02716080
-697.82178218	-0.02840358
-697.78877888	-0.02751799
-697.75577558	-0.02478357
-697.72277228	-0.02079083
-697.68976898	-0.01589462
-697.65676568	-0.01074650
-697.62376238	-0.00599486
-697.59075908	-0.00172309
-697.55775578	0.00147122
-697.52475248	0.00353946
-697.49174917	0.00452987
-697.45874587	0.00478054
-697.42574257	0.00435762
-697.39273927	0.00386668
-697.35973597	0.00358059
-697.32673267	0.00352205
-697.29372937	0.00408273
-697.26072607	0.00528586
-697.22772277	0.00669193
-697.19471947	0.00831238
-697.16171617	0.00991927
-697.12871287	0.01094674
-697.09570957	0.01157756
-697.06270627	0.01135838
-697.02970297	0.01000911
-696.99669967	0.00791014
-696.96369637	0.00465846
-696.93069307	0.00045060
-696.89768977	-0.00435883
-696.86468647	-0.00944677
-696.83168317	-0.01423720
-696.79867987	-0.01816616
-696.76567657	-0.02063023
-696.73267327	-0.02114471
-696.69966997	-0.01912834
-696.66666667	-0.01468788
-696.63366337	-0.00826188
-696.60066007	-0.00007553
-696.56765677	0.00926912
-696.53465347	0.01877650
-696.50165017	0.02755030
-696.46864686	0.03471654
-696.43564356	0.03960167
-696.40264026	0.04174657
-696.36963696	0.04037448
-696.33663366	0.03598162
-696.30363036	0.02848947
-696.27062706	0.01862410
-696.23762376	0.00774995
-696.20462046	-0.00346454
-696.17161716	-0.01382564
-696.13861386	-0.02204186
-696.10561056	-0.02756958
-696.07260726	-0.03043293
-696.03960396	-0.03023146
-696.00660066	-0.02770788
-695.97359736	-0.02338171
-695.94059406	-0.01782539
-695.90759076	-0.01191477
-695.87458746	-0.00641263
-695.84158416	-0.00144316
-695.80858086	0.00224491
-695.77557756	0.00474623
-695.74257426	0.00594415
-695.70957096	0.00596319
-695.67656766	0.00515514
-695.64356436	0.00364639
-695.61056106	0.00197800
-695.57755776	0.00032998
-695.54455446	-0.00105800
-695.51155116	-0.00187306
-695.47854785	-0.00215471
-695.44554455	-0.00174020
-695.41254125	-0.00104869
-695.37953795	-0.00003097
-695.34653465	0.00107801
-695.31353135	0.00189473
-695.28052805	0.00233093
-695.24752475	0.00242765
-695.21452145	0.00192432
-695.18151815	0.00130644
-695.14851485	0.00050809
-695.11551155	-0.00021858
-695.08250825	-0.00053392
-695.04950495	-0.00053988
-695.01650165	-0.00028234
-694.98349835	0.00025226
-694.95049505	0.00100739
-694.91749175	0.00163372
-694.88448845	0.00255555
-694.85148515	0.00332303
-694.81848185	0.00427860
-694.78547855	0.00547412
-694.75247525	0.00666728
-694.71947195	0.00772280
-694.68646865	0.00845997
-694.65346535	0.00854309
-694.62046205	0.00780396
-694.58745875	0.00577229
-694.55445545	0.00268285
-694.52145215	-0.00137684
-694.48844884	-0.00619684
-694.45544554	-0.01087866
-694.42244224	-0.01510252
-694.38943894	-0.01819883
-694.35643564	-0.01973310
-694.32343234	-0.01963762
-694.29042904	-0.01799912
-694.25742574	-0.01481245
-694.22442244	-0.01118574
-694.19141914	-0.00713539
-694.15841584	-0.00325399
-694.12541254	-0.00026739
-694.09240924	0.00200935
-694.05940594	0.00333307
-694.02640264	0.00371897
-693.99339934	0.00353366
-693.96039604	0.00288818
-693.92739274	0.00218627
-693.89438944	0.00137187
-693.86138614	0.00084116
-693.82838284	0.00068276
-693.79537954	0.00089426
-693.76237624	0.00182706
-693.72937294	0.00323718
-693.69636964	0.00517960
-693.66336634	0.00749548
-693.63036304	0.00961584
-693.59735974	0.01166136
-693.56435644	0.01304414
-693.53135314	0.01355195
-693.49834983	0.01323197
-693.46534653	0.01182328
-693.43234323	0.00953881
-693.39933993	0.00677787
-693.36633663	0.00366291
-693.33333333	0.00069021
-693.30033003	-0.00213802
-693.26732673	-0.00420238
-693.23432343	-0.00555286
-693.20132013	-0.00610896
-693.16831683	-0.00573818
-693.13531353	-0.00433131
-693.10231023	-0.00234898
-693.06930693	0.00054336
-693.03630363	0.00397926
-693.00330033	0.00768515
-692.97029703	0.01148439
-692.93729373	0.01494921
-692.90429043	0.01776732
-692.87128713	0.01927721
-692.83828383	0.01954280
-692.80528053	0.01841205
-692.77227723	0.01545081
-692.73927393	0.01135181
-692.70627063	0.00628246
-692.67326733	0.00053272
-692.64026403	-0.00492907
-692.60726073	-0.00971294
-692.57425743	-0.01328514
-692.54125413	-0.01515157
-692.50825083	-0.01541063
-692.47524752	-0.01376455
-692.44224422	-0.01068776
-692.40924092	-0.00652454
-692.37623762	-0.00182674
-692.34323432	0.00263220
-692.31023102	0.00603253
-692.27722772	0.00818475
-692.24422442	0.00889041
-692.21122112	0.00749267
-692.17821782	0.00475836
-692.14521452	0.00082239
-692.11221122	-0.00376607
-692.07920792	-0.00839195
-692.04620462	-0.01272327
-692.01320132	-0.01598199
-691.98019802	-0.01826739
-691.94719472	-0.01950231
-691.91419142	-0.01958571
-691.88118812	-0.01899883
-691.84818482	-0.01774170
-691.81518152	-0.01582809
-691.78217822	-0.01384565
-691.74917492	-0.01163887
-691.71617162	-0.00935310
-691.68316832	-0.00717157
-691.65016502	-0.00514454
-691.61716172	-0.00351482
-691.58415842	-0.00235363
-691.55115512	-0.00169730
-691.51815182	-0.00138849
-691.48514851	-0.00106211
-691.45214521	-0.00055457
-691.41914191	0.00025916
-691.38613861	0.00194948
-691.35313531	0.00416985
-691.32013201	0.00702372
-691.28712871	0.01003335
-691.25412541	0.01299218
-691.22112211	0.01516546
-691.18811881	0.01605334
-691.15511551	0.01573475
-691.12211221	0.01404637
-691.08910891	0.01108640
-691.05610561	0.00724913
-691.02310231	0.00298231
-690.99009901	-0.00080724
-690.95709571	-0.00420724
-690.92409241	-0.00638754
-690.89108911	-0.00725047
-690.85808581	-0.00679140
-690.82508251	-0.00507455
-690.79207921	-0.00224900
-690.75907591	0.00123771
-690.72607261	0.00487340
-690.69306931	0.00808865
-690.66006601	0.01045977
-690.62706271	0.01159564
-690.59405941	0.01101875
-690.56105611	0.00908880
-690.52805281	0.00564623
-690.49504950	0.00104433
-690.46204620	-0.00357102
-690.42904290	-0.00834683
-690.39603960	-0.01215653
-690.36303630	-0.01485575
-690.33003300	-0.01619292
-690.29702970	-0.01621056
-690.26402640	-0.01506410
-690.23102310	-0.01297296
-690.19801980	-0.01015403
-690.16501650	-0.00683300
-690.13201320	-0.00333619
-690.09900990	0.00045339
-690.06600660	0.00417935
-690.03300330	0.00785266
-690.00000000	0.01119488
-689.96699670	0.01407061
-689.93399340	0.01661779
-689.90099010	0.01800149
-689.86798680	0.01858700
-689.83498350	0.01826819
-689.80198020	0.01694461
-689.76897690	0.01495060
-689.73597360	0.01248630
-689.70297030	0.00985157
-689.66996700	0.00760113
-689.63696370	0.00584672
-689.60396040	0.00489226
-689.57095710	0.00462467
-689.53795380	0.00521361
-689.50495050	0.00631798
-689.47194719	0.00773554
-689.43894389	0.00886699
-689.40594059	0.00972089
-689.37293729	0.00968345
-689.33993399	0.00905589
-689.30693069	0.00737232
-689.27392739	0.00536147
-689.24092409	0.00282120
-689.20792079	0.00018513
-689.17491749	-0.00166223
-689.14191419	-0.00309543
-689.10891089	-0.00338001
-689.07590759	-0.00258392
-689.04290429	-0.00090673
-689.00990099	0.00165182
-688.97689769	0.00456958
-688.94389439	0.00757534
-688.91089109	0.01013529
-688.87788779	0.01223795
-688.84488449	0.01345198
-688.81188119	0.01351325
-688.77887789	0.01272173
-688.74587459	0.01106442
-688.71287129	0.00865547
-688.67986799	0.00584808
-688.64686469	0.00254637
-688.61386139	-0.00056666
-688.58085809	-0.00365655
-688.54785479	-0.00671958
-688.51485149	-0.00945146
-688.48184818	-0.01173534
-688.44884488	-0.01373474
-688.41584158	-0.01525378
-688.38283828	-0.01644469
-688.34983498	-0.01701856
-688.31683168	-0.01701032
-688.28382838	-0.01650551
-688.25082508	-0.01513119
-688.21782178	-0.01343129
-688.18481848	-0.01118307
-688.15181518	-0.00828764
-688.11881188	-0.00542732
-688.08580858	-0.00233241
-688.05280528	0.00045677
-688.01980198	0.00289220
-687.98679868	0.00493166
-687.95379538	0.00637434
-687.92079208	0.00719739
-687.88778878	0.00765769
-687.85478548	0.00756477
-687.82178218	0.00726280
-687.78877888	0.00688604
-687.75577558	0.00677527
-687.72277228	0.00686347
-687.68976898	0.00754233
-687.65676568	0.00880139
-687.62376238	0.01083566
-687.59075908	0.01368061
-687.55775578	0.01724444
-687.52475248	0.02158173
-687.49174917	0.02634554
-687.45874587	0.03160010
-687.42574257	0.03704129
-687.39273927	0.04265736
-687.35973597	0.04819237
-687.32673267	0.05347432
-687.29372937	0.05858364
-687.26072607	0.06303723
-687.22772277	0.06702481
-687.19471947	0.07014645
-687.16171617	0.07222419
-687.12871287	0.07279244
-687.09570957	0.07153511
-687.06270627	0.06823806
-687.02970297	0.06267524
-686.99669967	0.05485474
-686.96369637	0.04511979
-686.93069307	0.03376413
-686.89768977	0.02136261
-686.86468647	0.00880412
-686.83168317	-0.00349014
-686.79867987	-0.01484726
-686.76567657	-0.02483987
-686.73267327	-0.03336868
-686.69966997	-0.04055225
-686.66666667	-0.04636934
-686.63366337	-0.05124027
-686.60066007	-0.05578639
-686.56765677	-0.05994471
-686.53465347	-0.06415403
-686.50165017	-0.06856761
-686.46864686	-0.07316521
-686.43564356	-0.07764757
-686.40264026	-0.08235316
-686.36963696	-0.08673497
-686.33663366	-0.09093775
-686.30363036	-0.09489526
-686.27062706	-0.09856990
-686.23762376	-0.10184364
-686.20462046	-0.10497941
-686.17161716	-0.10756123
-686.13861386	-0.10954959
-686.10561056	-0.11013299
-686.07260726	-0.10951035
-686.03960396	-0.10661347
-686.00660066	-0.10124675
-685.97359736	-0.09334405
-685.94059406	-0.08242580
-685.90759076	-0.06904995
-685.87458746	-0.05373054
-685.84158416	-0.03690972
-685.80858086	-0.01980375
-685.77557756	-0.00317392
-685.74257426	0.01232345
-685.70957096	0.02588642
-685.67656766	0.03691535
-685.64356436	0.04557559
-685.61056106	0.05150204
-685.57755776	0.05498945
-685.54455446	0.05677233
-685.51155116	0.05672064
-685.47854785	0.05578420
-685.44554455	0.05398158
-685.41254125	0.05203585
-685.37953795	0.04980910
-685.34653465	0.04773624
-685.31353135	0.04567109
-685.28052805	0.04358044
-685.24752475	0.04160079
-685.21452145	0.03936397
-685.18151815	0.03726037
-685.14851485	0.03516123
-685.11551155	0.03339120
-685.08250825	0.03179705
-685.04950495	0.03081657
-685.01650165	0.02993608
-684.98349835	0.02918007
-684.95049505	0.02829096
-684.91749175	0.02683269
-684.88448845	0.02453669
-684.85148515	0.02150981
-684.81848185	0.01740898
-684.78547855	0.01276259
-684.75247525	0.00793292
-684.71947195	0.00342663
-684.68646865	-0.00066469
-684.65346535	-0.00327151
-684.62046205	-0.00485971
-684.58745875	-0.00490006
-684.55445545	-0.00372178
-684.52145215	-0.00161839
-684.48844884	0.00116356
-684.45544554	0.00411137
-684.42244224	0.00651787
-684.38943894	0.00845186
-684.35643564	0.00948896
-684.32343234	0.00929344
-684.29042904	0.00819060
-684.25742574	0.00654773
-684.22442244	0.00413328
-684.19141914	0.00181450
-684.15841584	-0.00025624
-684.12541254	-0.00172073
-684.09240924	-0.00227214
-684.05940594	-0.00184234
-684.02640264	-0.00063412
-683.99339934	0.00139302
-683.96039604	0.00399417
-683.92739274	0.00684315
-683.89438944	0.00985769
-683.86138614	0.01273534
-683.82838284	0.01535121
-683.79537954	0.01758743
-683.76237624	0.01956528
-683.72937294	0.02096795
-683.69636964	0.02189119
-683.66336634	0.02227786
-683.63036304	0.02207740
-683.59735974	0.02128954
-683.56435644	0.01954669
-683.53135314	0.01717003
-683.49834983	0.01391935
-683.46534653	0.01014752
-683.43234323	0.00570526
-683.39933993	0.00111536
-683.36633663	-0.00355225
-683.33333333	-0.00796378
-683.30033003	-0.01168899
-683.26732673	-0.01469298
-683.23432343	-0.01635895
-683.20132013	-0.01695261
-683.16831683	-0.01614577
-683.13531353	-0.01424514
-683.10231023	-0.01130044
-683.06930693	-0.00800041
-683.03630363	-0.00425424
-683.00330033	-0.00120700
-682.97029703	0.00122944
-682.93729373	0.00273531
-682.90429043	0.00310272
-682.87128713	0.00255067
-682.83828383	0.00117096
-682.80528053	-0.00063884
-682.77227723	-0.00233394
-682.73927393	-0.00388188
-682.70627063	-0.00495322
-682.67326733	-0.00527967
-682.64026403	-0.00498880
-682.60726073	-0.00390624
-682.57425743	-0.00277724
-682.54125413	-0.00139012
-682.50825083	-0.00031179
-682.47524752	0.00017938
-682.44224422	0.00008427
-682.40924092	-0.00076319
-682.37623762	-0.00216977
-682.34323432	-0.00383166
-682.31023102	-0.00572210
-682.27722772	-0.00717770
-682.24422442	-0.00788979
-682.21122112	-0.00804606
-682.17821782	-0.00713721
-682.14521452	-0.00540412
-682.11221122	-0.00314621
-682.07920792	-0.00043847
-682.04620462	0.00202871
-682.01320132	0.00435584
-681.98019802	0.00612008
-681.94719472	0.00705742
-681.91419142	0.00730621
-681.88118812	0.00688462
-681.84818482	0.00605493
-681.81518152	0.00473901
-681.78217822	0.00322653
-681.74917492	0.00167278
-681.71617162	0.00031594
-681.68316832	-0.00120438
-681.65016502	-0.00237532
-681.61716172	-0.00359917
-681.58415842	-0.00471866
-681.55115512	-0.00588814
-681.51815182	-0.00697457
-681.48514851	-0.00794170
-681.45214521	-0.00890605
-681.41914191	-0.00972374
-681.38613861	-0.01038491
-681.35313531	-0.01077393
-681.32013201	-0.01109974
-681.28712871	-0.01113873
-681.25412541	-0.01106896
-681.22112211	-0.01078365
-681.18811881	-0.01038210
-681.15511551	-0.00976562
-681.12211221	-0.00920710
-681.08910891	-0.00818853
-681.05610561	-0.00709412
-681.02310231	-0.00560545
-680.99009901	-0.00378027
-680.95709571	-0.00155777
-680.92409241	0.00100523
-680.89108911	0.00398273
-680.85808581	0.00696684
-680.82508251	0.00970553
-680.79207921	0.01199676
-680.75907591	0.01339204
-680.72607261	0.01373248
-680.69306931	0.01292741
-680.66006601	0.01089357
-680.62706271	0.00799908
-680.59405941	0.00450573
-680.56105611	0.00064081
-680.52805281	-0.00299329
-680.49504950	-0.00623831
-680.46204620	-0.00867844
-680.42904290	-0.01021000
-680.39603960	-0.01061698
-680.36303630	-0.01014676
-680.33003300	-0.00852574
-680.29702970	-0.00650021
-680.26402640	-0.00371356
-680.23102310	-0.00095978
-680.19801980	0.00172397
-680.16501650	0.00384558
-680.13201320	0.00538008
-680.09900990	0.00592577
-680.06600660	0.00563795
-680.03300330	0.00453293
-680.00000000	0.00281301
-679.96699670	0.00047516
-679.93399340	-0.00169411
-679.90099010	-0.00417323
-679.86798680	-0.00632014
-679.83498350	-0.00803517
-679.80198020	-0.00958901
-679.76897690	-0.01067296
-679.73597360	-0.01162928
-679.70297030	-0.01204976
-679.66996700	-0.01234479
-679.63696370	-0.01231506
-679.60396040	-0.01174998
-679.57095710	-0.01109350
-679.53795380	-0.00998732
-679.50495050	-0.00870993
-679.47194719	-0.00740932
-679.43894389	-0.00626146
-679.40594059	-0.00530805
-679.37293729	-0.00483208
-679.33993399	-0.00471720
-679.30693069	-0.00507370
-679.27392739	-0.00555565
-679.24092409	-0.00623160
-679.20792079	-0.00661428
-679.17491749	-0.00683867
-679.14191419	-0.00635651
-679.10891089	-0.00553382
-679.07590759	-0.00396774
-679.04290429	-0.00217679
-679.00990099	0.00016146
-678.97689769	0.00250178
-678.94389439	0.00477964
-678.91089109	0.00666988
-678.87788779	0.00836161
-678.84488449	0.00923614
-678.81188119	0.00981611
-678.77887789	0.00959370
-678.74587459	0.00902150
-678.71287129	0.00812691
-678.67986799	0.00701954
-678.64686469	0.00597823
-678.61386139	0.00535014
-678.58085809	0.00492804
-678.54785479	0.00521588
-678.51485149	0.00600119
-678.48184818	0.00731325
-678.44884488	0.00904702
-678.41584158	0.01102056
-678.38283828	0.01296991
-678.34983498	0.01502980
-678.31683168	0.01670330
-678.28382838	0.01806636
-678.25082508	0.01918065
-678.21782178	0.01994334
-678.18481848	0.02066102
-678.15181518	0.02137261
-678.11881188	0.02201096
-678.08580858	0.02304580
-678.05280528	0.02403847
-678.01980198	0.02534771
-677.98679868	0.02659095
-677.95379538	0.02779487
-677.92079208	0.02867745
-677.88778878	0.02926662
-677.85478548	0.02931848
-677.82178218	0.02878565
-677.78877888	0.02770770
-677.75577558	0.02595681
-677.72277228	0.02386900
-677.68976898	0.02124697
-677.65676568	0.01859308
-677.62376238	0.01581108
-677.59075908	0.01330867
-677.55775578	0.01129698
-677.52475248	0.00959356
-677.49174917	0.00867446
-677.45874587	0.00818703
-677.42574257	0.00840758
-677.39273927	0.00873537
-677.35973597	0.00945741
-677.32673267	0.01016550
-677.29372937	0.01070729
-677.26072607	0.01104859
-677.22772277	0.01088285
-677.19471947	0.01039871
-677.16171617	0.00933815
-677.12871287	0.00774941
-677.09570957	0.00592495
-677.06270627	0.00352756
-677.02970297	0.00100879
-676.99669967	-0.00158921
-676.96369637	-0.00431549
-676.93069307	-0.00659693
-676.89768977	-0.00873885
-676.86468647	-0.01012686
-676.83168317	-0.01101036
-676.79867987	-0.01116008
-676.76567657	-0.01069400
-676.73267327	-0.00985233
-676.69966997	-0.00860818
-676.66666667	-0.00765865
-676.63366337	-0.00682159
-676.60066007	-0.00681293
-676.56765677	-0.00764705
-676.53465347	-0.00960168
-676.50165017	-0.01241266
-676.46864686	-0.01607976
-676.43564356	-0.02019924
-676.40264026	-0.02426440
-676.36963696	-0.02805297
-676.33663366	-0.03064042
-676.30363036	-0.03243185
-676.27062706	-0.03256047
-676.23762376	-0.03158679
-676.20462046	-0.02940151
-676.17161716	-0.02678782
-676.13861386	-0.02379199
-676.10561056	-0.02115677
-676.07260726	-0.01918921
-676.03960396	-0.01812996
-676.00660066	-0.01806388
-675.97359736	-0.01923292
-675.94059406	-0.02064769
-675.90759076	-0.02260406
-675.87458746	-0.02438554
-675.84158416	-0.02565724
-675.80858086	-0.02621163
-675.77557756	-0.02601818
-675.74257426	-0.02528314
-675.70957096	-0.02397815
-675.67656766	-0.02266096
-675.64356436	-0.02145303
-675.61056106	-0.02105273
-675.57755776	-0.02087758
-675.54455446	-0.02149730
-675.51155116	-0.02225269
-675.47854785	-0.02332721
-675.44554455	-0.02393480
-675.41254125	-0.02434795
-675.37953795	-0.02375526
-675.34653465	-0.02244644
-675.31353135	-0.02050259
-675.28052805	-0.01760822
-675.24752475	-0.01445212
-675.21452145	-0.01107289
-675.18151815	-0.00789076
-675.14851485	-0.00499934
-675.11551155	-0.00267904
-675.08250825	-0.00080785
-675.04950495	0.00004405
-675.01650165	0.00066876
-674.98349835	0.00040606
-674.95049505	-0.00021723
-674.91749175	-0.00135425
-674.88448845	-0.00296791
-674.85148515	-0.00482575
-674.81848185	-0.00694416
-674.78547855	-0.00924273
-674.75247525	-0.01136753
-674.71947195	-0.01348323
-674.68646865	-0.01499863
-674.65346535	-0.01615864
-674.62046205	-0.01619200
-674.58745875	-0.01547123
-674.55445545	-0.01370005
-674.52145215	-0.01118674
-674.48844884	-0.00789668
-674.45544554	-0.00428591
-674.42244224	-0.00070740
-674.38943894	0.00238429
-674.35643564	0.00484317
-674.32343234	0.00654285
-674.29042904	0.00718459
-674.25742574	0.00717162
-674.22442244	0.00641084
-674.19141914	0.00528963
-674.15841584	0.00427224
-674.12541254	0.00291943
-674.09240924	0.00223885
-674.05940594	0.00168861
-674.02640264	0.00163028
-673.99339934	0.00194304
-673.96039604	0.00250820
-673.92739274	0.00326941
-673.89438944	0.00416614
-673.86138614	0.00509381
-673.82838284	0.00603246
-673.79537954	0.00672530
-673.76237624	0.00744498
-673.72937294	0.00798261
-673.69636964	0.00879106
-673.66336634	0.00923864
-673.63036304	0.01022750
-673.59735974	0.01116519
-673.56435644	0.01238164
-673.53135314	0.01361295
-673.49834983	0.01494388
-673.46534653	0.01621618
-673.43234323	0.01747763
-673.39933993	0.01870081
-673.36633663	0.01982924
-673.33333333	0.02104102
-673.30033003	0.02217173
-673.26732673	0.02333543
-673.23432343	0.02438643
-673.20132013	0.02512382
-673.16831683	0.02548757
-673.13531353	0.02525369
-673.10231023	0.02448590
-673.06930693	0.02289003
-673.03630363	0.02076940
-673.00330033	0.01817294
-672.97029703	0.01525189
-672.93729373	0.01246238
-672.90429043	0.00993633
-672.87128713	0.00773486
-672.83828383	0.00642467
-672.80528053	0.00575002
-672.77227723	0.00592109
-672.73927393	0.00685563
-672.70627063	0.00834723
-672.67326733	0.01028419
-672.64026403	0.01254112
-672.60726073	0.01452145
-672.57425743	0.01658026
-672.54125413	0.01787542
-672.50825083	0.01849961
-672.47524752	0.01823973
-672.44224422	0.01681761
-672.40924092	0.01458525
-672.37623762	0.01118115
-672.34323432	0.00697765
-672.31023102	0.00240925
-672.27722772	-0.00285629
-672.24422442	-0.00777173
-672.21122112	-0.01264757
-672.17821782	-0.01685501
-672.14521452	-0.02058556
-672.11221122	-0.02307670
-672.07920792	-0.02474785
-672.04620462	-0.02530930
-672.01320132	-0.02493848
-671.98019802	-0.02336105
-671.94719472	-0.02113399
-671.91419142	-0.01818257
-671.88118812	-0.01441763
-671.84818482	-0.01040647
-671.81518152	-0.00570401
-671.78217822	-0.00088900
-671.74917492	0.00438596
-671.71617162	0.00952410
-671.68316832	0.01466753
-671.65016502	0.01968980
-671.61716172	0.02390982
-671.58415842	0.02755001
-671.55115512	0.03000241
-671.51815182	0.03149870
-671.48514851	0.03130929
-671.45214521	0.03001687
-671.41914191	0.02724533
-671.38613861	0.02315897
-671.35313531	0.01818457
-671.32013201	0.01238752
-671.28712871	0.00618674
-671.25412541	-0.00002041
-671.22112211	-0.00612359
-671.18811881	-0.01157769
-671.15511551	-0.01640383
-671.12211221	-0.02006562
-671.08910891	-0.02276076
-671.05610561	-0.02409074
-671.02310231	-0.02442397
-670.99009901	-0.02333736
-670.95709571	-0.02148248
-670.92409241	-0.01872754
-670.89108911	-0.01532260
-670.85808581	-0.01174543
-670.82508251	-0.00837356
-670.79207921	-0.00507505
-670.75907591	-0.00271135
-670.72607261	-0.00074678
-670.69306931	0.00029104
-670.66006601	0.00054714
-670.62706271	0.00057276
-670.59405941	0.00006508
-670.56105611	-0.00022078
-670.52805281	-0.00022669
-670.49504950	0.00035405
-670.46204620	0.00179976
-670.42904290	0.00391469
-670.39603960	0.00677794
-670.36303630	0.01042392
-670.33003300	0.01414354
-670.29702970	0.01827597
-670.26402640	0.02225431
-670.23102310	0.02578512
-670.19801980	0.02884674
-670.16501650	0.03134493
-670.13201320	0.03311432
-670.09900990	0.03417645
-670.06600660	0.03488012
-670.03300330	0.03484748
-670.00000000	0.03436739
-669.96699670	0.03359168
-669.93399340	0.03232544
-669.90099010	0.03056297
-669.86798680	0.02863021
-669.83498350	0.02640339
-669.80198020	0.02367207
-669.76897690	0.02073477
-669.73597360	0.01747705
-669.70297030	0.01399997
-669.66996700	0.01030514
-669.63696370	0.00641667
-669.60396040	0.00255712
-669.57095710	-0.00128507
-669.53795380	-0.00490709
-669.50495050	-0.00836237
-669.47194719	-0.01139991
-669.43894389	-0.01395023
-669.40594059	-0.01605518
-669.37293729	-0.01754317
-669.33993399	-0.01827864
-669.30693069	-0.01851401
-669.27392739	-0.01789702
-669.24092409	-0.01646873
-669.20792079	-0.01448908
-669.17491749	-0.01186151
-669.14191419	-0.00881141
-669.10891089	-0.00552461
-669.07590759	-0.00231972
-669.04290429	0.00059408
-669.00990099	0.00292747
-668.97689769	0.00468308
-668.94389439	0.00553400
-668.91089109	0.00567814
-668.87788779	0.00505096
-668.84488449	0.00401677
-668.81188119	0.00256685
-668.77887789	0.00110215
-668.74587459	-0.00004325
-668.71287129	-0.00112622
-668.67986799	-0.00187638
-668.64686469	-0.00219700
-668.61386139	-0.00223632
-668.58085809	-0.00233752
-668.54785479	-0.00212155
-668.51485149	-0.00196465
-668.48184818	-0.00188826
-668.44884488	-0.00165425
-668.41584158	-0.00139353
-668.38283828	-0.00083006
-668.34983498	0.00004910
-668.31683168	0.00129479
-668.28382838	0.00292679
-668.25082508	0.00476977
-668.21782178	0.00670382
-668.18481848	0.00867253
-668.15181518	0.01016148
-668.11881188	0.01144362
-668.08580858	0.01207443
-668.05280528	0.01193477
-668.01980198	0.01105800
-667.98679868	0.00968328
-667.95379538	0.00757855
-667.92079208	0.00515898
-667.88778878	0.00229446
-667.85478548	-0.00046284
-667.82178218	-0.00347908
-667.78877888	-0.00613140
-667.75577558	-0.00860008
-667.72277228	-0.01055639
-667.68976898	-0.01228563
-667.65676568	-0.01332562
-667.62376238	-0.01398057
-667.59075908	-0.01399804
-667.55775578	-0.01356422
-667.52475248	-0.01251845
-667.49174917	-0.01112864
-667.45874587	-0.00929286
-667.42574257	-0.00701199
-667.39273927	-0.00465319
-667.35973597	-0.00233369
-667.32673267	-0.00022407
-667.29372937	0.00157724
-667.26072607	0.00259587
-667.22772277	0.00293427
-667.19471947	0.00241521
-667.16171617	0.00101547
-667.12871287	-0.00104904
-667.09570957	-0.00349146
-667.06270627	-0.00604384
-667.02970297	-0.00827504
-666.99669967	-0.00963189
-666.96369637	-0.01039380
-666.93069307	-0.01001741
-666.89768977	-0.00859831
-666.86468647	-0.00654685
-666.83168317	-0.00387918
-666.79867987	-0.00094405
-666.76567657	0.00172277
-666.73267327	0.00410689
-666.69966997	0.00582163
-666.66666667	0.00679956
-666.63366337	0.00696588
-666.60066007	0.00651047
-666.56765677	0.00560537
-666.53465347	0.00447308
-666.50165017	0.00328965
-666.46864686	0.00237545
-666.43564356	0.00171541
-666.40264026	0.00143849
-666.36963696	0.00131411
-666.33663366	0.00135133
-666.30363036	0.00118903
-666.27062706	0.00098544
-666.23762376	0.00030389
-666.20462046	-0.00086842
-666.17161716	-0.00234563
-666.13861386	-0.00421172
-666.10561056	-0.00612742
-666.07260726	-0.00800753
-666.03960396	-0.00972242
-666.00660066	-0.01132252
-665.97359736	-0.01269463
-665.94059406	-0.01392153
-665.90759076	-0.01499860
-665.87458746	-0.01607954
-665.84158416	-0.01698774
-665.80858086	-0.01781581
-665.77557756	-0.01836710
-665.74257426	-0.01889624
-665.70957096	-0.01907656
-665.67656766	-0.01877408
-665.64356436	-0.01825300
-665.61056106	-0.01725602
-665.57755776	-0.01613388
-665.54455446	-0.01470087
-665.51155116	-0.01329170
-665.47854785	-0.01185688
-665.44554455	-0.01040757
-665.41254125	-0.00909687
-665.37953795	-0.00789866
-665.34653465	-0.00676618
-665.31353135	-0.00555402
-665.28052805	-0.00444353
-665.24752475	-0.00337531
-665.21452145	-0.00205182
-665.18151815	-0.00088495
-665.14851485	0.00024074
-665.11551155	0.00125153
-665.08250825	0.00203034
-665.04950495	0.00276555
-665.01650165	0.00276815
-664.98349835	0.00271359
-664.95049505	0.00202716
-664.91749175	0.00115876
-664.88448845	-0.00018559
-664.85148515	-0.00161297
-664.81848185	-0.00328200
-664.78547855	-0.00486240
-664.75247525	-0.00634557
-664.71947195	-0.00739970
-664.68646865	-0.00807770
-664.65346535	-0.00829264
-664.62046205	-0.00798506
-664.58745875	-0.00723595
-664.55445545	-0.00628815
-664.52145215	-0.00508250
-664.48844884	-0.00399318
-664.45544554	-0.00300801
-664.42244224	-0.00231452
-664.38943894	-0.00213559
-664.35643564	-0.00243166
-664.32343234	-0.00299245
-664.29042904	-0.00412703
-664.25742574	-0.00555931
-664.22442244	-0.00680380
-664.19141914	-0.00822790
-664.15841584	-0.00940351
-664.12541254	-0.01033635
-664.09240924	-0.01103882
-664.05940594	-0.01124632
-664.02640264	-0.01120392
-663.99339934	-0.01059885
-663.96039604	-0.00983701
-663.92739274	-0.00868542
-663.89438944	-0.00743682
-663.86138614	-0.00608900
-663.82838284	-0.00473236
-663.79537954	-0.00348179
-663.76237624	-0.00248964
-663.72937294	-0.00152568
-663.69636964	-0.00093701
-663.66336634	-0.00040378
-663.63036304	0.00002547
-663.59735974	0.00047936
-663.56435644	0.00103459
-663.53135314	0.00189329
-663.49834983	0.00290676
-663.46534653	0.00458546
-663.43234323	0.00644040
-663.39933993	0.00872089
-663.36633663	0.01123535
-663.33333333	0.01395452
-663.30033003	0.01657271
-663.26732673	0.01901196
-663.23432343	0.02101582
-663.20132013	0.02228479
-663.16831683	0.02269232
-663.13531353	0.02238561
-663.10231023	0.02127412
-663.06930693	0.01935075
-663.03630363	0.01681233
-663.00330033	0.01371011
-662.97029703	0.01037181
-662.93729373	0.00707807
-662.90429043	0.00398613
-662.87128713	0.00116339
-662.83828383	-0.00080631
-662.80528053	-0.00229680
-662.77227723	-0.00315756
-662.73927393	-0.00342822
-662.70627063	-0.00340801
-662.67326733	-0.00311474
-662.64026403	-0.00283295
-662.60726073	-0.00262132
-662.57425743	-0.00253124
-662.54125413	-0.00264294
-662.50825083	-0.00280908
-662.47524752	-0.00295264
-662.44224422	-0.00297173
-662.40924092	-0.00265704
-662.37623762	-0.00203999
-662.34323432	-0.00106261
-662.31023102	0.00032546
-662.27722772	0.00166892
-662.24422442	0.00321712
-662.21122112	0.00447346
-662.17821782	0.00548587
-662.14521452	0.00622992
-662.11221122	0.00660346
-662.07920792	0.00670146
-662.04620462	0.00638270
-662.01320132	0.00590609
-661.98019802	0.00523061
-661.94719472	0.00458157
-661.91419142	0.00386825
-661.88118812	0.00308305
-661.84818482	0.00236139
-661.81518152	0.00150180
-661.78217822	0.00054531
-661.74917492	-0.00040839
-661.71617162	-0.00137332
-661.68316832	-0.00238816
-661.65016502	-0.00334521
-661.61716172	-0.00437112
-661.58415842	-0.00529365
-661.55115512	-0.00619141
-661.51815182	-0.00696504
-661.48514851	-0.00773913
-661.45214521	-0.00857071
-661.41914191	-0.00937506
-661.38613861	-0.01016743
-661.35313531	-0.01088438
-661.32013201	-0.01147326
-661.28712871	-0.01200670
-661.25412541	-0.01229684
-661.22112211	-0.01224114
-661.18811881	-0.01175869
-661.15511551	-0.01101423
-661.12211221	-0.00966479
-661.08910891	-0.00808771
-661.05610561	-0.00611886
-661.02310231	-0.00376615
-660.99009901	-0.00131119
-660.95709571	0.00129054
-660.92409241	0.00379237
-660.89108911	0.00626651
-660.85808581	0.00854187
-660.82508251	0.01048620
-660.79207921	0.01225065
-660.75907591	0.01363073
-660.72607261	0.01456632
-660.69306931	0.01523184
-660.66006601	0.01537114
-660.62706271	0.01517325
-660.59405941	0.01456642
-660.56105611	0.01363526
-660.52805281	0.01265038
-660.49504950	0.01140004
-660.46204620	0.01023938
-660.42904290	0.00922335
-660.39603960	0.00832056
-660.36303630	0.00756429
-660.33003300	0.00692580
-660.29702970	0.00646023
-660.26402640	0.00597783
-660.23102310	0.00524804
-660.19801980	0.00475429
-660.16501650	0.00399023
-660.13201320	0.00314494
-660.09900990	0.00242085
-660.06600660	0.00181131
-660.03300330	0.00107184
-660.00000000	0.00041010
