# Menlo Systems GmbH ScanControl
# Program Version 1.14.3
# Start: -740.00000000 ps, Average over 1000 waveforms. Timestamp: 2026-02-03T16:24:42
# User time axis shift: 0 ps
# Time axis offset: 0 ps
# Time [ps]	THz Signal [a.u.]
-740.00000000	0.00000909
-739.96699670	0.00012137
-739.93399340	0.00003384
-739.90099010	-0.00001995
-739.86798680	0.00004147
-739.83498350	-0.00006206
-739.80198020	0.00005654
-739.76897690	0.00001597
-739.73597360	0.00000850
-739.70297030	-0.00000723
-739.66996700	-0.00006290
-739.63696370	0.00000868
-739.60396040	-0.00008693
-739.57095710	0.00001399
-739.53795380	-0.00001829
-739.50495050	-0.00002982
-739.47194719	0.00000172
-739.43894389	-0.00008810
-739.40594059	0.00000733
-739.37293729	-0.00003793
-739.33993399	-0.00001718
-739.30693069	-0.00004026
-739.27392739	0.00002203
-739.24092409	0.00009236
-739.20792079	-0.00005321
-739.17491749	-0.00005874
-739.14191419	0.00005493
-739.10891089	-0.00009197
-739.07590759	0.00007930
-739.04290429	0.00010746
-739.00990099	0.00003129
-738.97689769	0.00008420
-738.94389439	0.00014136
-738.91089109	0.00006854
-738.87788779	0.00007419
-738.84488449	0.00014656
-738.81188119	0.00015441
-738.77887789	0.00017311
-738.74587459	0.00013606
-738.71287129	0.00017607
-738.67986799	0.00009870
-738.64686469	0.00019344
-738.61386139	0.00020013
-738.58085809	0.00021113
-738.54785479	0.00019893
-738.51485149	0.00019245
-738.48184818	0.00018075
-738.44884488	0.00020859
-738.41584158	0.00023552
-738.38283828	0.00030637
-738.34983498	0.00019848
-738.31683168	0.00021152
-738.28382838	0.00019852
-738.25082508	0.00026160
-738.21782178	0.00022772
-738.18481848	0.00026778
-738.15181518	0.00027424
-738.11881188	0.00024389
-738.08580858	0.00023819
-738.05280528	0.00030209
-738.01980198	0.00030241
-737.98679868	0.00038922
-737.95379538	0.00027848
-737.92079208	0.00038030
-737.88778878	0.00035458
-737.85478548	0.00038344
-737.82178218	0.00038522
-737.78877888	0.00026261
-737.75577558	0.00036128
-737.72277228	0.00027645
-737.68976898	0.00033855
-737.65676568	0.00035568
-737.62376238	0.00028119
-737.59075908	0.00029737
-737.55775578	0.00036150
-737.52475248	0.00033185
-737.49174917	0.00033434
-737.45874587	0.00037616
-737.42574257	0.00030316
-737.39273927	0.00032831
-737.35973597	0.00031639
-737.32673267	0.00030050
-737.29372937	0.00029474
-737.26072607	0.00025657
-737.22772277	0.00026811
-737.19471947	0.00017433
-737.16171617	0.00029255
-737.12871287	0.00026294
-737.09570957	0.00022777
-737.06270627	0.00027917
-737.02970297	0.00030141
-736.99669967	0.00023785
-736.96369637	0.00020033
-736.93069307	0.00026511
-736.89768977	0.00029557
-736.86468647	0.00023751
-736.83168317	0.00026360
-736.79867987	0.00023474
-736.76567657	0.00023265
-736.73267327	0.00019764
-736.69966997	0.00020896
-736.66666667	0.00021627
-736.63366337	0.00019333
-736.60066007	0.00021882
-736.56765677	0.00019998
-736.53465347	0.00019562
-736.50165017	0.00016496
-736.46864686	0.00013341
-736.43564356	0.00005383
-736.40264026	0.00011528
-736.36963696	0.00007859
-736.33663366	0.00008472
-736.30363036	0.00004738
-736.27062706	0.00004801
-736.23762376	0.00008329
-736.20462046	0.00003965
-736.17161716	-0.00008895
-736.13861386	-0.00003738
-736.10561056	-0.00013700
-736.07260726	-0.00010382
-736.03960396	-0.00013303
-736.00660066	-0.00013893
-735.97359736	-0.00012677
-735.94059406	-0.00011274
-735.90759076	-0.00008321
-735.87458746	-0.00012604
-735.84158416	-0.00010978
-735.80858086	-0.00005717
-735.77557756	-0.00011118
-735.74257426	-0.00014814
-735.70957096	-0.00010527
-735.67656766	-0.00018764
-735.64356436	-0.00008147
-735.61056106	-0.00007006
-735.57755776	-0.00008222
-735.54455446	-0.00004689
-735.51155116	-0.00007190
-735.47854785	-0.00016202
-735.44554455	-0.00000499
-735.41254125	0.00007503
-735.37953795	0.00002174
-735.34653465	0.00015705
-735.31353135	0.00007129
-735.28052805	0.00002467
-735.24752475	0.00009892
-735.21452145	0.00015192
-735.18151815	0.00023147
-735.14851485	0.00030995
-735.11551155	0.00028325
-735.08250825	0.00035644
-735.04950495	0.00033398
-735.01650165	0.00031003
-734.98349835	0.00038515
-734.95049505	0.00049221
-734.91749175	0.00032344
-734.88448845	0.00045196
-734.85148515	0.00059456
-734.81848185	0.00045789
-734.78547855	0.00050576
-734.75247525	0.00061318
-734.71947195	0.00059331
-734.68646865	0.00064620
-734.65346535	0.00066263
-734.62046205	0.00061209
-734.58745875	0.00063343
-734.55445545	0.00073393
-734.52145215	0.00068509
-734.48844884	0.00080150
-734.45544554	0.00073396
-734.42244224	0.00074220
-734.38943894	0.00074877
-734.35643564	0.00068684
-734.32343234	0.00072891
-734.29042904	0.00071299
-734.25742574	0.00075672
-734.22442244	0.00068015
-734.19141914	0.00073330
-734.15841584	0.00076180
-734.12541254	0.00066654
-734.09240924	0.00063367
-734.05940594	0.00065456
-734.02640264	0.00074518
-733.99339934	0.00059696
-733.96039604	0.00062156
-733.92739274	0.00056521
-733.89438944	0.00049607
-733.86138614	0.00059262
-733.82838284	0.00058100
-733.79537954	0.00053938
-733.76237624	0.00042000
-733.72937294	0.00052740
-733.69636964	0.00049956
-733.66336634	0.00035974
-733.63036304	0.00045000
-733.59735974	0.00040701
-733.56435644	0.00033329
-733.53135314	0.00036893
-733.49834983	0.00040182
-733.46534653	0.00030806
-733.43234323	0.00034832
-733.39933993	0.00028802
-733.36633663	0.00030747
-733.33333333	0.00031861
-733.30033003	0.00020049
-733.26732673	0.00025610
-733.23432343	0.00033841
-733.20132013	0.00023211
-733.16831683	0.00025411
-733.13531353	0.00038609
-733.10231023	0.00026706
-733.06930693	0.00026814
-733.03630363	0.00036005
-733.00330033	0.00025615
-732.97029703	0.00039118
-732.93729373	0.00032035
-732.90429043	0.00026775
-732.87128713	0.00030573
-732.83828383	0.00042070
-732.80528053	0.00039712
-732.77227723	0.00040717
-732.73927393	0.00041485
-732.70627063	0.00038734
-732.67326733	0.00055453
-732.64026403	0.00037747
-732.60726073	0.00051000
-732.57425743	0.00052409
-732.54125413	0.00042548
-732.50825083	0.00048288
-732.47524752	0.00064183
-732.44224422	0.00047432
-732.40924092	0.00058026
-732.37623762	0.00046118
-732.34323432	0.00060007
-732.31023102	0.00052083
-732.27722772	0.00053897
-732.24422442	0.00061625
-732.21122112	0.00054781
-732.17821782	0.00049483
-732.14521452	0.00051116
-732.11221122	0.00051703
-732.07920792	0.00044994
-732.04620462	0.00049417
-732.01320132	0.00055266
-731.98019802	0.00047779
-731.94719472	0.00048652
-731.91419142	0.00048002
-731.88118812	0.00044142
-731.84818482	0.00045160
-731.81518152	0.00051267
-731.78217822	0.00035089
-731.74917492	0.00044024
-731.71617162	0.00045637
-731.68316832	0.00037610
-731.65016502	0.00041506
-731.61716172	0.00040239
-731.58415842	0.00039899
-731.55115512	0.00027728
-731.51815182	0.00038144
-731.48514851	0.00038313
-731.45214521	0.00026260
-731.41914191	0.00035232
-731.38613861	0.00029424
-731.35313531	0.00026896
-731.32013201	0.00028736
-731.28712871	0.00037348
-731.25412541	0.00022554
-731.22112211	0.00024993
-731.18811881	0.00019526
-731.15511551	0.00032469
-731.12211221	0.00019126
-731.08910891	0.00015391
-731.05610561	0.00028848
-731.02310231	0.00019231
-730.99009901	0.00020732
-730.95709571	0.00017544
-730.92409241	0.00015861
-730.89108911	0.00016312
-730.85808581	0.00022787
-730.82508251	0.00018312
-730.79207921	0.00017631
-730.75907591	0.00016168
-730.72607261	0.00029735
-730.69306931	0.00022570
-730.66006601	0.00013702
-730.62706271	0.00027511
-730.59405941	0.00029707
-730.56105611	0.00012965
-730.52805281	0.00028762
-730.49504950	0.00028253
-730.46204620	0.00027774
-730.42904290	0.00040272
-730.39603960	0.00031211
-730.36303630	0.00038524
-730.33003300	0.00035787
-730.29702970	0.00035402
-730.26402640	0.00052473
-730.23102310	0.00037722
-730.19801980	0.00052299
-730.16501650	0.00056889
-730.13201320	0.00058794
-730.09900990	0.00054579
-730.06600660	0.00061061
-730.03300330	0.00063349
-730.00000000	0.00073787
-729.96699670	0.00072517
-729.93399340	0.00069260
-729.90099010	0.00069416
-729.86798680	0.00075230
-729.83498350	0.00063172
-729.80198020	0.00071307
-729.76897690	0.00068902
-729.73597360	0.00065999
-729.70297030	0.00056701
-729.66996700	0.00054134
-729.63696370	0.00052324
-729.60396040	0.00039074
-729.57095710	0.00029578
-729.53795380	0.00017347
-729.50495050	-0.00004966
-729.47194719	-0.00010976
-729.43894389	-0.00022167
-729.40594059	-0.00045967
-729.37293729	-0.00063414
-729.33993399	-0.00073013
-729.30693069	-0.00089366
-729.27392739	-0.00110577
-729.24092409	-0.00117542
-729.20792079	-0.00141288
-729.17491749	-0.00139750
-729.14191419	-0.00163667
-729.10891089	-0.00168973
-729.07590759	-0.00174808
-729.04290429	-0.00177879
-729.00990099	-0.00186698
-728.97689769	-0.00191573
-728.94389439	-0.00187531
-728.91089109	-0.00188445
-728.87788779	-0.00186863
-728.84488449	-0.00175191
-728.81188119	-0.00161134
-728.77887789	-0.00152144
-728.74587459	-0.00131711
-728.71287129	-0.00106407
-728.67986799	-0.00064953
-728.64686469	-0.00054334
-728.61386139	-0.00009323
-728.58085809	0.00027677
-728.54785479	0.00056799
-728.51485149	0.00092905
-728.48184818	0.00127736
-728.44884488	0.00137642
-728.41584158	0.00176722
-728.38283828	0.00175471
-728.34983498	0.00192652
-728.31683168	0.00183727
-728.28382838	0.00190618
-728.25082508	0.00174454
-728.21782178	0.00161622
-728.18481848	0.00152244
-728.15181518	0.00137136
-728.11881188	0.00116944
-728.08580858	0.00103493
-728.05280528	0.00093154
-728.01980198	0.00081259
-727.98679868	0.00071730
-727.95379538	0.00059379
-727.92079208	0.00064994
-727.88778878	0.00055010
-727.85478548	0.00053027
-727.82178218	0.00045214
-727.78877888	0.00052708
-727.75577558	0.00047611
-727.72277228	0.00049573
-727.68976898	0.00046909
-727.65676568	0.00048034
-727.62376238	0.00053244
-727.59075908	0.00041030
-727.55775578	0.00055350
-727.52475248	0.00036760
-727.49174917	0.00049672
-727.45874587	0.00041256
-727.42574257	0.00036346
-727.39273927	0.00042755
-727.35973597	0.00023071
-727.32673267	0.00037715
-727.29372937	0.00027465
-727.26072607	0.00034312
-727.22772277	0.00033229
-727.19471947	0.00036463
-727.16171617	0.00034291
-727.12871287	0.00034443
-727.09570957	0.00044123
-727.06270627	0.00040170
-727.02970297	0.00042222
-726.99669967	0.00050552
-726.96369637	0.00049170
-726.93069307	0.00048980
-726.89768977	0.00047827
-726.86468647	0.00055314
-726.83168317	0.00045183
-726.79867987	0.00053577
-726.76567657	0.00047129
-726.73267327	0.00044445
-726.69966997	0.00052214
-726.66666667	0.00042335
-726.63366337	0.00045075
-726.60066007	0.00048952
-726.56765677	0.00052612
-726.53465347	0.00052241
-726.50165017	0.00052563
-726.46864686	0.00047258
-726.43564356	0.00066101
-726.40264026	0.00047876
-726.36963696	0.00063111
-726.33663366	0.00047760
-726.30363036	0.00066072
-726.27062706	0.00049706
-726.23762376	0.00058719
-726.20462046	0.00054427
-726.17161716	0.00048930
-726.13861386	0.00047318
-726.10561056	0.00050618
-726.07260726	0.00046517
-726.03960396	0.00045188
-726.00660066	0.00050460
-725.97359736	0.00044132
-725.94059406	0.00050747
-725.90759076	0.00048423
-725.87458746	0.00050578
-725.84158416	0.00057591
-725.80858086	0.00057353
-725.77557756	0.00057441
-725.74257426	0.00065286
-725.70957096	0.00065255
-725.67656766	0.00069291
-725.64356436	0.00077161
-725.61056106	0.00082089
-725.57755776	0.00091146
-725.54455446	0.00089343
-725.51155116	0.00097778
-725.47854785	0.00107199
-725.44554455	0.00109397
-725.41254125	0.00121447
-725.37953795	0.00126673
-725.34653465	0.00134157
-725.31353135	0.00138541
-725.28052805	0.00151135
-725.24752475	0.00151969
-725.21452145	0.00160719
-725.18151815	0.00168894
-725.14851485	0.00170436
-725.11551155	0.00169967
-725.08250825	0.00163918
-725.04950495	0.00170053
-725.01650165	0.00143998
-724.98349835	0.00133544
-724.95049505	0.00097361
-724.91749175	0.00071159
-724.88448845	0.00032274
-724.85148515	-0.00026578
-724.81848185	-0.00066183
-724.78547855	-0.00145715
-724.75247525	-0.00197556
-724.71947195	-0.00272646
-724.68646865	-0.00314900
-724.65346535	-0.00378049
-724.62046205	-0.00412609
-724.58745875	-0.00450971
-724.55445545	-0.00438266
-724.52145215	-0.00448506
-724.48844884	-0.00398183
-724.45544554	-0.00356848
-724.42244224	-0.00302584
-724.38943894	-0.00222698
-724.35643564	-0.00136010
-724.32343234	-0.00075418
-724.29042904	0.00011049
-724.25742574	0.00066924
-724.22442244	0.00132815
-724.19141914	0.00162483
-724.15841584	0.00205062
-724.12541254	0.00212835
-724.09240924	0.00228203
-724.05940594	0.00222471
-724.02640264	0.00223773
-723.99339934	0.00212334
-723.96039604	0.00198186
-723.92739274	0.00173568
-723.89438944	0.00158687
-723.86138614	0.00148935
-723.82838284	0.00122016
-723.79537954	0.00113425
-723.76237624	0.00095811
-723.72937294	0.00086297
-723.69636964	0.00085289
-723.66336634	0.00053352
-723.63036304	0.00076057
-723.59735974	0.00054237
-723.56435644	0.00072062
-723.53135314	0.00050424
-723.49834983	0.00067951
-723.46534653	0.00056823
-723.43234323	0.00066477
-723.39933993	0.00050908
-723.36633663	0.00062057
-723.33333333	0.00040246
-723.30033003	0.00039504
-723.26732673	0.00025091
-723.23432343	0.00024906
-723.20132013	0.00010326
-723.16831683	0.00011953
-723.13531353	0.00000549
-723.10231023	0.00000085
-723.06930693	0.00004495
-723.03630363	-0.00002545
-723.00330033	-0.00005641
-722.97029703	0.00014872
-722.93729373	0.00014866
-722.90429043	0.00020776
-722.87128713	0.00024103
-722.83828383	0.00026735
-722.80528053	0.00029691
-722.77227723	0.00036912
-722.73927393	0.00024273
-722.70627063	0.00035232
-722.67326733	0.00024100
-722.64026403	0.00020276
-722.60726073	0.00014272
-722.57425743	0.00010474
-722.54125413	0.00013120
-722.50825083	0.00009844
-722.47524752	0.00008115
-722.44224422	0.00012218
-722.40924092	0.00017245
-722.37623762	0.00014583
-722.34323432	0.00029143
-722.31023102	0.00026439
-722.27722772	0.00024322
-722.24422442	0.00023148
-722.21122112	0.00013497
-722.17821782	0.00000506
-722.14521452	0.00005559
-722.11221122	-0.00027032
-722.07920792	-0.00048076
-722.04620462	-0.00064978
-722.01320132	-0.00097912
-721.98019802	-0.00116719
-721.94719472	-0.00157761
-721.91419142	-0.00169056
-721.88118812	-0.00209872
-721.84818482	-0.00217764
-721.81518152	-0.00258417
-721.78217822	-0.00275667
-721.74917492	-0.00304136
-721.71617162	-0.00340307
-721.68316832	-0.00370409
-721.65016502	-0.00408390
-721.61716172	-0.00460823
-721.58415842	-0.00501516
-721.55115512	-0.00575586
-721.51815182	-0.00619541
-721.48514851	-0.00681167
-721.45214521	-0.00718393
-721.41914191	-0.00762675
-721.38613861	-0.00774583
-721.35313531	-0.00769529
-721.32013201	-0.00733015
-721.28712871	-0.00674725
-721.25412541	-0.00587101
-721.22112211	-0.00461360
-721.18811881	-0.00345745
-721.15511551	-0.00204836
-721.12211221	-0.00059915
-721.08910891	0.00062265
-721.05610561	0.00166371
-721.02310231	0.00261149
-720.99009901	0.00314384
-720.95709571	0.00355535
-720.92409241	0.00371783
-720.89108911	0.00374248
-720.85808581	0.00360124
-720.82508251	0.00356775
-720.79207921	0.00343770
-720.75907591	0.00359475
-720.72607261	0.00350912
-720.69306931	0.00372466
-720.66006601	0.00381316
-720.62706271	0.00391951
-720.59405941	0.00395172
-720.56105611	0.00392763
-720.52805281	0.00373032
-720.49504950	0.00337835
-720.46204620	0.00303719
-720.42904290	0.00252769
-720.39603960	0.00182832
-720.36303630	0.00119911
-720.33003300	0.00037328
-720.29702970	-0.00023642
-720.26402640	-0.00119975
-720.23102310	-0.00190055
-720.19801980	-0.00268448
-720.16501650	-0.00361558
-720.13201320	-0.00446796
-720.09900990	-0.00539764
-720.06600660	-0.00646012
-720.03300330	-0.00757531
-720.00000000	-0.00888690
-719.96699670	-0.01024282
-719.93399340	-0.01174768
-719.90099010	-0.01324478
-719.86798680	-0.01478259
-719.83498350	-0.01630274
-719.80198020	-0.01773588
-719.76897690	-0.01858759
-719.73597360	-0.01937595
-719.70297030	-0.01933493
-719.66996700	-0.01885827
-719.63696370	-0.01778588
-719.60396040	-0.01585513
-719.57095710	-0.01355039
-719.53795380	-0.01083355
-719.50495050	-0.00778793
-719.47194719	-0.00481305
-719.43894389	-0.00194635
-719.40594059	0.00055595
-719.37293729	0.00240355
-719.33993399	0.00366907
-719.30693069	0.00449384
-719.27392739	0.00455798
-719.24092409	0.00421315
-719.20792079	0.00354071
-719.17491749	0.00261371
-719.14191419	0.00181859
-719.10891089	0.00085904
-719.07590759	0.00016091
-719.04290429	-0.00037664
-719.00990099	-0.00084070
-718.97689769	-0.00112663
-718.94389439	-0.00114910
-718.91089109	-0.00104956
-718.87788779	-0.00070184
-718.84488449	-0.00034982
-718.81188119	0.00043431
-718.77887789	0.00132337
-718.74587459	0.00232308
-718.71287129	0.00363781
-718.67986799	0.00524708
-718.64686469	0.00678423
-718.61386139	0.00869569
-718.58085809	0.01070041
-718.54785479	0.01285853
-718.51485149	0.01527608
-718.48184818	0.01768453
-718.44884488	0.02064679
-718.41584158	0.02373270
-718.38283828	0.02704807
-718.34983498	0.03103205
-718.31683168	0.03525019
-718.28382838	0.04012342
-718.25082508	0.04559126
-718.21782178	0.05143317
-718.18481848	0.05806155
-718.15181518	0.06485900
-718.11881188	0.07238539
-718.08580858	0.08017526
-718.05280528	0.08829948
-718.01980198	0.09676421
-717.98679868	0.10537228
-717.95379538	0.11388062
-717.92079208	0.12280509
-717.88778878	0.13173345
-717.85478548	0.14092150
-717.82178218	0.15059335
-717.78877888	0.16036379
-717.75577558	0.17122669
-717.72277228	0.18292809
-717.68976898	0.19606746
-717.65676568	0.21072963
-717.62376238	0.22718163
-717.59075908	0.24592174
-717.55775578	0.26657189
-717.52475248	0.28963661
-717.49174917	0.31450496
-717.45874587	0.34095972
-717.42574257	0.36853146
-717.39273927	0.39621354
-717.35973597	0.42290671
-717.32673267	0.44760373
-717.29372937	0.46876422
-717.26072607	0.48475660
-717.22772277	0.49437507
-717.19471947	0.49573362
-717.16171617	0.48781699
-717.12871287	0.46954645
-717.09570957	0.44049841
-717.06270627	0.40019095
-717.02970297	0.34920769
-716.99669967	0.28808115
-716.96369637	0.21847022
-716.93069307	0.14148970
-716.89768977	0.05899258
-716.86468647	-0.02780188
-716.83168317	-0.11751891
-716.79867987	-0.20990784
-716.76567657	-0.30518984
-716.73267327	-0.40451286
-716.69966997	-0.50964708
-716.66666667	-0.62324522
-716.63366337	-0.74756823
-716.60066007	-0.88461553
-716.56765677	-1.03549804
-716.53465347	-1.19891255
-716.50165017	-1.37204772
-716.46864686	-1.54861210
-716.43564356	-1.71975165
-716.40264026	-1.87427136
-716.36963696	-1.99888868
-716.33663366	-2.08012571
-716.30363036	-2.10565024
-716.27062706	-2.06500742
-716.23762376	-1.95210852
-716.20462046	-1.76555149
-716.17161716	-1.50972115
-716.13861386	-1.19573424
-716.10561056	-0.83981757
-716.07260726	-0.46141570
-716.03960396	-0.08285302
-716.00660066	0.27481758
-715.97359736	0.59325836
-715.94059406	0.85847659
-715.90759076	1.06284334
-715.87458746	1.20472877
-715.84158416	1.28751607
-715.80858086	1.31805360
-715.77557756	1.30498160
-715.74257426	1.25830086
-715.70957096	1.18684370
-715.67656766	1.09871107
-715.64356436	1.00021165
-715.61056106	0.89656669
-715.57755776	0.79216496
-715.54455446	0.69069373
-715.51155116	0.59558159
-715.47854785	0.50947328
-715.44554455	0.43457272
-715.41254125	0.37234024
-715.37953795	0.32300452
-715.34653465	0.28641880
-715.31353135	0.26123720
-715.28052805	0.24528962
-715.24752475	0.23628066
-715.21452145	0.23119076
-715.18151815	0.22702131
-715.14851485	0.22079324
-715.11551155	0.21035896
-715.08250825	0.19421945
-715.04950495	0.17207861
-715.01650165	0.14508743
-714.98349835	0.11499407
-714.95049505	0.08391999
-714.91749175	0.05493211
-714.88448845	0.03011988
-714.85148515	0.01113950
-714.81848185	-0.00055322
-714.78547855	-0.00451669
-714.75247525	-0.00085923
-714.71947195	0.00976927
-714.68646865	0.02590270
-714.65346535	0.04581976
-714.62046205	0.06733646
-714.58745875	0.08764227
-714.55445545	0.10474987
-714.52145215	0.11622852
-714.48844884	0.12059108
-714.45544554	0.11720055
-714.42244224	0.10593607
-714.38943894	0.08768981
-714.35643564	0.06420827
-714.32343234	0.03771374
-714.29042904	0.01026235
-714.25742574	-0.01530428
-714.22442244	-0.03723968
-714.19141914	-0.05382960
-714.15841584	-0.06369830
-714.12541254	-0.06688451
-714.09240924	-0.06362286
-714.05940594	-0.05481197
-714.02640264	-0.04185424
-713.99339934	-0.02721314
-713.96039604	-0.01196702
-713.92739274	0.00123311
-713.89438944	0.01106977
-713.86138614	0.01725716
-713.82838284	0.01906387
-713.79537954	0.01732416
-713.76237624	0.01250730
-713.72937294	0.00568989
-713.69636964	-0.00215472
-713.66336634	-0.01012005
-713.63036304	-0.01803785
-713.59735974	-0.02546483
-713.56435644	-0.03207324
-713.53135314	-0.03802902
-713.49834983	-0.04302317
-713.46534653	-0.04702771
-713.43234323	-0.04978577
-713.39933993	-0.05114454
-713.36633663	-0.05158628
-713.33333333	-0.05082189
-713.30033003	-0.04948338
-713.26732673	-0.04789331
-713.23432343	-0.04633918
-713.20132013	-0.04516321
-713.16831683	-0.04453566
-713.13531353	-0.04381988
-713.10231023	-0.04253566
-713.06930693	-0.04003024
-713.03630363	-0.03541777
-713.00330033	-0.02802848
-712.97029703	-0.01760294
-712.93729373	-0.00386341
-712.90429043	0.01243791
-712.87128713	0.03009912
-712.83828383	0.04802052
-712.80528053	0.06468000
-712.77227723	0.07816361
-712.73927393	0.08758844
-712.70627063	0.09175555
-712.67326733	0.09011191
-712.64026403	0.08285399
-712.60726073	0.06996009
-712.57425743	0.05244842
-712.54125413	0.03115748
-712.50825083	0.00746541
-712.47524752	-0.01678061
-712.44224422	-0.03990907
-712.40924092	-0.05985364
-712.37623762	-0.07508570
-712.34323432	-0.08389942
-712.31023102	-0.08588098
-712.27722772	-0.08103745
-712.24422442	-0.06996995
-712.21122112	-0.05446010
-712.17821782	-0.03661771
-712.14521452	-0.01859070
-712.11221122	-0.00266096
-712.07920792	0.00958744
-712.04620462	0.01678193
-712.01320132	0.01852469
-711.98019802	0.01485365
-711.94719472	0.00711517
-711.91419142	-0.00394718
-711.88118812	-0.01651648
-711.84818482	-0.02890962
-711.81518152	-0.03996394
-711.78217822	-0.04849781
-711.74917492	-0.05373411
-711.71617162	-0.05558930
-711.68316832	-0.05450294
-711.65016502	-0.05062651
-711.61716172	-0.04485368
-711.58415842	-0.03780576
-711.55115512	-0.03014405
-711.51815182	-0.02209105
-711.48514851	-0.01407811
-711.45214521	-0.00669858
-711.41914191	0.00019870
-711.38613861	0.00624668
-711.35313531	0.01137188
-711.32013201	0.01532551
-711.28712871	0.01789225
-711.25412541	0.01937288
-711.22112211	0.01958162
-711.18811881	0.01871414
-711.15511551	0.01731385
-711.12211221	0.01560780
-711.08910891	0.01438206
-711.05610561	0.01392796
-711.02310231	0.01443184
-710.99009901	0.01582749
-710.95709571	0.01786606
-710.92409241	0.01942104
-710.89108911	0.01971265
-710.85808581	0.01802705
-710.82508251	0.01334691
-710.79207921	0.00563415
-710.75907591	-0.00462695
-710.72607261	-0.01656945
-710.69306931	-0.02871249
-710.66006601	-0.03972279
-710.62706271	-0.04814214
-710.59405941	-0.05352839
-710.56105611	-0.05527150
-710.52805281	-0.05407085
-710.49504950	-0.05093564
-710.46204620	-0.04661434
-710.42904290	-0.04235660
-710.39603960	-0.03891374
-710.36303630	-0.03643191
-710.33003300	-0.03503065
-710.29702970	-0.03464039
-710.26402640	-0.03455973
-710.23102310	-0.03476687
-710.19801980	-0.03474598
-710.16501650	-0.03425242
-710.13201320	-0.03332327
-710.09900990	-0.03165283
-710.06600660	-0.02918685
-710.03300330	-0.02565424
-710.00000000	-0.02120863
-709.96699670	-0.01583911
-709.93399340	-0.00968251
-709.90099010	-0.00302286
-709.86798680	0.00365355
-709.83498350	0.00953861
-709.80198020	0.01431522
-709.76897690	0.01704684
-709.73597360	0.01764374
-709.70297030	0.01640735
-709.66996700	0.01351591
-709.63696370	0.00983357
-709.60396040	0.00630846
-709.57095710	0.00368479
-709.53795380	0.00245240
-709.50495050	0.00306106
-709.47194719	0.00492646
-709.43894389	0.00833041
-709.40594059	0.01266184
-709.37293729	0.01750477
-709.33993399	0.02244170
-709.30693069	0.02708543
-709.27392739	0.03135672
-709.24092409	0.03501252
-709.20792079	0.03759728
-709.17491749	0.03940145
-709.14191419	0.04032785
-709.10891089	0.03998204
-709.07590759	0.03839802
-709.04290429	0.03519321
-709.00990099	0.02996118
-708.97689769	0.02283550
-708.94389439	0.01337983
-708.91089109	0.00208488
-708.87788779	-0.01033476
-708.84488449	-0.02284129
-708.81188119	-0.03453603
-708.77887789	-0.04417961
-708.74587459	-0.05139223
-708.71287129	-0.05586304
-708.67986799	-0.05791767
-708.64686469	-0.05804959
-708.61386139	-0.05723776
-708.58085809	-0.05580618
-708.54785479	-0.05455707
-708.51485149	-0.05361777
-708.48184818	-0.05263124
-708.44884488	-0.05178042
-708.41584158	-0.05036740
-708.38283828	-0.04800596
-708.34983498	-0.04444519
-708.31683168	-0.03977752
-708.28382838	-0.03401732
-708.25082508	-0.02755963
-708.21782178	-0.02081455
-708.18481848	-0.01403534
-708.15181518	-0.00719170
-708.11881188	-0.00055633
-708.08580858	0.00612365
-708.05280528	0.01312438
-708.01980198	0.02019185
-707.98679868	0.02735599
-707.95379538	0.03399957
-707.92079208	0.03950499
-707.88778878	0.04336083
-707.85478548	0.04476113
-707.82178218	0.04371335
-707.78877888	0.04054127
-707.75577558	0.03570138
-707.72277228	0.03036944
-707.68976898	0.02531138
-707.65676568	0.02162937
-707.62376238	0.01954440
-707.59075908	0.01953664
-707.55775578	0.02152823
-707.52475248	0.02500751
-707.49174917	0.02949391
-707.45874587	0.03443600
-707.42574257	0.03900937
-707.39273927	0.04297682
-707.35973597	0.04606628
-707.32673267	0.04815432
-707.29372937	0.04922302
-707.26072607	0.04920541
-707.22772277	0.04827807
-707.19471947	0.04607392
-707.16171617	0.04276960
-707.12871287	0.03802331
-707.09570957	0.03212296
-707.06270627	0.02496052
-707.02970297	0.01686711
-706.99669967	0.00835457
-706.96369637	-0.00052901
-706.93069307	-0.00939804
-706.89768977	-0.01771659
-706.86468647	-0.02535005
-706.83168317	-0.03237368
-706.79867987	-0.03825030
-706.76567657	-0.04287331
-706.73267327	-0.04624412
-706.69966997	-0.04780630
-706.66666667	-0.04780358
-706.63366337	-0.04633285
-706.60066007	-0.04332315
-706.56765677	-0.03937974
-706.53465347	-0.03509466
-706.50165017	-0.03053027
-706.46864686	-0.02632584
-706.43564356	-0.02267786
-706.40264026	-0.01941689
-706.36963696	-0.01658150
-706.33663366	-0.01414864
-706.30363036	-0.01144908
-706.27062706	-0.00857816
-706.23762376	-0.00563947
-706.20462046	-0.00242208
-706.17161716	0.00067978
-706.13861386	0.00313512
-706.10561056	0.00482938
-706.07260726	0.00522741
-706.03960396	0.00407299
-706.00660066	0.00164628
-705.97359736	-0.00180529
-705.94059406	-0.00547098
-705.90759076	-0.00898827
-705.87458746	-0.01131228
-705.84158416	-0.01201984
-705.80858086	-0.01090327
-705.77557756	-0.00784820
-705.74257426	-0.00330878
-705.70957096	0.00182207
-705.67656766	0.00711113
-705.64356436	0.01182929
-705.61056106	0.01537122
-705.57755776	0.01754779
-705.54455446	0.01867127
-705.51155116	0.01894153
-705.47854785	0.01844925
-705.44554455	0.01780276
-705.41254125	0.01703233
-705.37953795	0.01579834
-705.34653465	0.01459298
-705.31353135	0.01307139
-705.28052805	0.01067365
-705.24752475	0.00792400
-705.21452145	0.00463048
-705.18151815	0.00117840
-705.14851485	-0.00233863
-705.11551155	-0.00546568
-705.08250825	-0.00804096
-705.04950495	-0.00998890
-705.01650165	-0.01103404
-704.98349835	-0.01151932
-704.95049505	-0.01158429
-704.91749175	-0.01140007
-704.88448845	-0.01120695
-704.85148515	-0.01108244
-704.81848185	-0.01153432
-704.78547855	-0.01232636
-704.75247525	-0.01356004
-704.71947195	-0.01533634
-704.68646865	-0.01731074
-704.65346535	-0.01907509
-704.62046205	-0.02017790
-704.58745875	-0.01999069
-704.55445545	-0.01826119
-704.52145215	-0.01440379
-704.48844884	-0.00870187
-704.45544554	-0.00111864
-704.42244224	0.00747819
-704.38943894	0.01653202
-704.35643564	0.02536363
-704.32343234	0.03305569
-704.29042904	0.03914272
-704.25742574	0.04343949
-704.22442244	0.04528280
-704.19141914	0.04483084
-704.15841584	0.04220659
-704.12541254	0.03737649
-704.09240924	0.03062043
-704.05940594	0.02233806
-704.02640264	0.01269976
-703.99339934	0.00299132
-703.96039604	-0.00665210
-703.92739274	-0.01517175
-703.89438944	-0.02145664
-703.86138614	-0.02496608
-703.82838284	-0.02509130
-703.79537954	-0.02157474
-703.76237624	-0.01436341
-703.72937294	-0.00442106
-703.69636964	0.00764733
-703.66336634	0.02073988
-703.63036304	0.03328647
-703.59735974	0.04462752
-703.56435644	0.05389195
-703.53135314	0.06017139
-703.49834983	0.06371462
-703.46534653	0.06419681
-703.43234323	0.06196857
-703.39933993	0.05747492
-703.36633663	0.05128175
-703.33333333	0.04377038
-703.30033003	0.03563440
-703.26732673	0.02735363
-703.23432343	0.01942433
-703.20132013	0.01279957
-703.16831683	0.00774824
-703.13531353	0.00477005
-703.10231023	0.00457511
-703.06930693	0.00658500
-703.03630363	0.01053899
-703.00330033	0.01582408
-702.97029703	0.02135696
-702.93729373	0.02597396
-702.90429043	0.02879182
-702.87128713	0.02915993
-702.83828383	0.02667109
-702.80528053	0.02175296
-702.77227723	0.01484424
-702.73927393	0.00630148
-702.70627063	-0.00271612
-702.67326733	-0.01151941
-702.64026403	-0.01991300
-702.60726073	-0.02763855
-702.57425743	-0.03480808
-702.54125413	-0.04182080
-702.50825083	-0.04912142
-702.47524752	-0.05762003
-702.44224422	-0.06775614
-702.40924092	-0.08000527
-702.37623762	-0.09490084
-702.34323432	-0.11169439
-702.31023102	-0.13005089
-702.27722772	-0.14918525
-702.24422442	-0.16749870
-702.21122112	-0.18364778
-702.17821782	-0.19609191
-702.14521452	-0.20329372
-702.11221122	-0.20386111
-702.07920792	-0.19703406
-702.04620462	-0.18195420
-702.01320132	-0.15898140
-701.98019802	-0.12867172
-701.94719472	-0.09206250
-701.91419142	-0.05121672
-701.88118812	-0.00822997
-701.84818482	0.03461252
-701.81518152	0.07454886
-701.78217822	0.10972185
-701.74917492	0.13835931
-701.71617162	0.15866795
-701.68316832	0.17053089
-701.65016502	0.17405162
-701.61716172	0.17012307
-701.58415842	0.15991875
-701.55115512	0.14516872
-701.51815182	0.12768232
-701.48514851	0.10904314
-701.45214521	0.09021306
-701.41914191	0.07177653
-701.38613861	0.05357652
-701.35313531	0.03540651
-701.32013201	0.01645548
-701.28712871	-0.00423943
-701.25412541	-0.02680864
-701.22112211	-0.05146263
-701.18811881	-0.07766750
-701.15511551	-0.10411575
-701.12211221	-0.12934720
-701.08910891	-0.15148478
-701.05610561	-0.16837600
-701.02310231	-0.17829683
-700.99009901	-0.17974204
-700.95709571	-0.17157770
-700.92409241	-0.15360992
-700.89108911	-0.12673110
-700.85808581	-0.09182625
-700.82508251	-0.05134388
-700.79207921	-0.00785788
-700.75907591	0.03650128
-700.72607261	0.07846729
-700.69306931	0.11629502
-700.66006601	0.14865003
-700.62706271	0.17415883
-700.59405941	0.19271107
-700.56105611	0.20466862
-700.52805281	0.21078047
-700.49504950	0.21201067
-700.46204620	0.20945050
-700.42904290	0.20423982
-700.39603960	0.19720964
-700.36303630	0.18899798
-700.33003300	0.18004655
-700.29702970	0.17052241
-700.26402640	0.16047972
-700.23102310	0.14981321
-700.19801980	0.13837275
-700.16501650	0.12638529
-700.13201320	0.11321664
-700.09900990	0.09898602
-700.06600660	0.08346362
-700.03300330	0.06591481
-700.00000000	0.04654813
-699.96699670	0.02507847
-699.93399340	0.00173640
-699.90099010	-0.02312156
-699.86798680	-0.04827756
-699.83498350	-0.07275221
-699.80198020	-0.09508141
-699.76897690	-0.11377282
-699.73597360	-0.12764081
-699.70297030	-0.13623571
-699.66996700	-0.13924513
-699.63696370	-0.13709950
-699.60396040	-0.13039652
-699.57095710	-0.12038838
-699.53795380	-0.10806706
-699.50495050	-0.09465386
-699.47194719	-0.08100153
-699.43894389	-0.06787260
-699.40594059	-0.05560460
-699.37293729	-0.04423246
-699.33993399	-0.03407417
-699.30693069	-0.02489161
-699.27392739	-0.01676028
-699.24092409	-0.00973966
-699.20792079	-0.00389946
-699.17491749	0.00058249
-699.14191419	0.00359036
-699.10891089	0.00514751
-699.07590759	0.00519468
-699.04290429	0.00411428
-699.00990099	0.00215814
-698.97689769	-0.00017659
-698.94389439	-0.00266919
-698.91089109	-0.00505404
-698.87788779	-0.00711397
-698.84488449	-0.00892958
-698.81188119	-0.01041328
-698.77887789	-0.01195637
-698.74587459	-0.01356128
-698.71287129	-0.01554069
-698.67986799	-0.01798271
-698.64686469	-0.02067779
-698.61386139	-0.02350010
-698.58085809	-0.02622299
-698.54785479	-0.02807133
-698.51485149	-0.02881649
-698.48184818	-0.02759916
-698.44884488	-0.02405116
-698.41584158	-0.01845360
-698.38283828	-0.01036465
-698.34983498	-0.00042338
-698.31683168	0.01006396
-698.28382838	0.02058528
-698.25082508	0.02987263
-698.21782178	0.03666948
-698.18481848	0.04041963
-698.15181518	0.04039627
-698.11881188	0.03672967
-698.08580858	0.02999964
-698.05280528	0.02041212
-698.01980198	0.00935635
-697.98679868	-0.00226080
-697.95379538	-0.01361269
-697.92079208	-0.02364712
-697.88778878	-0.03160483
-697.85478548	-0.03710545
-697.82178218	-0.03991347
-697.78877888	-0.03994601
-697.75577558	-0.03750557
-697.72277228	-0.03306895
-697.68976898	-0.02731447
-697.65676568	-0.02075632
-697.62376238	-0.01420351
-697.59075908	-0.00823450
-697.55775578	-0.00316596
-697.52475248	0.00044295
-697.49174917	0.00296156
-697.45874587	0.00446867
-697.42574257	0.00490161
-697.39273927	0.00502393
-697.35973597	0.00526867
-697.32673267	0.00564113
-697.29372937	0.00654653
-697.26072607	0.00787253
-697.22772277	0.00963351
-697.19471947	0.01171292
-697.16171617	0.01331239
-697.12871287	0.01454863
-697.09570957	0.01511074
-697.06270627	0.01446066
-697.02970297	0.01250680
-696.99669967	0.00926015
-696.96369637	0.00476808
-696.93069307	-0.00087403
-696.89768977	-0.00735402
-696.86468647	-0.01392158
-696.83168317	-0.01980849
-696.79867987	-0.02449422
-696.76567657	-0.02690993
-696.73267327	-0.02662658
-696.69966997	-0.02332594
-696.66666667	-0.01673236
-696.63366337	-0.00755369
-696.60066007	0.00373511
-696.56765677	0.01641725
-696.53465347	0.02909464
-696.50165017	0.04092593
-696.46864686	0.05042666
-696.43564356	0.05671420
-696.40264026	0.05899295
-696.36963696	0.05665840
-696.33663366	0.04990319
-696.30363036	0.03923802
-696.27062706	0.02524188
-696.23762376	0.00968384
-696.20462046	-0.00599986
-696.17161716	-0.02049214
-696.13861386	-0.03223133
-696.10561056	-0.04045902
-696.07260726	-0.04463259
-696.03960396	-0.04482538
-696.00660066	-0.04192675
-695.97359736	-0.03630605
-695.94059406	-0.02919193
-695.90759076	-0.02135466
-695.87458746	-0.01373216
-695.84158416	-0.00700226
-695.80858086	-0.00167692
-695.77557756	0.00229216
-695.74257426	0.00467090
-695.70957096	0.00559765
-695.67656766	0.00554386
-695.64356436	0.00458628
-695.61056106	0.00334931
-695.57755776	0.00223571
-695.54455446	0.00122231
-695.51155116	0.00026219
-695.47854785	-0.00012102
-695.44554455	-0.00021193
-695.41254125	-0.00029445
-695.37953795	-0.00008315
-695.34653465	-0.00003284
-695.31353135	0.00007177
-695.28052805	0.00008865
-695.24752475	0.00010018
-695.21452145	0.00017335
-695.18151815	0.00047883
-695.14851485	0.00107916
-695.11551155	0.00189154
-695.08250825	0.00301357
-695.04950495	0.00433319
-695.01650165	0.00581845
-694.98349835	0.00722207
-694.95049505	0.00868328
-694.91749175	0.00971046
-694.88448845	0.01067923
-694.85148515	0.01127557
-694.81848185	0.01185016
-694.78547855	0.01213330
-694.75247525	0.01228146
-694.71947195	0.01189184
-694.68646865	0.01113625
-694.65346535	0.00960792
-694.62046205	0.00703792
-694.58745875	0.00358492
-694.55445545	-0.00080346
-694.52145215	-0.00586142
-694.48844884	-0.01117901
-694.45544554	-0.01599688
-694.42244224	-0.02010666
-694.38943894	-0.02279317
-694.35643564	-0.02391005
-694.32343234	-0.02320399
-694.29042904	-0.02102477
-694.25742574	-0.01758347
-694.22442244	-0.01344106
-694.19141914	-0.00918307
-694.15841584	-0.00530951
-694.12541254	-0.00224002
-694.09240924	-0.00024116
-694.05940594	0.00091135
-694.02640264	0.00098904
-693.99339934	0.00047470
-693.96039604	-0.00035820
-693.92739274	-0.00119649
-693.89438944	-0.00167987
-693.86138614	-0.00156150
-693.82838284	-0.00082186
-693.79537954	0.00062108
-693.76237624	0.00276013
-693.72937294	0.00557581
-693.69636964	0.00859365
-693.66336634	0.01138758
-693.63036304	0.01372460
-693.59735974	0.01550762
-693.56435644	0.01599291
-693.53135314	0.01537720
-693.49834983	0.01356875
-693.46534653	0.01079949
-693.43234323	0.00745154
-693.39933993	0.00390095
-693.36633663	0.00044315
-693.33333333	-0.00250058
-693.30033003	-0.00466312
-693.26732673	-0.00611747
-693.23432343	-0.00668111
-693.20132013	-0.00621374
-693.16831683	-0.00483464
-693.13531353	-0.00266339
-693.10231023	0.00045195
-693.06930693	0.00430365
-693.03630363	0.00864660
-693.00330033	0.01340492
-692.97029703	0.01793212
-692.93729373	0.02199619
-692.90429043	0.02495978
-692.87128713	0.02607541
-692.83828383	0.02561621
-692.80528053	0.02297937
-692.77227723	0.01863017
-692.73927393	0.01275279
-692.70627063	0.00584205
-692.67326733	-0.00140180
-692.64026403	-0.00808758
-692.60726073	-0.01377024
-692.57425743	-0.01789900
-692.54125413	-0.01974548
-692.50825083	-0.01969200
-692.47524752	-0.01768458
-692.44224422	-0.01383714
-692.40924092	-0.00897267
-692.37623762	-0.00376910
-692.34323432	0.00129498
-692.31023102	0.00540027
-692.27722772	0.00798165
-692.24422442	0.00859819
-692.21122112	0.00753952
-692.17821782	0.00452737
-692.14521452	0.00013690
-692.11221122	-0.00505551
-692.07920792	-0.01031942
-692.04620462	-0.01534095
-692.01320132	-0.01933997
-691.98019802	-0.02194911
-691.94719472	-0.02354330
-691.91419142	-0.02369030
-691.88118812	-0.02285293
-691.84818482	-0.02127235
-691.81518152	-0.01917633
-691.78217822	-0.01674696
-691.74917492	-0.01425597
-691.71617162	-0.01160849
-691.68316832	-0.00921568
-691.65016502	-0.00684085
-691.61716172	-0.00469815
-691.58415842	-0.00297872
-691.55115512	-0.00132638
-691.51815182	0.00025313
-691.48514851	0.00174988
-691.45214521	0.00375296
-691.41914191	0.00622618
-691.38613861	0.00932703
-691.35313531	0.01278730
-691.32013201	0.01657261
-691.28712871	0.02004059
-691.25412541	0.02270823
-691.22112211	0.02416551
-691.18811881	0.02397091
-691.15511551	0.02153210
-691.12211221	0.01741533
-691.08910891	0.01193695
-691.05610561	0.00564545
-691.02310231	-0.00070229
-690.99009901	-0.00634362
-690.95709571	-0.01046543
-690.92409241	-0.01255473
-690.89108911	-0.01243797
-690.85808581	-0.01024979
-690.82508251	-0.00611776
-690.79207921	-0.00064976
-690.75907591	0.00512048
-690.72607261	0.01056229
-690.69306931	0.01466033
-690.66006601	0.01674412
-690.62706271	0.01657270
-690.59405941	0.01370885
-690.56105611	0.00854496
-690.52805281	0.00175363
-690.49504950	-0.00581847
-690.46204620	-0.01336923
-690.42904290	-0.02006035
-690.39603960	-0.02498341
-690.36303630	-0.02773832
-690.33003300	-0.02842574
-690.29702970	-0.02682077
-690.26402640	-0.02359087
-690.23102310	-0.01922089
-690.19801980	-0.01404160
-690.16501650	-0.00869995
-690.13201320	-0.00316128
-690.09900990	0.00206448
-690.06600660	0.00691801
-690.03300330	0.01150758
-690.00000000	0.01543097
-689.96699670	0.01913968
-689.93399340	0.02175681
-689.90099010	0.02366713
-689.86798680	0.02459012
-689.83498350	0.02422813
-689.80198020	0.02291037
-689.76897690	0.02057423
-689.73597360	0.01774813
-689.70297030	0.01482321
-689.66996700	0.01186737
-689.63696370	0.00982351
-689.60396040	0.00843884
-689.57095710	0.00817408
-689.53795380	0.00876694
-689.50495050	0.00975403
-689.47194719	0.01093834
-689.43894389	0.01164765
-689.40594059	0.01159554
-689.37293729	0.01051663
-689.33993399	0.00816637
-689.30693069	0.00496294
-689.27392739	0.00126004
-689.24092409	-0.00242810
-689.20792079	-0.00553951
-689.17491749	-0.00768229
-689.14191419	-0.00835069
-689.10891089	-0.00758521
-689.07590759	-0.00534400
-689.04290429	-0.00174006
-689.00990099	0.00230328
-688.97689769	0.00672830
-688.94389439	0.01095466
-688.91089109	0.01441997
-688.87788779	0.01674326
-688.84488449	0.01773039
-688.81188119	0.01735975
-688.77887789	0.01558006
-688.74587459	0.01256784
-688.71287129	0.00855504
-688.67986799	0.00433416
-688.64686469	-0.00038384
-688.61386139	-0.00483238
-688.58085809	-0.00914884
-688.54785479	-0.01261023
-688.51485149	-0.01565303
-688.48184818	-0.01809639
-688.44884488	-0.01979319
-688.41584158	-0.02115208
-688.38283828	-0.02177397
-688.34983498	-0.02199219
-688.31683168	-0.02150465
-688.28382838	-0.02062803
-688.25082508	-0.01907290
-688.21782178	-0.01652905
-688.18481848	-0.01313807
-688.15181518	-0.00934112
-688.11881188	-0.00455832
-688.08580858	0.00038668
-688.05280528	0.00524607
-688.01980198	0.00978099
-687.98679868	0.01350145
-687.95379538	0.01622030
-687.92079208	0.01778360
-687.88778878	0.01796283
-687.85478548	0.01725207
-687.82178218	0.01564565
-687.78877888	0.01328349
-687.75577558	0.01094125
-687.72277228	0.00858092
-687.68976898	0.00697614
-687.65676568	0.00610036
-687.62376238	0.00653781
-687.59075908	0.00808121
-687.55775578	0.01075245
-687.52475248	0.01500360
-687.49174917	0.01989369
-687.45874587	0.02573563
-687.42574257	0.03231975
-687.39273927	0.03914819
-687.35973597	0.04643817
-687.32673267	0.05376632
-687.29372937	0.06098108
-687.26072607	0.06781190
-687.22772277	0.07386068
-687.19471947	0.07863070
-687.16171617	0.08173172
-687.12871287	0.08258512
-687.09570957	0.08072619
-687.06270627	0.07599618
-687.02970297	0.06820434
-686.99669967	0.05768192
-686.96369637	0.04523106
-686.93069307	0.03090970
-686.89768977	0.01600724
-686.86468647	0.00111653
-686.83168317	-0.01273746
-686.79867987	-0.02521655
-686.76567657	-0.03575484
-686.73267327	-0.04437090
-686.69966997	-0.05109031
-686.66666667	-0.05621098
-686.63366337	-0.06021085
-686.60066007	-0.06336029
-686.56765677	-0.06630425
-686.53465347	-0.06913249
-686.50165017	-0.07206983
-686.46864686	-0.07531971
-686.43564356	-0.07878292
-686.40264026	-0.08225034
-686.36963696	-0.08560753
-686.33663366	-0.08896280
-686.30363036	-0.09194065
-686.27062706	-0.09451153
-686.23762376	-0.09693608
-686.20462046	-0.09908637
-686.17161716	-0.10087032
-686.13861386	-0.10236370
-686.10561056	-0.10300568
-686.07260726	-0.10239691
-686.03960396	-0.10019792
-686.00660066	-0.09584368
-685.97359736	-0.08860890
-685.94059406	-0.07865075
-685.90759076	-0.06599756
-685.87458746	-0.05095441
-685.84158416	-0.03454995
-685.80858086	-0.01730769
-685.77557756	-0.00061524
-685.74257426	0.01465846
-685.70957096	0.02772964
-685.67656766	0.03844579
-685.64356436	0.04615272
-685.61056106	0.05116492
-685.57755776	0.05421443
-685.54455446	0.05519877
-685.51155116	0.05514846
-685.47854785	0.05426193
-685.44554455	0.05305772
-685.41254125	0.05166236
-685.37953795	0.05014740
-685.34653465	0.04861577
-685.31353135	0.04659080
-685.28052805	0.04418331
-685.24752475	0.04128885
-685.21452145	0.03796638
-685.18151815	0.03459732
-685.14851485	0.03124048
-685.11551155	0.02830399
-685.08250825	0.02606243
-685.04950495	0.02466565
-685.01650165	0.02378080
-684.98349835	0.02323554
-684.95049505	0.02279265
-684.91749175	0.02153362
-684.88448845	0.01969754
-684.85148515	0.01681075
-684.81848185	0.01316119
-684.78547855	0.00889207
-684.75247525	0.00466238
-684.71947195	0.00076097
-684.68646865	-0.00212000
-684.65346535	-0.00374586
-684.62046205	-0.00378553
-684.58745875	-0.00242710
-684.55445545	0.00028730
-684.52145215	0.00379691
-684.48844884	0.00763638
-684.45544554	0.01149087
-684.42244224	0.01467085
-684.38943894	0.01684291
-684.35643564	0.01747524
-684.32343234	0.01704609
-684.29042904	0.01487363
-684.25742574	0.01207745
-684.22442244	0.00833926
-684.19141914	0.00453774
-684.15841584	0.00070918
-684.12541254	-0.00209686
-684.09240924	-0.00411225
-684.05940594	-0.00474512
-684.02640264	-0.00423235
-683.99339934	-0.00253856
-683.96039604	0.00012436
-683.92739274	0.00339090
-683.89438944	0.00699201
-683.86138614	0.01070013
-683.82838284	0.01415220
-683.79537954	0.01728370
-683.76237624	0.01999657
-683.72937294	0.02200619
-683.69636964	0.02374412
-683.66336634	0.02453354
-683.63036304	0.02496127
-683.59735974	0.02422177
-683.56435644	0.02268528
-683.53135314	0.02001850
-683.49834983	0.01625317
-683.46534653	0.01135704
-683.43234323	0.00552826
-683.39933993	-0.00081987
-683.36633663	-0.00755273
-683.33333333	-0.01373109
-683.30033003	-0.01933008
-683.26732673	-0.02338532
-683.23432343	-0.02580162
-683.20132013	-0.02596667
-683.16831683	-0.02422549
-683.13531353	-0.02046469
-683.10231023	-0.01549235
-683.06930693	-0.00954418
-683.03630363	-0.00365101
-683.00330033	0.00159938
-682.97029703	0.00563912
-682.93729373	0.00804872
-682.90429043	0.00879839
-682.87128713	0.00775024
-682.83828383	0.00567136
-682.80528053	0.00252611
-682.77227723	-0.00071526
-682.73927393	-0.00371233
-682.70627063	-0.00600183
-682.67326733	-0.00702385
-682.64026403	-0.00702828
-682.60726073	-0.00579410
-682.57425743	-0.00373524
-682.54125413	-0.00137726
-682.50825083	0.00078834
-682.47524752	0.00249428
-682.44224422	0.00321971
-682.40924092	0.00296538
-682.37623762	0.00162502
-682.34323432	-0.00023033
-682.31023102	-0.00235095
-682.27722772	-0.00443159
-682.24422442	-0.00598310
-682.21122112	-0.00651732
-682.17821782	-0.00617817
-682.14521452	-0.00484577
-682.11221122	-0.00272056
-682.07920792	-0.00022926
-682.04620462	0.00239917
-682.01320132	0.00476332
-681.98019802	0.00657879
-681.94719472	0.00766487
-681.91419142	0.00828026
-681.88118812	0.00788112
-681.84818482	0.00711054
-681.81518152	0.00589811
-681.78217822	0.00431457
-681.74917492	0.00279062
-681.71617162	0.00091081
-681.68316832	-0.00074115
-681.65016502	-0.00240983
-681.61716172	-0.00405956
-681.58415842	-0.00592533
-681.55115512	-0.00767402
-681.51815182	-0.00948756
-681.48514851	-0.01138767
-681.45214521	-0.01326216
-681.41914191	-0.01492827
-681.38613861	-0.01629021
-681.35313531	-0.01718210
-681.32013201	-0.01765146
-681.28712871	-0.01740333
-681.25412541	-0.01669389
-681.22112211	-0.01563755
-681.18811881	-0.01423039
-681.15511551	-0.01279706
-681.12211221	-0.01124278
-681.08910891	-0.00966002
-681.05610561	-0.00812061
-681.02310231	-0.00627183
-680.99009901	-0.00394567
-680.95709571	-0.00134976
-680.92409241	0.00200929
-680.89108911	0.00573416
-680.85808581	0.00990662
-680.82508251	0.01364485
-680.79207921	0.01723424
-680.75907591	0.01976777
-680.72607261	0.02094586
-680.69306931	0.02062478
-680.66006601	0.01883437
-680.62706271	0.01570156
-680.59405941	0.01149282
-680.56105611	0.00663854
-680.52805281	0.00191945
-680.49504950	-0.00254796
-680.46204620	-0.00633695
-680.42904290	-0.00915733
-680.39603960	-0.01071333
-680.36303630	-0.01129387
-680.33003300	-0.01061955
-680.29702970	-0.00912071
-680.26402640	-0.00676487
-680.23102310	-0.00400772
-680.19801980	-0.00122693
-680.16501650	0.00137642
-680.13201320	0.00352247
-680.09900990	0.00486780
-680.06600660	0.00537626
-680.03300330	0.00487960
-680.00000000	0.00373677
-679.96699670	0.00174273
-679.93399340	-0.00063920
-679.90099010	-0.00340355
-679.86798680	-0.00626181
-679.83498350	-0.00915339
-679.80198020	-0.01177123
-679.76897690	-0.01424096
-679.73597360	-0.01608884
-679.70297030	-0.01763252
-679.66996700	-0.01830800
-679.63696370	-0.01847420
-679.60396040	-0.01774091
-679.57095710	-0.01632213
-679.53795380	-0.01443563
-679.50495050	-0.01207012
-679.47194719	-0.00953180
-679.43894389	-0.00720207
-679.40594059	-0.00509010
-679.37293729	-0.00352573
-679.33993399	-0.00267492
-679.30693069	-0.00256673
-679.27392739	-0.00293857
-679.24092409	-0.00387162
-679.20792079	-0.00480515
-679.17491749	-0.00569564
-679.14191419	-0.00609322
-679.10891089	-0.00586562
-679.07590759	-0.00451224
-679.04290429	-0.00256019
-679.00990099	0.00038463
-678.97689769	0.00381925
-678.94389439	0.00745154
-678.91089109	0.01098956
-678.87788779	0.01386547
-678.84488449	0.01615216
-678.81188119	0.01725638
-678.77887789	0.01727741
-678.74587459	0.01630189
-678.71287129	0.01459243
-678.67986799	0.01211778
-678.64686469	0.00968718
-678.61386139	0.00718848
-678.58085809	0.00525616
-678.54785479	0.00382769
-678.51485149	0.00307415
-678.48184818	0.00313334
-678.44884488	0.00390743
-678.41584158	0.00500154
-678.38283828	0.00694335
-678.34983498	0.00888335
-678.31683168	0.01141812
-678.28382838	0.01373729
-678.25082508	0.01616952
-678.21782178	0.01852594
-678.18481848	0.02058637
-678.15181518	0.02245513
-678.11881188	0.02401427
-678.08580858	0.02547266
-678.05280528	0.02661013
-678.01980198	0.02760409
-677.98679868	0.02826208
-677.95379538	0.02884429
-677.92079208	0.02909178
-677.88778878	0.02891624
-677.85478548	0.02846801
-677.82178218	0.02740812
-677.78877888	0.02582507
-677.75577558	0.02385046
-677.72277228	0.02130362
-677.68976898	0.01867364
-677.65676568	0.01593709
-677.62376238	0.01326257
-677.59075908	0.01111188
-677.55775578	0.00931847
-677.52475248	0.00803523
-677.49174917	0.00742471
-677.45874587	0.00717977
-677.42574257	0.00751886
-677.39273927	0.00801464
-677.35973597	0.00869627
-677.32673267	0.00931772
-677.29372937	0.00994440
-677.26072607	0.01032232
-677.22772277	0.01040582
-677.19471947	0.01030695
-677.16171617	0.00986629
-677.12871287	0.00909567
-677.09570957	0.00782490
-677.06270627	0.00637526
-677.02970297	0.00435015
-676.99669967	0.00224394
-676.96369637	-0.00015685
-676.93069307	-0.00243389
-676.89768977	-0.00452849
-676.86468647	-0.00622673
-676.83168317	-0.00736362
-676.79867987	-0.00785393
-676.76567657	-0.00776465
-676.73267327	-0.00705840
-676.69966997	-0.00629006
-676.66666667	-0.00531288
-676.63366337	-0.00500449
-676.60066007	-0.00515304
-676.56765677	-0.00663321
-676.53465347	-0.00906032
-676.50165017	-0.01277587
-676.46864686	-0.01716255
-676.43564356	-0.02215803
-676.40264026	-0.02704019
-676.36963696	-0.03119457
-676.33663366	-0.03426506
-676.30363036	-0.03579879
-676.27062706	-0.03603083
-676.23762376	-0.03464872
-676.20462046	-0.03248654
-676.17161716	-0.02945252
-676.13861386	-0.02662623
-676.10561056	-0.02399970
-676.07260726	-0.02226989
-676.03960396	-0.02131293
-676.00660066	-0.02151987
-675.97359736	-0.02231609
-675.94059406	-0.02361664
-675.90759076	-0.02490801
-675.87458746	-0.02606574
-675.84158416	-0.02634397
-675.80858086	-0.02608508
-675.77557756	-0.02490984
-675.74257426	-0.02336925
-675.70957096	-0.02166930
-675.67656766	-0.02026351
-675.64356436	-0.01953111
-675.61056106	-0.01955579
-675.57755776	-0.02061055
-675.54455446	-0.02225515
-675.51155116	-0.02421238
-675.47854785	-0.02627666
-675.44554455	-0.02758387
-675.41254125	-0.02802047
-675.37953795	-0.02699821
-675.34653465	-0.02467151
-675.31353135	-0.02085856
-675.28052805	-0.01610899
-675.24752475	-0.01078742
-675.21452145	-0.00524862
-675.18151815	-0.00014308
-675.14851485	0.00409067
-675.11551155	0.00715489
-675.08250825	0.00906640
-675.04950495	0.00949355
-675.01650165	0.00886538
-674.98349835	0.00728482
-674.95049505	0.00464383
-674.91749175	0.00160379
-674.88448845	-0.00218175
-674.85148515	-0.00587872
-674.81848185	-0.01008529
-674.78547855	-0.01375875
-674.75247525	-0.01716658
-674.71947195	-0.01995916
-674.68646865	-0.02172308
-674.65346535	-0.02242066
-674.62046205	-0.02172878
-674.58745875	-0.02026454
-674.55445545	-0.01726417
-674.52145215	-0.01382355
-674.48844884	-0.00968927
-674.45544554	-0.00578032
-674.42244224	-0.00183903
-674.38943894	0.00107318
-674.35643564	0.00347524
-674.32343234	0.00464008
-674.29042904	0.00517625
-674.25742574	0.00481495
-674.22442244	0.00424227
-674.19141914	0.00326349
-674.15841584	0.00250114
-674.12541254	0.00203276
-674.09240924	0.00187126
-674.05940594	0.00223467
-674.02640264	0.00297908
-673.99339934	0.00395999
-673.96039604	0.00512830
-673.92739274	0.00609376
-673.89438944	0.00693469
-673.86138614	0.00735438
-673.82838284	0.00742442
-673.79537954	0.00727316
-673.76237624	0.00690215
-673.72937294	0.00673318
-673.69636964	0.00666912
-673.66336634	0.00726019
-673.63036304	0.00851743
-673.59735974	0.01017523
-673.56435644	0.01243717
-673.53135314	0.01474367
-673.49834983	0.01730175
-673.46534653	0.01949071
-673.43234323	0.02153579
-673.39933993	0.02328759
-673.36633663	0.02482768
-673.33333333	0.02607818
-673.30033003	0.02731231
-673.26732673	0.02818234
-673.23432343	0.02880027
-673.20132013	0.02891981
-673.16831683	0.02847035
-673.13531353	0.02713604
-673.10231023	0.02502965
-673.06930693	0.02203114
-673.03630363	0.01848220
-673.00330033	0.01465716
-672.97029703	0.01073940
-672.93729373	0.00733805
-672.90429043	0.00449310
-672.87128713	0.00241323
-672.83828383	0.00145451
-672.80528053	0.00148201
-672.77227723	0.00221790
-672.73927393	0.00403521
-672.70627063	0.00626790
-672.67326733	0.00923165
-672.64026403	0.01216252
-672.60726073	0.01504335
-672.57425743	0.01773907
-672.54125413	0.01960553
-672.50825083	0.02071421
-672.47524752	0.02066854
-672.44224422	0.01955330
-672.40924092	0.01713332
-672.37623762	0.01363992
-672.34323432	0.00905361
-672.31023102	0.00381456
-672.27722772	-0.00190364
-672.24422442	-0.00793232
-672.21122112	-0.01366067
-672.17821782	-0.01908210
-672.14521452	-0.02350092
-672.11221122	-0.02740114
-672.07920792	-0.02979492
-672.04620462	-0.03120285
-672.01320132	-0.03107896
-671.98019802	-0.02986079
-671.94719472	-0.02712429
-671.91419142	-0.02340508
-671.88118812	-0.01868661
-671.84818482	-0.01290320
-671.81518152	-0.00649778
-671.78217822	0.00046403
-671.74917492	0.00779169
-671.71617162	0.01522718
-671.68316832	0.02231917
-671.65016502	0.02887635
-671.61716172	0.03441521
-671.58415842	0.03838512
-671.55115512	0.04072436
-671.51815182	0.04147391
-671.48514851	0.04002798
-671.45214521	0.03690298
-671.41914191	0.03198133
-671.38613861	0.02585595
-671.35313531	0.01861356
-671.32013201	0.01062182
-671.28712871	0.00264928
-671.25412541	-0.00528121
-671.22112211	-0.01258190
-671.18811881	-0.01890649
-671.15511551	-0.02400132
-671.12211221	-0.02749776
-671.08910891	-0.02950049
-671.05610561	-0.02971709
-671.02310231	-0.02833716
-670.99009901	-0.02571907
-670.95709571	-0.02196975
-670.92409241	-0.01759094
-670.89108911	-0.01289357
-670.85808581	-0.00851577
-670.82508251	-0.00458018
-670.79207921	-0.00158013
-670.75907591	0.00061617
-670.72607261	0.00168534
-670.69306931	0.00181140
-670.66006601	0.00137552
-670.62706271	0.00022745
-670.59405941	-0.00099746
-670.56105611	-0.00221752
-670.52805281	-0.00290213
-670.49504950	-0.00314268
-670.46204620	-0.00237077
-670.42904290	-0.00081521
-670.39603960	0.00170880
-670.36303630	0.00511074
-670.33003300	0.00911715
-670.29702970	0.01355712
-670.26402640	0.01796984
-670.23102310	0.02213219
-670.19801980	0.02633113
-670.16501650	0.02970890
-670.13201320	0.03246077
-670.09900990	0.03475730
-670.06600660	0.03639645
-670.03300330	0.03764731
-670.00000000	0.03843765
-669.96699670	0.03876582
-669.93399340	0.03865784
-669.90099010	0.03795774
-669.86798680	0.03675398
-669.83498350	0.03471003
-669.80198020	0.03199265
-669.76897690	0.02869220
-669.73597360	0.02454318
-669.70297030	0.01989929
-669.66996700	0.01472586
-669.63696370	0.00925521
-669.60396040	0.00389013
-669.57095710	-0.00152936
-669.53795380	-0.00650967
-669.50495050	-0.01108511
-669.47194719	-0.01512770
-669.43894389	-0.01836098
-669.40594059	-0.02089035
-669.37293729	-0.02265863
-669.33993399	-0.02338139
-669.30693069	-0.02343492
-669.27392739	-0.02233605
-669.24092409	-0.02045522
-669.20792079	-0.01767590
-669.17491749	-0.01426667
-669.14191419	-0.01069091
-669.10891089	-0.00670576
-669.07590759	-0.00317626
-669.04290429	0.00013429
-669.00990099	0.00280037
-668.97689769	0.00469907
-668.94389439	0.00583692
-668.91089109	0.00595339
-668.87788779	0.00555118
-668.84488449	0.00454336
-668.81188119	0.00322589
-668.77887789	0.00183398
-668.74587459	0.00037693
-668.71287129	-0.00072757
-668.67986799	-0.00169186
-668.64686469	-0.00229346
-668.61386139	-0.00267600
-668.58085809	-0.00309903
-668.54785479	-0.00333547
-668.51485149	-0.00353493
-668.48184818	-0.00389075
-668.44884488	-0.00391073
-668.41584158	-0.00355484
-668.38283828	-0.00296075
-668.34983498	-0.00164158
-668.31683168	0.00037898
-668.28382838	0.00277555
-668.25082508	0.00561038
-668.21782178	0.00857304
-668.18481848	0.01154512
-668.15181518	0.01402067
-668.11881188	0.01598681
-668.08580858	0.01692110
-668.05280528	0.01697749
-668.01980198	0.01584562
-667.98679868	0.01399735
-667.95379538	0.01118814
-667.92079208	0.00785830
-667.88778878	0.00403894
-667.85478548	0.00008693
-667.82178218	-0.00377973
-667.78877888	-0.00748322
-667.75577558	-0.01055551
-667.72277228	-0.01296843
-667.68976898	-0.01487678
-667.65676568	-0.01594977
-667.62376238	-0.01627045
-667.59075908	-0.01588259
-667.55775578	-0.01489954
-667.52475248	-0.01329147
-667.49174917	-0.01146002
-667.45874587	-0.00910863
-667.42574257	-0.00656890
-667.39273927	-0.00397573
-667.35973597	-0.00144976
-667.32673267	0.00073155
-667.29372937	0.00236942
-667.26072607	0.00315503
-667.22772277	0.00300118
-667.19471947	0.00181959
-667.16171617	-0.00012321
-667.12871287	-0.00282811
-667.09570957	-0.00584576
-667.06270627	-0.00900234
-667.02970297	-0.01143393
-666.99669967	-0.01299389
-666.96369637	-0.01336070
-666.93069307	-0.01264742
-666.89768977	-0.01071961
-666.86468647	-0.00770237
-666.83168317	-0.00430006
-666.79867987	-0.00064204
-666.76567657	0.00272548
-666.73267327	0.00546839
-666.69966997	0.00731925
-666.66666667	0.00820497
-666.63366337	0.00799672
-666.60066007	0.00719387
-666.56765677	0.00568309
-666.53465347	0.00403722
-666.50165017	0.00246113
-666.46864686	0.00135862
-666.43564356	0.00079186
-666.40264026	0.00070294
-666.36963696	0.00105852
-666.33663366	0.00172199
-666.30363036	0.00212075
-666.27062706	0.00229115
-666.23762376	0.00198106
-666.20462046	0.00115872
-666.17161716	-0.00017170
-666.13861386	-0.00189660
-666.10561056	-0.00366817
-666.07260726	-0.00547074
-666.03960396	-0.00726857
-666.00660066	-0.00863451
-665.97359736	-0.01004342
-665.94059406	-0.01118176
-665.90759076	-0.01223179
-665.87458746	-0.01336256
-665.84158416	-0.01460654
-665.80858086	-0.01582854
-665.77557756	-0.01682555
-665.74257426	-0.01780800
-665.70957096	-0.01850637
-665.67656766	-0.01893941
-665.64356436	-0.01894891
-665.61056106	-0.01870790
-665.57755776	-0.01821646
-665.54455446	-0.01746645
-665.51155116	-0.01651393
-665.47854785	-0.01560843
-665.44554455	-0.01460050
-665.41254125	-0.01340695
-665.37953795	-0.01233193
-665.34653465	-0.01082325
-665.31353135	-0.00924011
-665.28052805	-0.00764225
-665.24752475	-0.00568725
-665.21452145	-0.00382475
-665.18151815	-0.00201603
-665.14851485	-0.00039170
-665.11551155	0.00103854
-665.08250825	0.00201430
-665.04950495	0.00267353
-665.01650165	0.00314221
-664.98349835	0.00287926
-664.95049505	0.00227507
-664.91749175	0.00137291
-664.88448845	0.00007855
-664.85148515	-0.00150170
-664.81848185	-0.00309212
-664.78547855	-0.00473351
-664.75247525	-0.00615562
-664.71947195	-0.00723952
-664.68646865	-0.00776971
-664.65346535	-0.00786603
-664.62046205	-0.00715075
-664.58745875	-0.00600791
-664.55445545	-0.00449350
-664.52145215	-0.00281821
-664.48844884	-0.00112398
-664.45544554	0.00019103
-664.42244224	0.00125479
-664.38943894	0.00163964
-664.35643564	0.00159989
-664.32343234	0.00082392
-664.29042904	-0.00044896
-664.25742574	-0.00199445
-664.22442244	-0.00391201
-664.19141914	-0.00587688
-664.15841584	-0.00783810
-664.12541254	-0.00954805
-664.09240924	-0.01113437
-664.05940594	-0.01218187
-664.02640264	-0.01281694
-663.99339934	-0.01299795
-663.96039604	-0.01272862
-663.92739274	-0.01202424
-663.89438944	-0.01087886
-663.86138614	-0.00944362
-663.82838284	-0.00780299
-663.79537954	-0.00627290
-663.76237624	-0.00481485
-663.72937294	-0.00349903
-663.69636964	-0.00265232
-663.66336634	-0.00195545
-663.63036304	-0.00141545
-663.59735974	-0.00101662
-663.56435644	-0.00040003
-663.53135314	0.00051320
-663.49834983	0.00193298
-663.46534653	0.00382089
-663.43234323	0.00615981
-663.39933993	0.00899369
-663.36633663	0.01203744
-663.33333333	0.01507130
-663.30033003	0.01802659
-663.26732673	0.02062426
-663.23432343	0.02252212
-663.20132013	0.02370216
-663.16831683	0.02406217
-663.13531353	0.02335211
-663.10231023	0.02179076
-663.06930693	0.01955706
-663.03630363	0.01663740
-663.00330033	0.01304210
-662.97029703	0.00921087
-662.93729373	0.00543257
-662.90429043	0.00195931
-662.87128713	-0.00100119
-662.83828383	-0.00302086
-662.80528053	-0.00436640
-662.77227723	-0.00473987
-662.73927393	-0.00439105
-662.70627063	-0.00341046
-662.67326733	-0.00210679
-662.64026403	-0.00074163
-662.60726073	0.00051288
-662.57425743	0.00143748
-662.54125413	0.00217619
-662.50825083	0.00250002
-662.47524752	0.00258318
-662.44224422	0.00246914
-662.40924092	0.00241732
-662.37623762	0.00236146
-662.34323432	0.00240982
-662.31023102	0.00241130
-662.27722772	0.00252455
-662.24422442	0.00256626
-662.21122112	0.00247588
-662.17821782	0.00221637
-662.14521452	0.00177839
-662.11221122	0.00138534
-662.07920792	0.00097087
-662.04620462	0.00074769
-662.01320132	0.00061813
-661.98019802	0.00073033
-661.94719472	0.00107634
-661.91419142	0.00143127
-661.88118812	0.00184813
-661.84818482	0.00216124
-661.81518152	0.00236360
-661.78217822	0.00240288
-661.74917492	0.00200551
-661.71617162	0.00132954
-661.68316832	0.00034816
-661.65016502	-0.00079069
-661.61716172	-0.00221315
-661.58415842	-0.00370468
-661.55115512	-0.00536593
-661.51815182	-0.00687801
-661.48514851	-0.00837260
-661.45214521	-0.00986285
-661.41914191	-0.01115629
-661.38613861	-0.01231912
-661.35313531	-0.01325267
-661.32013201	-0.01386582
-661.28712871	-0.01444344
-661.25412541	-0.01467943
-661.22112211	-0.01447986
-661.18811881	-0.01400523
-661.15511551	-0.01306415
-661.12211221	-0.01167991
-661.08910891	-0.00991070
-661.05610561	-0.00767348
-661.02310231	-0.00496762
-660.99009901	-0.00198220
-660.95709571	0.00125667
-660.92409241	0.00465456
-660.89108911	0.00807655
-660.85808581	0.01139775
-660.82508251	0.01446837
-660.79207921	0.01713581
-660.75907591	0.01944135
-660.72607261	0.02085673
-660.69306931	0.02168169
-660.66006601	0.02160218
-660.62706271	0.02097857
-660.59405941	0.01952461
-660.56105611	0.01777950
-660.52805281	0.01555763
-660.49504950	0.01308503
-660.46204620	0.01091861
-660.42904290	0.00870437
-660.39603960	0.00670153
-660.36303630	0.00515106
-660.33003300	0.00370621
-660.29702970	0.00261585
-660.26402640	0.00183776
-660.23102310	0.00108743
-660.19801980	0.00069314
-660.16501650	0.00024957
-660.13201320	0.00000632
-660.09900990	-0.00021706
-660.06600660	-0.00035974
-660.03300330	-0.00068332
-660.00000000	-0.00104644
