# Menlo Systems GmbH ScanControl
# Program Version 1.14.3
# Start: -740.00000000 ps, Average over 1000 waveforms. Timestamp: 2026-02-06T12:37:06
# User time axis shift: 0 ps
# Time axis offset: 0 ps
# Time [ps]	THz Signal [a.u.]
-740.00000000	0.00026325
-739.96699670	0.00020485
-739.93399340	0.00018988
-739.90099010	0.00030431
-739.86798680	0.00019666
-739.83498350	0.00014250
-739.80198020	0.00011076
-739.76897690	0.00006402
-739.73597360	0.00005789
-739.70297030	-0.00000802
-739.66996700	0.00000347
-739.63696370	0.00005927
-739.60396040	0.00000536
-739.57095710	-0.00001547
-739.53795380	-0.00011880
-739.50495050	-0.00000634
-739.47194719	-0.00004557
-739.43894389	-0.00010346
-739.40594059	-0.00009994
-739.37293729	0.00004120
-739.33993399	-0.00007549
-739.30693069	-0.00006803
-739.27392739	-0.00011665
-739.24092409	-0.00009324
-739.20792079	-0.00008822
-739.17491749	-0.00018967
-739.14191419	-0.00019305
-739.10891089	-0.00021704
-739.07590759	-0.00007856
-739.04290429	-0.00012586
-739.00990099	-0.00011381
-738.97689769	-0.00020105
-738.94389439	-0.00014775
-738.91089109	-0.00008308
-738.87788779	-0.00009791
-738.84488449	-0.00008466
-738.81188119	-0.00020725
-738.77887789	-0.00017484
-738.74587459	-0.00008236
-738.71287129	-0.00003403
-738.67986799	-0.00010604
-738.64686469	-0.00009077
-738.61386139	-0.00013630
-738.58085809	-0.00004820
-738.54785479	-0.00009641
-738.51485149	-0.00004184
-738.48184818	-0.00005033
-738.44884488	-0.00004700
-738.41584158	-0.00008124
-738.38283828	-0.00004853
-738.34983498	-0.00004564
-738.31683168	-0.00018568
-738.28382838	-0.00018947
-738.25082508	-0.00012414
-738.21782178	-0.00011800
-738.18481848	-0.00008150
-738.15181518	-0.00011495
-738.11881188	-0.00009972
-738.08580858	-0.00009110
-738.05280528	-0.00014907
-738.01980198	-0.00002275
-737.98679868	-0.00005912
-737.95379538	-0.00004053
-737.92079208	-0.00008648
-737.88778878	-0.00007311
-737.85478548	-0.00003090
-737.82178218	0.00004483
-737.78877888	-0.00011453
-737.75577558	0.00004199
-737.72277228	0.00001818
-737.68976898	0.00000460
-737.65676568	0.00011254
-737.62376238	0.00010465
-737.59075908	-0.00001304
-737.55775578	-0.00005238
-737.52475248	0.00010583
-737.49174917	-0.00000423
-737.45874587	-0.00002323
-737.42574257	0.00003579
-737.39273927	-0.00000464
-737.35973597	-0.00003781
-737.32673267	0.00000796
-737.29372937	0.00005728
-737.26072607	-0.00002825
-737.22772277	0.00003313
-737.19471947	0.00005317
-737.16171617	0.00006645
-737.12871287	-0.00001119
-737.09570957	0.00003689
-737.06270627	0.00008101
-737.02970297	-0.00001557
-736.99669967	0.00000056
-736.96369637	-0.00002416
-736.93069307	0.00015318
-736.89768977	0.00001912
-736.86468647	0.00002609
-736.83168317	0.00001686
-736.79867987	0.00005484
-736.76567657	0.00008793
-736.73267327	0.00005711
-736.69966997	-0.00003579
-736.66666667	0.00003082
-736.63366337	-0.00003248
-736.60066007	-0.00008714
-736.56765677	-0.00003448
-736.53465347	0.00005674
-736.50165017	0.00004146
-736.46864686	-0.00002958
-736.43564356	0.00005250
-736.40264026	0.00002970
-736.36963696	0.00005316
-736.33663366	-0.00000467
-736.30363036	-0.00002138
-736.27062706	-0.00003351
-736.23762376	-0.00010086
-736.20462046	-0.00012804
-736.17161716	-0.00014762
-736.13861386	-0.00012249
-736.10561056	-0.00022715
-736.07260726	-0.00013810
-736.03960396	-0.00018081
-736.00660066	-0.00022400
-735.97359736	-0.00023342
-735.94059406	-0.00032049
-735.90759076	-0.00022778
-735.87458746	-0.00024882
-735.84158416	-0.00025049
-735.80858086	-0.00030420
-735.77557756	-0.00031198
-735.74257426	-0.00026466
-735.70957096	-0.00037025
-735.67656766	-0.00023532
-735.64356436	-0.00020945
-735.61056106	-0.00025863
-735.57755776	-0.00031457
-735.54455446	-0.00027056
-735.51155116	-0.00030423
-735.47854785	-0.00026917
-735.44554455	-0.00024490
-735.41254125	-0.00027668
-735.37953795	-0.00018175
-735.34653465	-0.00021257
-735.31353135	-0.00019707
-735.28052805	-0.00015054
-735.24752475	-0.00016138
-735.21452145	-0.00018158
-735.18151815	-0.00009093
-735.14851485	0.00003343
-735.11551155	-0.00001304
-735.08250825	-0.00002679
-735.04950495	-0.00004484
-735.01650165	0.00011278
-734.98349835	0.00012829
-734.95049505	0.00016227
-734.91749175	0.00012336
-734.88448845	0.00009654
-734.85148515	0.00011448
-734.81848185	0.00030597
-734.78547855	0.00026478
-734.75247525	0.00027142
-734.71947195	0.00023367
-734.68646865	0.00021863
-734.65346535	0.00041142
-734.62046205	0.00046254
-734.58745875	0.00043932
-734.55445545	0.00037641
-734.52145215	0.00047651
-734.48844884	0.00051163
-734.45544554	0.00046776
-734.42244224	0.00055166
-734.38943894	0.00055012
-734.35643564	0.00046871
-734.32343234	0.00043808
-734.29042904	0.00058034
-734.25742574	0.00056548
-734.22442244	0.00046270
-734.19141914	0.00050816
-734.15841584	0.00064974
-734.12541254	0.00049509
-734.09240924	0.00058331
-734.05940594	0.00053427
-734.02640264	0.00054137
-733.99339934	0.00056838
-733.96039604	0.00051770
-733.92739274	0.00042483
-733.89438944	0.00049545
-733.86138614	0.00051429
-733.82838284	0.00039918
-733.79537954	0.00050768
-733.76237624	0.00056384
-733.72937294	0.00042734
-733.69636964	0.00037017
-733.66336634	0.00036997
-733.63036304	0.00049383
-733.59735974	0.00028969
-733.56435644	0.00039055
-733.53135314	0.00034896
-733.49834983	0.00033507
-733.46534653	0.00029387
-733.43234323	0.00033248
-733.39933993	0.00022200
-733.36633663	0.00027090
-733.33333333	0.00026021
-733.30033003	0.00016592
-733.26732673	0.00034776
-733.23432343	0.00026703
-733.20132013	0.00024548
-733.16831683	0.00017908
-733.13531353	0.00021365
-733.10231023	0.00025196
-733.06930693	0.00019352
-733.03630363	0.00024233
-733.00330033	0.00024733
-732.97029703	0.00025421
-732.93729373	0.00018457
-732.90429043	0.00030183
-732.87128713	0.00027444
-732.83828383	0.00035580
-732.80528053	0.00024566
-732.77227723	0.00036219
-732.73927393	0.00037405
-732.70627063	0.00036283
-732.67326733	0.00039716
-732.64026403	0.00038363
-732.60726073	0.00042639
-732.57425743	0.00041722
-732.54125413	0.00034474
-732.50825083	0.00050183
-732.47524752	0.00053419
-732.44224422	0.00048724
-732.40924092	0.00046017
-732.37623762	0.00057666
-732.34323432	0.00054868
-732.31023102	0.00045460
-732.27722772	0.00058418
-732.24422442	0.00064814
-732.21122112	0.00053538
-732.17821782	0.00060020
-732.14521452	0.00058099
-732.11221122	0.00057244
-732.07920792	0.00059290
-732.04620462	0.00055573
-732.01320132	0.00064430
-731.98019802	0.00061362
-731.94719472	0.00044823
-731.91419142	0.00071305
-731.88118812	0.00063668
-731.84818482	0.00056570
-731.81518152	0.00061467
-731.78217822	0.00056000
-731.74917492	0.00060454
-731.71617162	0.00060050
-731.68316832	0.00047220
-731.65016502	0.00058818
-731.61716172	0.00050976
-731.58415842	0.00049102
-731.55115512	0.00058089
-731.51815182	0.00049121
-731.48514851	0.00049167
-731.45214521	0.00052362
-731.41914191	0.00049822
-731.38613861	0.00033608
-731.35313531	0.00050472
-731.32013201	0.00043022
-731.28712871	0.00044152
-731.25412541	0.00038872
-731.22112211	0.00048131
-731.18811881	0.00035532
-731.15511551	0.00053495
-731.12211221	0.00033829
-731.08910891	0.00035786
-731.05610561	0.00049047
-731.02310231	0.00032467
-730.99009901	0.00048318
-730.95709571	0.00038041
-730.92409241	0.00037042
-730.89108911	0.00038841
-730.85808581	0.00032664
-730.82508251	0.00038275
-730.79207921	0.00045599
-730.75907591	0.00037665
-730.72607261	0.00044762
-730.69306931	0.00034032
-730.66006601	0.00045754
-730.62706271	0.00044005
-730.59405941	0.00039030
-730.56105611	0.00053756
-730.52805281	0.00033747
-730.49504950	0.00044291
-730.46204620	0.00056670
-730.42904290	0.00041162
-730.39603960	0.00055802
-730.36303630	0.00054938
-730.33003300	0.00045194
-730.29702970	0.00060874
-730.26402640	0.00064712
-730.23102310	0.00062683
-730.19801980	0.00057940
-730.16501650	0.00072834
-730.13201320	0.00068936
-730.09900990	0.00070457
-730.06600660	0.00073872
-730.03300330	0.00074666
-730.00000000	0.00077849
-729.96699670	0.00077799
-729.93399340	0.00092250
-729.90099010	0.00080886
-729.86798680	0.00083560
-729.83498350	0.00097036
-729.80198020	0.00088386
-729.76897690	0.00090009
-729.73597360	0.00091819
-729.70297030	0.00091877
-729.66996700	0.00091095
-729.63696370	0.00086127
-729.60396040	0.00088282
-729.57095710	0.00078061
-729.53795380	0.00071854
-729.50495050	0.00065337
-729.47194719	0.00056703
-729.43894389	0.00041954
-729.40594059	0.00032355
-729.37293729	0.00021424
-729.33993399	-0.00003453
-729.30693069	-0.00005400
-729.27392739	-0.00029675
-729.24092409	-0.00047669
-729.20792079	-0.00065351
-729.17491749	-0.00084488
-729.14191419	-0.00094677
-729.10891089	-0.00115163
-729.07590759	-0.00132870
-729.04290429	-0.00140580
-729.00990099	-0.00163824
-728.97689769	-0.00171724
-728.94389439	-0.00168167
-728.91089109	-0.00186326
-728.87788779	-0.00182781
-728.84488449	-0.00195004
-728.81188119	-0.00189024
-728.77887789	-0.00191328
-728.74587459	-0.00190859
-728.71287129	-0.00179723
-728.67986799	-0.00169751
-728.64686469	-0.00157149
-728.61386139	-0.00135036
-728.58085809	-0.00113213
-728.54785479	-0.00084275
-728.51485149	-0.00050542
-728.48184818	-0.00021781
-728.44884488	0.00023848
-728.41584158	0.00052967
-728.38283828	0.00091933
-728.34983498	0.00123390
-728.31683168	0.00152509
-728.28382838	0.00171005
-728.25082508	0.00189472
-728.21782178	0.00182433
-728.18481848	0.00201534
-728.15181518	0.00179215
-728.11881188	0.00176625
-728.08580858	0.00164694
-728.05280528	0.00144622
-728.01980198	0.00127389
-727.98679868	0.00105499
-727.95379538	0.00090878
-727.92079208	0.00084840
-727.88778878	0.00062548
-727.85478548	0.00067100
-727.82178218	0.00039559
-727.78877888	0.00047883
-727.75577558	0.00038257
-727.72277228	0.00047999
-727.68976898	0.00036947
-727.65676568	0.00036824
-727.62376238	0.00044736
-727.59075908	0.00031069
-727.55775578	0.00048132
-727.52475248	0.00039253
-727.49174917	0.00038365
-727.45874587	0.00042816
-727.42574257	0.00036364
-727.39273927	0.00033053
-727.35973597	0.00036443
-727.32673267	0.00026562
-727.29372937	0.00025795
-727.26072607	0.00022526
-727.22772277	0.00017322
-727.19471947	0.00020741
-727.16171617	0.00016169
-727.12871287	0.00023125
-727.09570957	0.00011065
-727.06270627	0.00017448
-727.02970297	0.00023388
-726.99669967	0.00017476
-726.96369637	0.00028161
-726.93069307	0.00021111
-726.89768977	0.00030559
-726.86468647	0.00026474
-726.83168317	0.00028287
-726.79867987	0.00030610
-726.76567657	0.00028292
-726.73267327	0.00036584
-726.69966997	0.00039560
-726.66666667	0.00035044
-726.63366337	0.00028573
-726.60066007	0.00033609
-726.56765677	0.00039223
-726.53465347	0.00032391
-726.50165017	0.00043375
-726.46864686	0.00035697
-726.43564356	0.00031814
-726.40264026	0.00031101
-726.36963696	0.00043583
-726.33663366	0.00035218
-726.30363036	0.00035325
-726.27062706	0.00035227
-726.23762376	0.00038247
-726.20462046	0.00041536
-726.17161716	0.00032079
-726.13861386	0.00037977
-726.10561056	0.00034245
-726.07260726	0.00036520
-726.03960396	0.00025094
-726.00660066	0.00036756
-725.97359736	0.00028377
-725.94059406	0.00027754
-725.90759076	0.00033151
-725.87458746	0.00026587
-725.84158416	0.00036341
-725.80858086	0.00025665
-725.77557756	0.00034016
-725.74257426	0.00034461
-725.70957096	0.00028803
-725.67656766	0.00042962
-725.64356436	0.00037056
-725.61056106	0.00042638
-725.57755776	0.00047687
-725.54455446	0.00049167
-725.51155116	0.00061288
-725.47854785	0.00048373
-725.44554455	0.00078626
-725.41254125	0.00063175
-725.37953795	0.00078256
-725.34653465	0.00081736
-725.31353135	0.00094719
-725.28052805	0.00101426
-725.24752475	0.00096599
-725.21452145	0.00108691
-725.18151815	0.00119289
-725.14851485	0.00124799
-725.11551155	0.00130697
-725.08250825	0.00138693
-725.04950495	0.00146714
-725.01650165	0.00141509
-724.98349835	0.00155826
-724.95049505	0.00149442
-724.91749175	0.00149272
-724.88448845	0.00138383
-724.85148515	0.00117615
-724.81848185	0.00103421
-724.78547855	0.00066125
-724.75247525	0.00031946
-724.71947195	-0.00020509
-724.68646865	-0.00077561
-724.65346535	-0.00150503
-724.62046205	-0.00211279
-724.58745875	-0.00287735
-724.55445545	-0.00358555
-724.52145215	-0.00420039
-724.48844884	-0.00469368
-724.45544554	-0.00496976
-724.42244224	-0.00516687
-724.38943894	-0.00503771
-724.35643564	-0.00474438
-724.32343234	-0.00420669
-724.29042904	-0.00349350
-724.25742574	-0.00265957
-724.22442244	-0.00182321
-724.19141914	-0.00079439
-724.15841584	-0.00006986
-724.12541254	0.00061811
-724.09240924	0.00123489
-724.05940594	0.00174369
-724.02640264	0.00202821
-723.99339934	0.00204810
-723.96039604	0.00227580
-723.92739274	0.00204168
-723.89438944	0.00214692
-723.86138614	0.00182479
-723.82838284	0.00175166
-723.79537954	0.00144593
-723.76237624	0.00128434
-723.72937294	0.00106088
-723.69636964	0.00095451
-723.66336634	0.00067963
-723.63036304	0.00055384
-723.59735974	0.00050694
-723.56435644	0.00036989
-723.53135314	0.00036155
-723.49834983	0.00026039
-723.46534653	0.00030384
-723.43234323	0.00025756
-723.39933993	0.00043859
-723.36633663	0.00029998
-723.33333333	0.00029598
-723.30033003	0.00032078
-723.26732673	0.00037610
-723.23432343	0.00025279
-723.20132013	0.00024943
-723.16831683	0.00010484
-723.13531353	0.00009137
-723.10231023	-0.00002822
-723.06930693	-0.00010521
-723.03630363	-0.00018193
-723.00330033	-0.00020928
-722.97029703	-0.00026032
-722.93729373	-0.00018969
-722.90429043	-0.00036906
-722.87128713	-0.00028965
-722.83828383	-0.00036021
-722.80528053	-0.00029216
-722.77227723	-0.00030516
-722.73927393	-0.00034129
-722.70627063	-0.00024509
-722.67326733	-0.00032644
-722.64026403	-0.00033730
-722.60726073	-0.00032719
-722.57425743	-0.00037029
-722.54125413	-0.00030047
-722.50825083	-0.00037817
-722.47524752	-0.00037654
-722.44224422	-0.00032321
-722.40924092	-0.00032436
-722.37623762	-0.00032052
-722.34323432	-0.00030974
-722.31023102	-0.00027106
-722.27722772	-0.00023887
-722.24422442	-0.00018002
-722.21122112	-0.00016823
-722.17821782	-0.00010345
-722.14521452	-0.00019018
-722.11221122	-0.00022785
-722.07920792	-0.00029629
-722.04620462	-0.00038241
-722.01320132	-0.00052737
-721.98019802	-0.00070399
-721.94719472	-0.00092697
-721.91419142	-0.00119922
-721.88118812	-0.00136369
-721.84818482	-0.00161799
-721.81518152	-0.00193217
-721.78217822	-0.00208226
-721.74917492	-0.00234039
-721.71617162	-0.00265943
-721.68316832	-0.00272344
-721.65016502	-0.00295499
-721.61716172	-0.00317859
-721.58415842	-0.00345006
-721.55115512	-0.00370209
-721.51815182	-0.00400695
-721.48514851	-0.00450384
-721.45214521	-0.00495608
-721.41914191	-0.00556032
-721.38613861	-0.00611203
-721.35313531	-0.00676962
-721.32013201	-0.00723280
-721.28712871	-0.00779018
-721.25412541	-0.00791028
-721.22112211	-0.00795668
-721.18811881	-0.00760863
-721.15511551	-0.00708028
-721.12211221	-0.00608085
-721.08910891	-0.00492467
-721.05610561	-0.00355041
-721.02310231	-0.00206214
-720.99009901	-0.00050249
-720.95709571	0.00083999
-720.92409241	0.00200169
-720.89108911	0.00290614
-720.85808581	0.00352552
-720.82508251	0.00382559
-720.79207921	0.00381558
-720.75907591	0.00382848
-720.72607261	0.00363158
-720.69306931	0.00343953
-720.66006601	0.00338138
-720.62706271	0.00327903
-720.59405941	0.00353090
-720.56105611	0.00361567
-720.52805281	0.00382328
-720.49504950	0.00400301
-720.46204620	0.00412658
-720.42904290	0.00414046
-720.39603960	0.00395001
-720.36303630	0.00355148
-720.33003300	0.00324833
-720.29702970	0.00260671
-720.26402640	0.00195335
-720.23102310	0.00129472
-720.19801980	0.00047244
-720.16501650	-0.00034597
-720.13201320	-0.00112147
-720.09900990	-0.00194114
-720.06600660	-0.00274138
-720.03300330	-0.00350679
-720.00000000	-0.00429592
-719.96699670	-0.00528921
-719.93399340	-0.00617910
-719.90099010	-0.00714107
-719.86798680	-0.00850023
-719.83498350	-0.00972965
-719.80198020	-0.01128783
-719.76897690	-0.01287791
-719.73597360	-0.01458031
-719.70297030	-0.01624213
-719.66996700	-0.01789592
-719.63696370	-0.01930666
-719.60396040	-0.02005199
-719.57095710	-0.02048908
-719.53795380	-0.02021767
-719.50495050	-0.01914603
-719.47194719	-0.01733057
-719.43894389	-0.01473318
-719.40594059	-0.01174009
-719.37293729	-0.00846048
-719.33993399	-0.00489230
-719.30693069	-0.00157538
-719.27392739	0.00117675
-719.24092409	0.00352745
-719.20792079	0.00493060
-719.17491749	0.00580658
-719.14191419	0.00567927
-719.10891089	0.00523526
-719.07590759	0.00427622
-719.04290429	0.00309618
-719.00990099	0.00201324
-718.97689769	0.00084888
-718.94389439	0.00007309
-718.91089109	-0.00063236
-718.87788779	-0.00095278
-718.84488449	-0.00117745
-718.81188119	-0.00116012
-718.77887789	-0.00090990
-718.74587459	-0.00042825
-718.71287129	0.00019013
-718.67986799	0.00104221
-718.64686469	0.00217320
-718.61386139	0.00343789
-718.58085809	0.00489963
-718.54785479	0.00643313
-718.51485149	0.00820340
-718.48184818	0.01002272
-718.44884488	0.01200587
-718.41584158	0.01418242
-718.38283828	0.01643227
-718.34983498	0.01899888
-718.31683168	0.02178241
-718.28382838	0.02480598
-718.25082508	0.02818389
-718.21782178	0.03205757
-718.18481848	0.03640722
-718.15181518	0.04113757
-718.11881188	0.04664567
-718.08580858	0.05244440
-718.05280528	0.05895456
-718.01980198	0.06587258
-717.98679868	0.07323479
-717.95379538	0.08097240
-717.92079208	0.08909793
-717.88778878	0.09730769
-717.85478548	0.10574273
-717.82178218	0.11423708
-717.78877888	0.12299630
-717.75577558	0.13169075
-717.72277228	0.14066696
-717.68976898	0.14971094
-717.65676568	0.15956419
-717.62376238	0.16990555
-717.59075908	0.18121952
-717.55775578	0.19378958
-717.52475248	0.20804575
-717.49174917	0.22406697
-717.45874587	0.24228898
-717.42574257	0.26289628
-717.39273927	0.28584679
-717.35973597	0.31096440
-717.32673267	0.33823288
-717.29372937	0.36670418
-717.26072607	0.39577963
-717.22772277	0.42466433
-717.19471947	0.45164187
-717.16171617	0.47553790
-717.12871287	0.49456810
-717.09570957	0.50709261
-717.06270627	0.51140056
-717.02970297	0.50599880
-716.99669967	0.48974488
-716.96369637	0.46158752
-716.93069307	0.42161498
-716.89768977	0.36979228
-716.86468647	0.30718270
-716.83168317	0.23506549
-716.79867987	0.15556436
-716.76567657	0.07042934
-716.73267327	-0.01824064
-716.69966997	-0.10890284
-716.66666667	-0.20059883
-716.63366337	-0.29337656
-716.60066007	-0.38857068
-716.56765677	-0.48816643
-716.53465347	-0.59523652
-716.50165017	-0.71341388
-716.46864686	-0.84599507
-716.43564356	-0.99515480
-716.40264026	-1.16129107
-716.36963696	-1.34221006
-716.33663366	-1.53226392
-716.30363036	-1.72281130
-716.27062706	-1.90147718
-716.23762376	-2.05301618
-716.20462046	-2.16184827
-716.17161716	-2.21191614
-716.13861386	-2.19013597
-716.10561056	-2.08773266
-716.07260726	-1.90101449
-716.03960396	-1.63332464
-716.00660066	-1.29626949
-715.97359736	-0.90711394
-715.94059406	-0.49003060
-715.90759076	-0.07088166
-715.87458746	0.32454224
-715.84158416	0.67368962
-715.80858086	0.95958890
-715.77557756	1.17338698
-715.74257426	1.31334449
-715.70957096	1.38522985
-715.67656766	1.39853156
-715.64356436	1.36536095
-715.61056106	1.29810461
-715.57755776	1.20761081
-715.54455446	1.10297964
-715.51155116	0.99104430
-715.47854785	0.87691348
-715.44554455	0.76481424
-715.41254125	0.65836661
-715.37953795	0.56094414
-715.34653465	0.47551162
-715.31353135	0.40412706
-715.28052805	0.34754301
-715.24752475	0.30556752
-715.21452145	0.27649011
-715.18151815	0.25813016
-715.14851485	0.24808960
-715.11551155	0.24308241
-715.08250825	0.24038232
-715.04950495	0.23763731
-715.01650165	0.23218867
-714.98349835	0.22184938
-714.95049505	0.20607531
-714.91749175	0.18423933
-714.88448845	0.15779156
-714.85148515	0.12856924
-714.81848185	0.09895963
-714.78547855	0.07141602
-714.75247525	0.04767299
-714.71947195	0.02912794
-714.68646865	0.01592178
-714.65346535	0.00832163
-714.62046205	0.00569171
-714.58745875	0.00728902
-714.55445545	0.01232795
-714.52145215	0.01982334
-714.48844884	0.02817139
-714.45544554	0.03635598
-714.42244224	0.04323969
-714.38943894	0.04801135
-714.35643564	0.04998104
-714.32343234	0.04940376
-714.29042904	0.04641727
-714.25742574	0.04169793
-714.22442244	0.03549679
-714.19141914	0.02852464
-714.15841584	0.02168889
-714.12541254	0.01519125
-714.09240924	0.00940261
-714.05940594	0.00487011
-714.02640264	0.00140514
-713.99339934	-0.00065501
-713.96039604	-0.00174861
-713.92739274	-0.00177380
-713.89438944	-0.00129206
-713.86138614	-0.00066766
-713.82838284	-0.00009543
-713.79537954	-0.00009127
-713.76237624	-0.00095861
-713.72937294	-0.00269800
-713.69636964	-0.00544248
-713.66336634	-0.00895861
-713.63036304	-0.01286195
-713.59735974	-0.01707116
-713.56435644	-0.02152460
-713.53135314	-0.02570051
-713.49834983	-0.02951620
-713.46534653	-0.03296115
-713.43234323	-0.03579787
-713.39933993	-0.03814175
-713.36633663	-0.03983757
-713.33333333	-0.04065538
-713.30033003	-0.04083524
-713.26732673	-0.04003325
-713.23432343	-0.03850324
-713.20132013	-0.03632423
-713.16831683	-0.03361976
-713.13531353	-0.03088850
-713.10231023	-0.02793542
-713.06930693	-0.02524869
-713.03630363	-0.02260920
-713.00330033	-0.01989151
-712.97029703	-0.01692396
-712.93729373	-0.01342937
-712.90429043	-0.00909740
-712.87128713	-0.00390020
-712.83828383	0.00224959
-712.80528053	0.00923268
-712.77227723	0.01662311
-712.73927393	0.02410267
-712.70627063	0.03086873
-712.67326733	0.03639223
-712.64026403	0.04034403
-712.60726073	0.04222874
-712.57425743	0.04192677
-712.54125413	0.03963495
-712.50825083	0.03517639
-712.47524752	0.02935137
-712.44224422	0.02195825
-712.40924092	0.01376345
-712.37623762	0.00478141
-712.34323432	-0.00433470
-712.31023102	-0.01313368
-712.27722772	-0.02106815
-712.24422442	-0.02756393
-712.21122112	-0.03224587
-712.17821782	-0.03453299
-712.14521452	-0.03487271
-712.11221122	-0.03302126
-712.07920792	-0.02942762
-712.04620462	-0.02506139
-712.01320132	-0.02021181
-711.98019802	-0.01552218
-711.94719472	-0.01201905
-711.91419142	-0.00981641
-711.88118812	-0.00894023
-711.84818482	-0.00961876
-711.81518152	-0.01148850
-711.78217822	-0.01406217
-711.74917492	-0.01711673
-711.71617162	-0.01999930
-711.68316832	-0.02211658
-711.65016502	-0.02359046
-711.61716172	-0.02386149
-711.58415842	-0.02318195
-711.55115512	-0.02160823
-711.51815182	-0.01951852
-711.48514851	-0.01680815
-711.45214521	-0.01427091
-711.41914191	-0.01157228
-711.38613861	-0.00920453
-711.35313531	-0.00716819
-711.32013201	-0.00531349
-711.28712871	-0.00399768
-711.25412541	-0.00290469
-711.22112211	-0.00214381
-711.18811881	-0.00177656
-711.15511551	-0.00179166
-711.12211221	-0.00208017
-711.08910891	-0.00276056
-711.05610561	-0.00368565
-711.02310231	-0.00496411
-710.99009901	-0.00630133
-710.95709571	-0.00746365
-710.92409241	-0.00835668
-710.89108911	-0.00883698
-710.85808581	-0.00886603
-710.82508251	-0.00860003
-710.79207921	-0.00812744
-710.75907591	-0.00793407
-710.72607261	-0.00840734
-710.69306931	-0.00965182
-710.66006601	-0.01206540
-710.62706271	-0.01534415
-710.59405941	-0.01943368
-710.56105611	-0.02383829
-710.52805281	-0.02784724
-710.49504950	-0.03109111
-710.46204620	-0.03331623
-710.42904290	-0.03409177
-710.39603960	-0.03393122
-710.36303630	-0.03267957
-710.33003300	-0.03103365
-710.29702970	-0.02901543
-710.26402640	-0.02714320
-710.23102310	-0.02547452
-710.19801980	-0.02403155
-710.16501650	-0.02297970
-710.13201320	-0.02218215
-710.09900990	-0.02170634
-710.06600660	-0.02133370
-710.03300330	-0.02120733
-710.00000000	-0.02106664
-709.96699670	-0.02074937
-709.93399340	-0.02038610
-709.90099010	-0.01947782
-709.86798680	-0.01799258
-709.83498350	-0.01590030
-709.80198020	-0.01312039
-709.76897690	-0.00983263
-709.73597360	-0.00624145
-709.70297030	-0.00268048
-709.66996700	0.00080605
-709.63696370	0.00334656
-709.60396040	0.00505166
-709.57095710	0.00595603
-709.53795380	0.00613059
-709.50495050	0.00588788
-709.47194719	0.00548340
-709.43894389	0.00556237
-709.40594059	0.00589174
-709.37293729	0.00677161
-709.33993399	0.00814806
-709.30693069	0.00982441
-709.27392739	0.01162400
-709.24092409	0.01348116
-709.20792079	0.01523758
-709.17491749	0.01691420
-709.14191419	0.01842726
-709.10891089	0.01976359
-709.07590759	0.02079975
-709.04290429	0.02131885
-709.00990099	0.02137800
-708.97689769	0.02087925
-708.94389439	0.01967634
-708.91089109	0.01756789
-708.87788779	0.01465585
-708.84488449	0.01074364
-708.81188119	0.00572321
-708.77887789	-0.00004226
-708.74587459	-0.00637469
-708.71287129	-0.01294455
-708.67986799	-0.01938300
-708.64686469	-0.02521469
-708.61386139	-0.03021082
-708.58085809	-0.03437204
-708.54785479	-0.03785546
-708.51485149	-0.04083668
-708.48184818	-0.04361082
-708.44884488	-0.04639909
-708.41584158	-0.04901184
-708.38283828	-0.05169701
-708.34983498	-0.05384697
-708.31683168	-0.05505984
-708.28382838	-0.05524271
-708.25082508	-0.05360387
-708.21782178	-0.05019813
-708.18481848	-0.04472640
-708.15181518	-0.03762509
-708.11881188	-0.02928013
-708.08580858	-0.02002351
-708.05280528	-0.01045789
-708.01980198	-0.00127965
-707.98679868	0.00720772
-707.95379538	0.01475285
-707.92079208	0.02123056
-707.88778878	0.02667035
-707.85478548	0.03093956
-707.82178218	0.03410751
-707.78877888	0.03620791
-707.75577558	0.03726430
-707.72277228	0.03700039
-707.68976898	0.03577376
-707.65676568	0.03361370
-707.62376238	0.03105344
-707.59075908	0.02847178
-707.55775578	0.02637749
-707.52475248	0.02502031
-707.49174917	0.02470447
-707.45874587	0.02536198
-707.42574257	0.02679315
-707.39273927	0.02897809
-707.35973597	0.03138617
-707.32673267	0.03361560
-707.29372937	0.03534044
-707.26072607	0.03648754
-707.22772277	0.03667706
-707.19471947	0.03590246
-707.16171617	0.03405588
-707.12871287	0.03141385
-707.09570957	0.02784034
-707.06270627	0.02335067
-707.02970297	0.01826616
-706.99669967	0.01273138
-706.96369637	0.00687816
-706.93069307	0.00099918
-706.89768977	-0.00439566
-706.86468647	-0.00918102
-706.83168317	-0.01305415
-706.79867987	-0.01571169
-706.76567657	-0.01752478
-706.73267327	-0.01833741
-706.69966997	-0.01843122
-706.66666667	-0.01830570
-706.63366337	-0.01795919
-706.60066007	-0.01775905
-706.56765677	-0.01761141
-706.53465347	-0.01736795
-706.50165017	-0.01716553
-706.46864686	-0.01686747
-706.43564356	-0.01619821
-706.40264026	-0.01558275
-706.36963696	-0.01484895
-706.33663366	-0.01391905
-706.30363036	-0.01332453
-706.27062706	-0.01270242
-706.23762376	-0.01203163
-706.20462046	-0.01159457
-706.17161716	-0.01086579
-706.13861386	-0.01003041
-706.10561056	-0.00921236
-706.07260726	-0.00822728
-706.03960396	-0.00716484
-706.00660066	-0.00623812
-705.97359736	-0.00567020
-705.94059406	-0.00540975
-705.90759076	-0.00571123
-705.87458746	-0.00637119
-705.84158416	-0.00741277
-705.80858086	-0.00859902
-705.77557756	-0.00975210
-705.74257426	-0.01052281
-705.70957096	-0.01088836
-705.67656766	-0.01035145
-705.64356436	-0.00908802
-705.61056106	-0.00723702
-705.57755776	-0.00501560
-705.54455446	-0.00258549
-705.51155116	-0.00041466
-705.47854785	0.00128250
-705.44554455	0.00261613
-705.41254125	0.00327455
-705.37953795	0.00333903
-705.34653465	0.00332072
-705.31353135	0.00313244
-705.28052805	0.00288922
-705.24752475	0.00294554
-705.21452145	0.00301468
-705.18151815	0.00303401
-705.14851485	0.00312760
-705.11551155	0.00318068
-705.08250825	0.00315999
-705.04950495	0.00299508
-705.01650165	0.00278815
-704.98349835	0.00259680
-704.95049505	0.00257257
-704.91749175	0.00255958
-704.88448845	0.00291361
-704.85148515	0.00326251
-704.81848185	0.00365291
-704.78547855	0.00423841
-704.75247525	0.00442460
-704.71947195	0.00450400
-704.68646865	0.00423869
-704.65346535	0.00364763
-704.62046205	0.00266843
-704.58745875	0.00154730
-704.55445545	0.00023659
-704.52145215	-0.00104579
-704.48844884	-0.00201927
-704.45544554	-0.00257446
-704.42244224	-0.00253075
-704.38943894	-0.00163002
-704.35643564	-0.00024767
-704.32343234	0.00187971
-704.29042904	0.00436867
-704.25742574	0.00707488
-704.22442244	0.00963815
-704.19141914	0.01188141
-704.15841584	0.01379898
-704.12541254	0.01515103
-704.09240924	0.01585638
-704.05940594	0.01609915
-704.02640264	0.01572016
-703.99339934	0.01473226
-703.96039604	0.01327178
-703.92739274	0.01155143
-703.89438944	0.00944810
-703.86138614	0.00731949
-703.82838284	0.00547253
-703.79537954	0.00390795
-703.76237624	0.00280237
-703.72937294	0.00274506
-703.69636964	0.00368881
-703.66336634	0.00545005
-703.63036304	0.00823754
-703.59735974	0.01178604
-703.56435644	0.01568379
-703.53135314	0.01979991
-703.49834983	0.02351492
-703.46534653	0.02684513
-703.43234323	0.02956768
-703.39933993	0.03140660
-703.36633663	0.03256568
-703.33333333	0.03321989
-703.30033003	0.03301341
-703.26732673	0.03265990
-703.23432343	0.03200075
-703.20132013	0.03109845
-703.16831683	0.03024103
-703.13531353	0.02953227
-703.10231023	0.02891731
-703.06930693	0.02863017
-703.03630363	0.02880604
-703.00330033	0.02930128
-702.97029703	0.03037503
-702.93729373	0.03209103
-702.90429043	0.03399646
-702.87128713	0.03603841
-702.83828383	0.03764151
-702.80528053	0.03819937
-702.77227723	0.03763942
-702.73927393	0.03540655
-702.70627063	0.03129294
-702.67326733	0.02582294
-702.64026403	0.01883539
-702.60726073	0.01084888
-702.57425743	0.00242074
-702.54125413	-0.00637885
-702.50825083	-0.01519509
-702.47524752	-0.02433285
-702.44224422	-0.03347792
-702.40924092	-0.04302268
-702.37623762	-0.05337460
-702.34323432	-0.06445571
-702.31023102	-0.07668137
-702.27722772	-0.09003731
-702.24422442	-0.10443585
-702.21122112	-0.11968053
-702.17821782	-0.13525935
-702.14521452	-0.15060652
-702.11221122	-0.16477000
-702.07920792	-0.17695890
-702.04620462	-0.18611313
-702.01320132	-0.19133438
-701.98019802	-0.19145561
-701.94719472	-0.18595185
-701.91419142	-0.17433496
-701.88118812	-0.15610355
-701.84818482	-0.13178668
-701.81518152	-0.10207993
-701.78217822	-0.06807869
-701.74917492	-0.03161477
-701.71617162	0.00571036
-701.68316832	0.04177536
-701.65016502	0.07478305
-701.61716172	0.10325767
-701.58415842	0.12605577
-701.55115512	0.14254416
-701.51815182	0.15261418
-701.48514851	0.15675000
-701.45214521	0.15567932
-701.41914191	0.15014453
-701.38613861	0.14128972
-701.35313531	0.13004939
-701.32013201	0.11674911
-701.28712871	0.10183970
-701.25412541	0.08530611
-701.22112211	0.06714864
-701.18811881	0.04675359
-701.15511551	0.02386841
-701.12211221	-0.00123059
-701.08910891	-0.02823866
-701.05610561	-0.05647721
-701.02310231	-0.08476264
-700.99009901	-0.11147418
-700.95709571	-0.13518339
-700.92409241	-0.15397256
-700.89108911	-0.16633782
-700.85808581	-0.17123967
-700.82508251	-0.16744305
-700.79207921	-0.15481600
-700.75907591	-0.13384751
-700.72607261	-0.10544121
-700.69306931	-0.07118921
-700.66006601	-0.03310404
-700.62706271	0.00656451
-700.59405941	0.04557866
-700.56105611	0.08210526
-700.52805281	0.11478798
-700.49504950	0.14275464
-700.46204620	0.16549807
-700.42904290	0.18308670
-700.39603960	0.19622498
-700.36303630	0.20525068
-700.33003300	0.21089858
-700.29702970	0.21361522
-700.26402640	0.21346831
-700.23102310	0.21076187
-700.19801980	0.20528222
-700.16501650	0.19648846
-700.13201320	0.18453106
-700.09900990	0.16944293
-700.06600660	0.15117216
-700.03300330	0.13008830
-700.00000000	0.10714848
-699.96699670	0.08262411
-699.93399340	0.05740776
-699.90099010	0.03244945
-699.86798680	0.00800208
-699.83498350	-0.01524871
-699.80198020	-0.03684275
-699.76897690	-0.05648048
-699.73597360	-0.07345588
-699.70297030	-0.08751318
-699.66996700	-0.09813882
-699.63696370	-0.10498623
-699.60396040	-0.10798307
-699.57095710	-0.10739325
-699.53795380	-0.10345187
-699.50495050	-0.09691361
-699.47194719	-0.08848234
-699.43894389	-0.07882802
-699.40594059	-0.06905950
-699.37293729	-0.05956711
-699.33993399	-0.05093212
-699.30693069	-0.04355065
-699.27392739	-0.03744979
-699.24092409	-0.03283481
-699.20792079	-0.02923248
-699.17491749	-0.02680238
-699.14191419	-0.02522595
-699.10891089	-0.02409367
-699.07590759	-0.02359040
-699.04290429	-0.02318375
-699.00990099	-0.02284726
-698.97689769	-0.02248170
-698.94389439	-0.02175992
-698.91089109	-0.02074398
-698.87788779	-0.01931040
-698.84488449	-0.01746218
-698.81188119	-0.01505564
-698.77887789	-0.01260342
-698.74587459	-0.01031468
-698.71287129	-0.00812478
-698.67986799	-0.00641453
-698.64686469	-0.00549347
-698.61386139	-0.00509610
-698.58085809	-0.00551673
-698.54785479	-0.00656634
-698.51485149	-0.00782034
-698.48184818	-0.00953021
-698.44884488	-0.01124210
-698.41584158	-0.01273205
-698.38283828	-0.01359957
-698.34983498	-0.01390731
-698.31683168	-0.01327455
-698.28382838	-0.01175630
-698.25082508	-0.00946732
-698.21782178	-0.00634887
-698.18481848	-0.00289918
-698.15181518	0.00054857
-698.11881188	0.00366400
-698.08580858	0.00592905
-698.05280528	0.00720658
-698.01980198	0.00732863
-697.98679868	0.00618830
-697.95379538	0.00387283
-697.92079208	0.00070341
-697.88778878	-0.00275747
-697.85478548	-0.00656264
-697.82178218	-0.01008285
-697.78877888	-0.01285885
-697.75577558	-0.01487599
-697.72277228	-0.01588933
-697.68976898	-0.01564003
-697.65676568	-0.01440039
-697.62376238	-0.01220169
-697.59075908	-0.00932527
-697.55775578	-0.00597736
-697.52475248	-0.00287310
-697.49174917	-0.00009014
-697.45874587	0.00223654
-697.42574257	0.00383402
-697.39273927	0.00446940
-697.35973597	0.00464876
-697.32673267	0.00445377
-697.29372937	0.00389416
-697.26072607	0.00323133
-697.22772277	0.00275620
-697.19471947	0.00265057
-697.16171617	0.00288328
-697.12871287	0.00342808
-697.09570957	0.00433894
-697.06270627	0.00512173
-697.02970297	0.00567372
-696.99669967	0.00638607
-696.96369637	0.00640948
-696.93069307	0.00623264
-696.89768977	0.00550542
-696.86468647	0.00406255
-696.83168317	0.00233902
-696.79867987	0.00006720
-696.76567657	-0.00287033
-696.73267327	-0.00576215
-696.69966997	-0.00854866
-696.66666667	-0.01105922
-696.63366337	-0.01255137
-696.60066007	-0.01297841
-696.56765677	-0.01189831
-696.53465347	-0.00962591
-696.50165017	-0.00593356
-696.46864686	-0.00127562
-696.43564356	0.00380926
-696.40264026	0.00918681
-696.36963696	0.01412160
-696.33663366	0.01816289
-696.30363036	0.02097200
-696.27062706	0.02238980
-696.23762376	0.02191563
-696.20462046	0.01967470
-696.17161716	0.01592405
-696.13861386	0.01084050
-696.10561056	0.00510759
-696.07260726	-0.00061717
-696.03960396	-0.00579247
-696.00660066	-0.00990477
-695.97359736	-0.01257490
-695.94059406	-0.01367320
-695.90759076	-0.01325244
-695.87458746	-0.01172997
-695.84158416	-0.00916306
-695.80858086	-0.00609628
-695.77557756	-0.00306080
-695.74257426	-0.00017583
-695.70957096	0.00235922
-695.67656766	0.00412666
-695.64356436	0.00500132
-695.61056106	0.00535978
-695.57755776	0.00484541
-695.54455446	0.00396783
-695.51155116	0.00277829
-695.47854785	0.00134838
-695.44554455	0.00007909
-695.41254125	-0.00078220
-695.37953795	-0.00137472
-695.34653465	-0.00146575
-695.31353135	-0.00113767
-695.28052805	-0.00041489
-695.24752475	0.00059836
-695.21452145	0.00156537
-695.18151815	0.00229765
-695.14851485	0.00269152
-695.11551155	0.00261317
-695.08250825	0.00209431
-695.04950495	0.00116089
-695.01650165	0.00005473
-694.98349835	-0.00083784
-694.95049505	-0.00158236
-694.91749175	-0.00202106
-694.88448845	-0.00213613
-694.85148515	-0.00217776
-694.81848185	-0.00195203
-694.78547855	-0.00166115
-694.75247525	-0.00138446
-694.71947195	-0.00089298
-694.68646865	-0.00024070
-694.65346535	0.00063137
-694.62046205	0.00166878
-694.58745875	0.00269913
-694.55445545	0.00372504
-694.52145215	0.00440024
-694.48844884	0.00424850
-694.45544554	0.00362052
-694.42244224	0.00180350
-694.38943894	-0.00070506
-694.35643564	-0.00356965
-694.32343234	-0.00667011
-694.29042904	-0.00940359
-694.25742574	-0.01161281
-694.22442244	-0.01261718
-694.19141914	-0.01254828
-694.15841584	-0.01155540
-694.12541254	-0.00952702
-694.09240924	-0.00704780
-694.05940594	-0.00455239
-694.02640264	-0.00190774
-693.99339934	-0.00001773
-693.96039604	0.00155073
-693.92739274	0.00246761
-693.89438944	0.00294976
-693.86138614	0.00324985
-693.82838284	0.00303341
-693.79537954	0.00275528
-693.76237624	0.00238538
-693.72937294	0.00205163
-693.69636964	0.00172652
-693.66336634	0.00165116
-693.63036304	0.00191977
-693.59735974	0.00252843
-693.56435644	0.00350731
-693.53135314	0.00492219
-693.49834983	0.00650749
-693.46534653	0.00807851
-693.43234323	0.00926850
-693.39933993	0.01004166
-693.36633663	0.01010690
-693.33333333	0.00957256
-693.30033003	0.00842017
-693.26732673	0.00666371
-693.23432343	0.00455040
-693.20132013	0.00231750
-693.16831683	0.00021651
-693.13531353	-0.00162595
-693.10231023	-0.00298018
-693.06930693	-0.00384980
-693.03630363	-0.00399182
-693.00330033	-0.00366556
-692.97029703	-0.00256092
-692.93729373	-0.00128735
-692.90429043	0.00075281
-692.87128713	0.00289666
-692.83828383	0.00500719
-692.80528053	0.00729463
-692.77227723	0.00911121
-692.73927393	0.01030908
-692.70627063	0.01081203
-692.67326733	0.01060513
-692.64026403	0.00925872
-692.60726073	0.00725752
-692.57425743	0.00463573
-692.54125413	0.00151499
-692.50825083	-0.00149614
-692.47524752	-0.00424754
-692.44224422	-0.00634747
-692.40924092	-0.00749897
-692.37623762	-0.00753145
-692.34323432	-0.00654918
-692.31023102	-0.00456648
-692.27722772	-0.00203053
-692.24422442	0.00078211
-692.21122112	0.00344816
-692.17821782	0.00541339
-692.14521452	0.00637778
-692.11221122	0.00630270
-692.07920792	0.00506555
-692.04620462	0.00281037
-692.01320132	0.00006937
-691.98019802	-0.00316367
-691.94719472	-0.00629473
-691.91419142	-0.00896745
-691.88118812	-0.01111049
-691.84818482	-0.01256142
-691.81518152	-0.01330892
-691.78217822	-0.01338971
-691.74917492	-0.01325339
-691.71617162	-0.01261899
-691.68316832	-0.01151057
-691.65016502	-0.01046044
-691.61716172	-0.00900322
-691.58415842	-0.00733980
-691.55115512	-0.00581600
-691.51815182	-0.00445434
-691.48514851	-0.00320260
-691.45214521	-0.00250029
-691.41914191	-0.00235027
-691.38613861	-0.00229889
-691.35313531	-0.00261803
-691.32013201	-0.00269165
-691.28712871	-0.00251587
-691.25412541	-0.00179197
-691.22112211	-0.00058847
-691.18811881	0.00127421
-691.15511551	0.00334370
-691.12211221	0.00532136
-691.08910891	0.00699942
-691.05610561	0.00801472
-691.02310231	0.00833795
-690.99009901	0.00792383
-690.95709571	0.00664077
-690.92409241	0.00482089
-690.89108911	0.00278962
-690.85808581	0.00075158
-690.82508251	-0.00094726
-690.79207921	-0.00230912
-690.75907591	-0.00299381
-690.72607261	-0.00308164
-690.69306931	-0.00266582
-690.66006601	-0.00141130
-690.62706271	0.00009618
-690.59405941	0.00195518
-690.56105611	0.00387572
-690.52805281	0.00566537
-690.49504950	0.00674282
-690.46204620	0.00726149
-690.42904290	0.00680855
-690.39603960	0.00554089
-690.36303630	0.00358308
-690.33003300	0.00105915
-690.29702970	-0.00136206
-690.26402640	-0.00359779
-690.23102310	-0.00528013
-690.19801980	-0.00659303
-690.16501650	-0.00695653
-690.13201320	-0.00687060
-690.09900990	-0.00635669
-690.06600660	-0.00523733
-690.03300330	-0.00379342
-690.00000000	-0.00210636
-689.96699670	-0.00010113
-689.93399340	0.00208965
-689.90099010	0.00414582
-689.86798680	0.00635008
-689.83498350	0.00808006
-689.80198020	0.00956895
-689.76897690	0.01040433
-689.73597360	0.01066899
-689.70297030	0.01051741
-689.66996700	0.00962791
-689.63696370	0.00844243
-689.60396040	0.00705782
-689.57095710	0.00550579
-689.53795380	0.00428842
-689.50495050	0.00341525
-689.47194719	0.00289620
-689.43894389	0.00304793
-689.40594059	0.00352368
-689.37293729	0.00454059
-689.33993399	0.00556689
-689.30693069	0.00674677
-689.27392739	0.00757620
-689.24092409	0.00825150
-689.20792079	0.00835431
-689.17491749	0.00796177
-689.14191419	0.00719620
-689.10891089	0.00579324
-689.07590759	0.00450810
-689.04290429	0.00309009
-689.00990099	0.00200689
-688.97689769	0.00132801
-688.94389439	0.00137674
-688.91089109	0.00208231
-688.87788779	0.00334522
-688.84488449	0.00481348
-688.81188119	0.00650581
-688.77887789	0.00802272
-688.74587459	0.00929523
-688.71287129	0.00996096
-688.67986799	0.01016127
-688.64686469	0.00997500
-688.61386139	0.00913140
-688.58085809	0.00789414
-688.54785479	0.00647067
-688.51485149	0.00480377
-688.48184818	0.00294451
-688.44884488	0.00105590
-688.41584158	-0.00097027
-688.38283828	-0.00279219
-688.34983498	-0.00467458
-688.31683168	-0.00654976
-688.28382838	-0.00799216
-688.25082508	-0.00922729
-688.21782178	-0.01012320
-688.18481848	-0.01069033
-688.15181518	-0.01070058
-688.11881188	-0.01049778
-688.08580858	-0.00990798
-688.05280528	-0.00885299
-688.01980198	-0.00790025
-687.98679868	-0.00680925
-687.95379538	-0.00574677
-687.92079208	-0.00482617
-687.88778878	-0.00405911
-687.85478548	-0.00336145
-687.82178218	-0.00272438
-687.78877888	-0.00216508
-687.75577558	-0.00152049
-687.72277228	-0.00068470
-687.68976898	0.00034292
-687.65676568	0.00173088
-687.62376238	0.00351967
-687.59075908	0.00564344
-687.55775578	0.00829456
-687.52475248	0.01157596
-687.49174917	0.01506663
-687.45874587	0.01890865
-687.42574257	0.02325624
-687.39273927	0.02776037
-687.35973597	0.03234010
-687.32673267	0.03700696
-687.29372937	0.04149884
-687.26072607	0.04583831
-687.22772277	0.04979324
-687.19471947	0.05336905
-687.16171617	0.05641151
-687.12871287	0.05909324
-687.09570957	0.06118171
-687.06270627	0.06273786
-687.02970297	0.06354212
-686.99669967	0.06359650
-686.96369637	0.06241519
-686.93069307	0.05986055
-686.89768977	0.05591358
-686.86468647	0.05007849
-686.83168317	0.04301405
-686.79867987	0.03437732
-686.76567657	0.02475944
-686.73267327	0.01485366
-686.69966997	0.00476655
-686.66666667	-0.00510484
-686.63366337	-0.01403733
-686.60066007	-0.02227168
-686.56765677	-0.02967062
-686.53465347	-0.03602523
-686.50165017	-0.04220910
-686.46864686	-0.04780450
-686.43564356	-0.05342591
-686.40264026	-0.05900310
-686.36963696	-0.06475484
-686.33663366	-0.07044945
-686.30363036	-0.07613639
-686.27062706	-0.08196654
-686.23762376	-0.08731299
-686.20462046	-0.09270445
-686.17161716	-0.09782841
-686.13861386	-0.10250877
-686.10561056	-0.10708045
-686.07260726	-0.11116548
-686.03960396	-0.11431829
-686.00660066	-0.11668560
-685.97359736	-0.11744022
-685.94059406	-0.11615366
-685.90759076	-0.11259713
-685.87458746	-0.10670234
-685.84158416	-0.09789515
-685.80858086	-0.08660922
-685.77557756	-0.07319770
-685.74257426	-0.05793977
-685.70957096	-0.04158848
-685.67656766	-0.02513223
-685.64356436	-0.00877111
-685.61056106	0.00618414
-685.57755776	0.01977376
-685.54455446	0.03134745
-685.51155116	0.04068078
-685.47854785	0.04765328
-685.44554455	0.05224629
-685.41254125	0.05478023
-685.37953795	0.05556275
-685.34653465	0.05500408
-685.31353135	0.05335549
-685.28052805	0.05112625
-685.24752475	0.04873081
-685.21452145	0.04654170
-685.18151815	0.04438868
-685.14851485	0.04275704
-685.11551155	0.04133094
-685.08250825	0.04019206
-685.04950495	0.03933579
-685.01650165	0.03856267
-684.98349835	0.03800513
-684.95049505	0.03762918
-684.91749175	0.03733696
-684.88448845	0.03703218
-684.85148515	0.03647699
-684.81848185	0.03555050
-684.78547855	0.03399200
-684.75247525	0.03162522
-684.71947195	0.02833848
-684.68646865	0.02416752
-684.65346535	0.01932141
-684.62046205	0.01415836
-684.58745875	0.00885505
-684.55445545	0.00425462
-684.52145215	0.00002850
-684.48844884	-0.00292157
-684.45544554	-0.00500456
-684.42244224	-0.00594798
-684.38943894	-0.00583453
-684.35643564	-0.00518623
-684.32343234	-0.00405339
-684.29042904	-0.00276194
-684.25742574	-0.00152598
-684.22442244	-0.00062954
-684.19141914	-0.00008084
-684.15841584	0.00004082
-684.12541254	-0.00014592
-684.09240924	-0.00036150
-684.05940594	-0.00065618
-684.02640264	-0.00049151
-683.99339934	0.00007049
-683.96039604	0.00128088
-683.92739274	0.00274757
-683.89438944	0.00470309
-683.86138614	0.00689481
-683.82838284	0.00908735
-683.79537954	0.01118523
-683.76237624	0.01313181
-683.72937294	0.01465126
-683.69636964	0.01605241
-683.66336634	0.01698917
-683.63036304	0.01770009
-683.59735974	0.01816977
-683.56435644	0.01816217
-683.53135314	0.01804974
-683.49834983	0.01738321
-683.46534653	0.01638608
-683.43234323	0.01492679
-683.39933993	0.01299871
-683.36633663	0.01074174
-683.33333333	0.00822975
-683.30033003	0.00555893
-683.26732673	0.00289380
-683.23432343	0.00023152
-683.20132013	-0.00207968
-683.16831683	-0.00417327
-683.13531353	-0.00573091
-683.10231023	-0.00707069
-683.06930693	-0.00766452
-683.03630363	-0.00771510
-683.00330033	-0.00725294
-682.97029703	-0.00643357
-682.93729373	-0.00506434
-682.90429043	-0.00388838
-682.87128713	-0.00250684
-682.83828383	-0.00176010
-682.80528053	-0.00134368
-682.77227723	-0.00151646
-682.73927393	-0.00196897
-682.70627063	-0.00282512
-682.67326733	-0.00376974
-682.64026403	-0.00474856
-682.60726073	-0.00525904
-682.57425743	-0.00579375
-682.54125413	-0.00548884
-682.50825083	-0.00520842
-682.47524752	-0.00451573
-682.44224422	-0.00375460
-682.40924092	-0.00318119
-682.37623762	-0.00261202
-682.34323432	-0.00247837
-682.31023102	-0.00263719
-682.27722772	-0.00321279
-682.24422442	-0.00405894
-682.21122112	-0.00486337
-682.17821782	-0.00581330
-682.14521452	-0.00634843
-682.11221122	-0.00638904
-682.07920792	-0.00605179
-682.04620462	-0.00522989
-682.01320132	-0.00366980
-681.98019802	-0.00210059
-681.94719472	-0.00031251
-681.91419142	0.00137798
-681.88118812	0.00271599
-681.84818482	0.00367894
-681.81518152	0.00417820
-681.78217822	0.00422869
-681.74917492	0.00380832
-681.71617162	0.00314682
-681.68316832	0.00224417
-681.65016502	0.00131844
-681.61716172	0.00045265
-681.58415842	-0.00036603
-681.55115512	-0.00105402
-681.51815182	-0.00160001
-681.48514851	-0.00220378
-681.45214521	-0.00276086
-681.41914191	-0.00326955
-681.38613861	-0.00381755
-681.35313531	-0.00437300
-681.32013201	-0.00466800
-681.28712871	-0.00501173
-681.25412541	-0.00534126
-681.22112211	-0.00546926
-681.18811881	-0.00557786
-681.15511551	-0.00592878
-681.12211221	-0.00612714
-681.08910891	-0.00648788
-681.05610561	-0.00658454
-681.02310231	-0.00679449
-680.99009901	-0.00659277
-680.95709571	-0.00633911
-680.92409241	-0.00574495
-680.89108911	-0.00487253
-680.85808581	-0.00378874
-680.82508251	-0.00247960
-680.79207921	-0.00097021
-680.75907591	0.00060157
-680.72607261	0.00209817
-680.69306931	0.00348415
-680.66006601	0.00441897
-680.62706271	0.00490405
-680.59405941	0.00481944
-680.56105611	0.00401100
-680.52805281	0.00271959
-680.49504950	0.00095979
-680.46204620	-0.00100735
-680.42904290	-0.00311873
-680.39603960	-0.00497151
-680.36303630	-0.00666413
-680.33003300	-0.00764504
-680.29702970	-0.00823129
-680.26402640	-0.00804210
-680.23102310	-0.00729634
-680.19801980	-0.00593912
-680.16501650	-0.00414290
-680.13201320	-0.00209264
-680.09900990	-0.00032182
-680.06600660	0.00142559
-680.03300330	0.00268167
-680.00000000	0.00330845
-679.96699670	0.00338833
-679.93399340	0.00278941
-679.90099010	0.00171873
-679.86798680	0.00041073
-679.83498350	-0.00111677
-679.80198020	-0.00255307
-679.76897690	-0.00380915
-679.73597360	-0.00501099
-679.70297030	-0.00561886
-679.66996700	-0.00631092
-679.63696370	-0.00660978
-679.60396040	-0.00696887
-679.57095710	-0.00710901
-679.53795380	-0.00724991
-679.50495050	-0.00759801
-679.47194719	-0.00739401
-679.43894389	-0.00743633
-679.40594059	-0.00705859
-679.37293729	-0.00679720
-679.33993399	-0.00649617
-679.30693069	-0.00634650
-679.27392739	-0.00632642
-679.24092409	-0.00665185
-679.20792079	-0.00688659
-679.17491749	-0.00764657
-679.14191419	-0.00808487
-679.10891089	-0.00853850
-679.07590759	-0.00850429
-679.04290429	-0.00808419
-679.00990099	-0.00744679
-678.97689769	-0.00615200
-678.94389439	-0.00487233
-678.91089109	-0.00327767
-678.87788779	-0.00165612
-678.84488449	-0.00027442
-678.81188119	0.00099107
-678.77887789	0.00206886
-678.74587459	0.00288481
-678.71287129	0.00348211
-678.67986799	0.00378358
-678.64686469	0.00406999
-678.61386139	0.00428255
-678.58085809	0.00432012
-678.54785479	0.00444930
-678.51485149	0.00478785
-678.48184818	0.00535520
-678.44884488	0.00603549
-678.41584158	0.00714879
-678.38283828	0.00861375
-678.34983498	0.01041818
-678.31683168	0.01222473
-678.28382838	0.01439713
-678.25082508	0.01626774
-678.21782178	0.01803730
-678.18481848	0.01927975
-678.15181518	0.02030987
-678.11881188	0.02077378
-678.08580858	0.02110220
-678.05280528	0.02116389
-678.01980198	0.02146157
-677.98679868	0.02177941
-677.95379538	0.02250423
-677.92079208	0.02353495
-677.88778878	0.02465151
-677.85478548	0.02603267
-677.82178218	0.02704773
-677.78877888	0.02794368
-677.75577558	0.02839647
-677.72277228	0.02852536
-677.68976898	0.02801537
-677.65676568	0.02718434
-677.62376238	0.02590926
-677.59075908	0.02421766
-677.55775578	0.02232316
-677.52475248	0.02016307
-677.49174917	0.01799433
-677.45874587	0.01583229
-677.42574257	0.01408353
-677.39273927	0.01236947
-677.35973597	0.01130000
-677.32673267	0.01029225
-677.29372937	0.01002121
-677.26072607	0.00973752
-677.22772277	0.00995063
-677.19471947	0.00996106
-677.16171617	0.01020730
-677.12871287	0.00980031
-677.09570957	0.00960390
-677.06270627	0.00847255
-677.02970297	0.00738215
-676.99669967	0.00549008
-676.96369637	0.00351185
-676.93069307	0.00125472
-676.89768977	-0.00106323
-676.86468647	-0.00354313
-676.83168317	-0.00571548
-676.79867987	-0.00769597
-676.76567657	-0.00934696
-676.73267327	-0.01048370
-676.69966997	-0.01125355
-676.66666667	-0.01143249
-676.63366337	-0.01140867
-676.60066007	-0.01090786
-676.56765677	-0.01042940
-676.53465347	-0.00977498
-676.50165017	-0.00945885
-676.46864686	-0.00957815
-676.43564356	-0.01006732
-676.40264026	-0.01143091
-676.36963696	-0.01301070
-676.33663366	-0.01537485
-676.30363036	-0.01782278
-676.27062706	-0.02039342
-676.23762376	-0.02266994
-676.20462046	-0.02442837
-676.17161716	-0.02546772
-676.13861386	-0.02572343
-676.10561056	-0.02509171
-676.07260726	-0.02387267
-676.03960396	-0.02198954
-676.00660066	-0.02015658
-675.97359736	-0.01837837
-675.94059406	-0.01715067
-675.90759076	-0.01658191
-675.87458746	-0.01676410
-675.84158416	-0.01781820
-675.80858086	-0.01912703
-675.77557756	-0.02090874
-675.74257426	-0.02232293
-675.70957096	-0.02369388
-675.67656766	-0.02434485
-675.64356436	-0.02452701
-675.61056106	-0.02407710
-675.57755776	-0.02345463
-675.54455446	-0.02243416
-675.51155116	-0.02168607
-675.47854785	-0.02106150
-675.44554455	-0.02073090
-675.41254125	-0.02079906
-675.37953795	-0.02106190
-675.34653465	-0.02133666
-675.31353135	-0.02161297
-675.28052805	-0.02157758
-675.24752475	-0.02127155
-675.21452145	-0.02049586
-675.18151815	-0.01951385
-675.14851485	-0.01812358
-675.11551155	-0.01662495
-675.08250825	-0.01511107
-675.04950495	-0.01329370
-675.01650165	-0.01178494
-674.98349835	-0.01023287
-674.95049505	-0.00889265
-674.91749175	-0.00756349
-674.88448845	-0.00651322
-674.85148515	-0.00561528
-674.81848185	-0.00519721
-674.78547855	-0.00481463
-674.75247525	-0.00494874
-674.71947195	-0.00522429
-674.68646865	-0.00567736
-674.65346535	-0.00656949
-674.62046205	-0.00729690
-674.58745875	-0.00839529
-674.55445545	-0.00917691
-674.52145215	-0.00987377
-674.48844884	-0.01010508
-674.45544554	-0.00979865
-674.42244224	-0.00888663
-674.38943894	-0.00736753
-674.35643564	-0.00526725
-674.32343234	-0.00286268
-674.29042904	-0.00053617
-674.25742574	0.00170991
-674.22442244	0.00339391
-674.19141914	0.00466700
-674.15841584	0.00537013
-674.12541254	0.00523073
-674.09240924	0.00491954
-674.05940594	0.00410550
-674.02640264	0.00314911
-673.99339934	0.00222827
-673.96039604	0.00145467
-673.92739274	0.00085038
-673.89438944	0.00044194
-673.86138614	0.00036505
-673.82838284	0.00063400
-673.79537954	0.00098638
-673.76237624	0.00158426
-673.72937294	0.00261188
-673.69636964	0.00344984
-673.66336634	0.00454914
-673.63036304	0.00556522
-673.59735974	0.00652095
-673.56435644	0.00733682
-673.53135314	0.00803626
-673.49834983	0.00853716
-673.46534653	0.00919020
-673.43234323	0.00960465
-673.39933993	0.01027378
-673.36633663	0.01091466
-673.33333333	0.01161227
-673.30033003	0.01255158
-673.26732673	0.01335753
-673.23432343	0.01443126
-673.20132013	0.01528832
-673.16831683	0.01652951
-673.13531353	0.01748642
-673.10231023	0.01872703
-673.06930693	0.01962255
-673.03630363	0.02060104
-673.00330033	0.02105954
-672.97029703	0.02146786
-672.93729373	0.02129049
-672.90429043	0.02060779
-672.87128713	0.01961294
-672.83828383	0.01826395
-672.80528053	0.01655544
-672.77227723	0.01503621
-672.73927393	0.01340795
-672.70627063	0.01225763
-672.67326733	0.01159137
-672.64026403	0.01134162
-672.60726073	0.01154630
-672.57425743	0.01223188
-672.54125413	0.01315486
-672.50825083	0.01412514
-672.47524752	0.01505225
-672.44224422	0.01583878
-672.40924092	0.01612512
-672.37623762	0.01586194
-672.34323432	0.01502820
-672.31023102	0.01358700
-672.27722772	0.01140043
-672.24422442	0.00875557
-672.21122112	0.00559201
-672.17821782	0.00216321
-672.14521452	-0.00141879
-672.11221122	-0.00503240
-672.07920792	-0.00835291
-672.04620462	-0.01126687
-672.01320132	-0.01365329
-671.98019802	-0.01533096
-671.94719472	-0.01626290
-671.91419142	-0.01640283
-671.88118812	-0.01594120
-671.84818482	-0.01471817
-671.81518152	-0.01311029
-671.78217822	-0.01100977
-671.74917492	-0.00866719
-671.71617162	-0.00590507
-671.68316832	-0.00315519
-671.65016502	-0.00007250
-671.61716172	0.00304182
-671.58415842	0.00634473
-671.55115512	0.00966348
-671.51815182	0.01295311
-671.48514851	0.01614436
-671.45214521	0.01892828
-671.41914191	0.02122174
-671.38613861	0.02305021
-671.35313531	0.02396209
-671.32013201	0.02400574
-671.28712871	0.02299135
-671.25412541	0.02116847
-671.22112211	0.01834759
-671.18811881	0.01493642
-671.15511551	0.01098857
-671.12211221	0.00679222
-671.08910891	0.00252067
-671.05610561	-0.00159463
-671.02310231	-0.00570399
-670.99009901	-0.00913924
-670.95709571	-0.01220282
-670.92409241	-0.01473443
-670.89108911	-0.01656047
-670.85808581	-0.01764708
-670.82508251	-0.01796493
-670.79207921	-0.01749697
-670.75907591	-0.01646521
-670.72607261	-0.01483957
-670.69306931	-0.01266419
-670.66006601	-0.01056254
-670.62706271	-0.00846656
-670.59405941	-0.00655161
-670.56105611	-0.00494095
-670.52805281	-0.00374184
-670.49504950	-0.00269400
-670.46204620	-0.00181971
-670.42904290	-0.00067363
-670.39603960	0.00078487
-670.36303630	0.00265727
-670.33003300	0.00515077
-670.29702970	0.00805643
-670.26402640	0.01146184
-670.23102310	0.01507252
-670.19801980	0.01850803
-670.16501650	0.02188645
-670.13201320	0.02487080
-670.09900990	0.02735460
-670.06600660	0.02929671
-670.03300330	0.03069422
-670.00000000	0.03144817
-669.96699670	0.03162046
-669.93399340	0.03146497
-669.90099010	0.03051605
-669.86798680	0.02913389
-669.83498350	0.02734913
-669.80198020	0.02508869
-669.76897690	0.02261474
-669.73597360	0.01994087
-669.70297030	0.01714810
-669.66996700	0.01435778
-669.63696370	0.01189307
-669.60396040	0.00920344
-669.57095710	0.00672013
-669.53795380	0.00415757
-669.50495050	0.00184048
-669.47194719	-0.00066230
-669.43894389	-0.00292901
-669.40594059	-0.00536929
-669.37293729	-0.00732242
-669.33993399	-0.00915178
-669.30693069	-0.01085574
-669.27392739	-0.01194375
-669.24092409	-0.01295797
-669.20792079	-0.01338436
-669.17491749	-0.01359929
-669.14191419	-0.01335288
-669.10891089	-0.01259739
-669.07590759	-0.01148541
-669.04290429	-0.00999040
-669.00990099	-0.00818855
-668.97689769	-0.00616041
-668.94389439	-0.00395792
-668.91089109	-0.00200172
-668.87788779	-0.00023441
-668.84488449	0.00098708
-668.81188119	0.00187079
-668.77887789	0.00199019
-668.74587459	0.00194871
-668.71287129	0.00147749
-668.67986799	0.00066721
-668.64686469	0.00002139
-668.61386139	-0.00053572
-668.58085809	-0.00086161
-668.54785479	-0.00100211
-668.51485149	-0.00089936
-668.48184818	-0.00042474
-668.44884488	-0.00005427
-668.41584158	0.00041066
-668.38283828	0.00092689
-668.34983498	0.00148422
-668.31683168	0.00175193
-668.28382838	0.00208354
-668.25082508	0.00258651
-668.21782178	0.00303102
-668.18481848	0.00333032
-668.15181518	0.00402206
-668.11881188	0.00474580
-668.08580858	0.00529986
-668.05280528	0.00595231
-668.01980198	0.00647690
-667.98679868	0.00676470
-667.95379538	0.00672531
-667.92079208	0.00643228
-667.88778878	0.00559611
-667.85478548	0.00468768
-667.82178218	0.00328950
-667.78877888	0.00186797
-667.75577558	0.00019454
-667.72277228	-0.00144511
-667.68976898	-0.00284009
-667.65676568	-0.00435835
-667.62376238	-0.00574470
-667.59075908	-0.00675848
-667.55775578	-0.00773784
-667.52475248	-0.00861695
-667.49174917	-0.00927846
-667.45874587	-0.00968878
-667.42574257	-0.00976710
-667.39273927	-0.00972119
-667.35973597	-0.00905001
-667.32673267	-0.00813711
-667.29372937	-0.00703944
-667.26072607	-0.00548317
-667.22772277	-0.00410873
-667.19471947	-0.00264795
-667.16171617	-0.00143505
-667.12871287	-0.00055606
-667.09570957	-0.00003858
-667.06270627	-0.00020928
-667.02970297	-0.00066112
-666.99669967	-0.00154951
-666.96369637	-0.00270675
-666.93069307	-0.00384388
-666.89768977	-0.00494506
-666.86468647	-0.00550754
-666.83168317	-0.00583523
-666.79867987	-0.00540200
-666.76567657	-0.00455712
-666.73267327	-0.00325410
-666.69966997	-0.00155086
-666.66666667	0.00018474
-666.63366337	0.00201090
-666.60066007	0.00364161
-666.56765677	0.00479522
-666.53465347	0.00563273
-666.50165017	0.00596568
-666.46864686	0.00581425
-666.43564356	0.00535877
-666.40264026	0.00463328
-666.36963696	0.00393058
-666.33663366	0.00294222
-666.30363036	0.00225708
-666.27062706	0.00158041
-666.23762376	0.00098092
-666.20462046	0.00036087
-666.17161716	-0.00038694
-666.13861386	-0.00129332
-666.10561056	-0.00230987
-666.07260726	-0.00378616
-666.03960396	-0.00528241
-666.00660066	-0.00685997
-665.97359736	-0.00847952
-665.94059406	-0.01026745
-665.90759076	-0.01171381
-665.87458746	-0.01302850
-665.84158416	-0.01437971
-665.80858086	-0.01559611
-665.77557756	-0.01645719
-665.74257426	-0.01733610
-665.70957096	-0.01804572
-665.67656766	-0.01857474
-665.64356436	-0.01890730
-665.61056106	-0.01897777
-665.57755776	-0.01886854
-665.54455446	-0.01853498
-665.51155116	-0.01789262
-665.47854785	-0.01678710
-665.44554455	-0.01549469
-665.41254125	-0.01392060
-665.37953795	-0.01226676
-665.34653465	-0.01048970
-665.31353135	-0.00859870
-665.28052805	-0.00706664
-665.24752475	-0.00556892
-665.21452145	-0.00413185
-665.18151815	-0.00323399
-665.14851485	-0.00225200
-665.11551155	-0.00144279
-665.08250825	-0.00067148
-665.04950495	0.00028506
-665.01650165	0.00100254
-664.98349835	0.00171720
-664.95049505	0.00224630
-664.91749175	0.00246304
-664.88448845	0.00228279
-664.85148515	0.00190254
-664.81848185	0.00112372
-664.78547855	0.00004592
-664.75247525	-0.00140923
-664.71947195	-0.00286093
-664.68646865	-0.00453020
-664.65346535	-0.00605055
-664.62046205	-0.00728580
-664.58745875	-0.00850248
-664.55445545	-0.00932838
-664.52145215	-0.00983503
-664.48844884	-0.01023655
-664.45544554	-0.01032425
-664.42244224	-0.01023754
-664.38943894	-0.01004981
-664.35643564	-0.00961704
-664.32343234	-0.00927541
-664.29042904	-0.00883691
-664.25742574	-0.00863105
-664.22442244	-0.00847330
-664.19141914	-0.00867874
-664.15841584	-0.00887832
-664.12541254	-0.00933200
-664.09240924	-0.00969665
-664.05940594	-0.01005878
-664.02640264	-0.01038432
-663.99339934	-0.01034318
-663.96039604	-0.01016670
-663.92739274	-0.00969936
-663.89438944	-0.00910647
-663.86138614	-0.00830256
-663.82838284	-0.00742111
-663.79537954	-0.00655068
-663.76237624	-0.00553532
-663.72937294	-0.00458957
-663.69636964	-0.00373067
-663.66336634	-0.00297926
-663.63036304	-0.00227975
-663.59735974	-0.00157487
-663.56435644	-0.00080305
-663.53135314	-0.00012889
-663.49834983	0.00073957
-663.46534653	0.00164251
-663.43234323	0.00276330
-663.39933993	0.00390113
-663.36633663	0.00532592
-663.33333333	0.00680877
-663.30033003	0.00859021
-663.26732673	0.01042787
-663.23432343	0.01254407
-663.20132013	0.01465670
-663.16831683	0.01665895
-663.13531353	0.01857200
-663.10231023	0.02020093
-663.06930693	0.02121871
-663.03630363	0.02175633
-663.00330033	0.02159355
-662.97029703	0.02077480
-662.93729373	0.01933326
-662.90429043	0.01733766
-662.87128713	0.01490203
-662.83828383	0.01238558
-662.80528053	0.00962064
-662.77227723	0.00700228
-662.73927393	0.00459820
-662.70627063	0.00245795
-662.67326733	0.00079168
-662.64026403	-0.00068526
-662.60726073	-0.00199943
-662.57425743	-0.00312771
-662.54125413	-0.00405883
-662.50825083	-0.00501326
-662.47524752	-0.00588852
-662.44224422	-0.00655300
-662.40924092	-0.00716240
-662.37623762	-0.00733353
-662.34323432	-0.00721112
-662.31023102	-0.00674002
-662.27722772	-0.00578476
-662.24422442	-0.00435608
-662.21122112	-0.00254127
-662.17821782	-0.00036576
-662.14521452	0.00202710
-662.11221122	0.00439577
-662.07920792	0.00660283
-662.04620462	0.00857909
-662.01320132	0.01024852
-661.98019802	0.01130831
-661.94719472	0.01189951
-661.91419142	0.01184577
-661.88118812	0.01114621
-661.84818482	0.00999739
-661.81518152	0.00865284
-661.78217822	0.00688199
-661.74917492	0.00511477
-661.71617162	0.00327311
-661.68316832	0.00138738
-661.65016502	-0.00030727
-661.61716172	-0.00188692
-661.58415842	-0.00322032
-661.55115512	-0.00443836
-661.51815182	-0.00541847
-661.48514851	-0.00631064
-661.45214521	-0.00690228
-661.41914191	-0.00743575
-661.38613861	-0.00781082
-661.35313531	-0.00809057
-661.32013201	-0.00831043
-661.28712871	-0.00844635
-661.25412541	-0.00860629
-661.22112211	-0.00867667
-661.18811881	-0.00884787
-661.15511551	-0.00888080
-661.12211221	-0.00890598
-661.08910891	-0.00877374
-661.05610561	-0.00847500
-661.02310231	-0.00784889
-660.99009901	-0.00694174
-660.95709571	-0.00569055
-660.92409241	-0.00409583
-660.89108911	-0.00237323
-660.85808581	-0.00063713
-660.82508251	0.00113449
-660.79207921	0.00273413
-660.75907591	0.00432279
-660.72607261	0.00574955
-660.69306931	0.00693467
-660.66006601	0.00803468
-660.62706271	0.00894841
-660.59405941	0.00959821
-660.56105611	0.01013666
-660.52805281	0.01054177
-660.49504950	0.01068188
-660.46204620	0.01074632
-660.42904290	0.01064778
-660.39603960	0.01046556
-660.36303630	0.01013463
-660.33003300	0.00995220
-660.29702970	0.00974535
-660.26402640	0.00960200
-660.23102310	0.00948351
-660.19801980	0.00938405
-660.16501650	0.00942345
-660.13201320	0.00914472
-660.09900990	0.00872426
-660.06600660	0.00827242
-660.03300330	0.00760028
-660.00000000	0.00673690
