# Menlo Systems GmbH ScanControl
# Program Version 1.14.3
# Start: -740.00000000 ps, Average over 1000 waveforms. Timestamp: 2026-02-06T13:07:04
# User time axis shift: 0 ps
# Time axis offset: 0 ps
# Time [ps]	THz Signal [a.u.]
-740.00000000	-0.00006515
-739.96699670	-0.00010085
-739.93399340	0.00004113
-739.90099010	-0.00015937
-739.86798680	-0.00022521
-739.83498350	-0.00016184
-739.80198020	-0.00015132
-739.76897690	-0.00014221
-739.73597360	-0.00010385
-739.70297030	-0.00014621
-739.66996700	-0.00014870
-739.63696370	-0.00006568
-739.60396040	-0.00013536
-739.57095710	-0.00015494
-739.53795380	-0.00007051
-739.50495050	-0.00011120
-739.47194719	-0.00001193
-739.43894389	-0.00002788
-739.40594059	-0.00005612
-739.37293729	0.00004417
-739.33993399	0.00013718
-739.30693069	0.00007885
-739.27392739	0.00016079
-739.24092409	0.00010395
-739.20792079	0.00014170
-739.17491749	0.00021854
-739.14191419	0.00020879
-739.10891089	0.00021187
-739.07590759	0.00031388
-739.04290429	0.00037750
-739.00990099	0.00031168
-738.97689769	0.00039233
-738.94389439	0.00037558
-738.91089109	0.00044952
-738.87788779	0.00048433
-738.84488449	0.00057041
-738.81188119	0.00054997
-738.77887789	0.00056232
-738.74587459	0.00059679
-738.71287129	0.00074586
-738.67986799	0.00069537
-738.64686469	0.00075884
-738.61386139	0.00074586
-738.58085809	0.00079070
-738.54785479	0.00076913
-738.51485149	0.00079381
-738.48184818	0.00083605
-738.44884488	0.00086236
-738.41584158	0.00079500
-738.38283828	0.00090073
-738.34983498	0.00095541
-738.31683168	0.00092685
-738.28382838	0.00094964
-738.25082508	0.00093544
-738.21782178	0.00092113
-738.18481848	0.00093624
-738.15181518	0.00083377
-738.11881188	0.00089590
-738.08580858	0.00090606
-738.05280528	0.00088370
-738.01980198	0.00085776
-737.98679868	0.00080182
-737.95379538	0.00081858
-737.92079208	0.00076936
-737.88778878	0.00067643
-737.85478548	0.00062955
-737.82178218	0.00057340
-737.78877888	0.00060282
-737.75577558	0.00056327
-737.72277228	0.00052477
-737.68976898	0.00049643
-737.65676568	0.00055406
-737.62376238	0.00053456
-737.59075908	0.00047214
-737.55775578	0.00044936
-737.52475248	0.00042777
-737.49174917	0.00044621
-737.45874587	0.00044837
-737.42574257	0.00028829
-737.39273927	0.00031208
-737.35973597	0.00035397
-737.32673267	0.00034423
-737.29372937	0.00034744
-737.26072607	0.00035251
-737.22772277	0.00040312
-737.19471947	0.00037334
-737.16171617	0.00028801
-737.12871287	0.00038202
-737.09570957	0.00029568
-737.06270627	0.00031266
-737.02970297	0.00038466
-736.99669967	0.00036785
-736.96369637	0.00047926
-736.93069307	0.00042187
-736.89768977	0.00040994
-736.86468647	0.00042810
-736.83168317	0.00047288
-736.79867987	0.00044544
-736.76567657	0.00050931
-736.73267327	0.00044933
-736.69966997	0.00046755
-736.66666667	0.00051414
-736.63366337	0.00046142
-736.60066007	0.00049206
-736.56765677	0.00050066
-736.53465347	0.00060459
-736.50165017	0.00062298
-736.46864686	0.00071390
-736.43564356	0.00072896
-736.40264026	0.00072455
-736.36963696	0.00070152
-736.33663366	0.00071701
-736.30363036	0.00077421
-736.27062706	0.00079906
-736.23762376	0.00067681
-736.20462046	0.00065194
-736.17161716	0.00072825
-736.13861386	0.00070808
-736.10561056	0.00067024
-736.07260726	0.00057065
-736.03960396	0.00067628
-736.00660066	0.00069474
-735.97359736	0.00070538
-735.94059406	0.00069221
-735.90759076	0.00067885
-735.87458746	0.00066781
-735.84158416	0.00063027
-735.80858086	0.00066539
-735.77557756	0.00057700
-735.74257426	0.00070582
-735.70957096	0.00068488
-735.67656766	0.00063993
-735.64356436	0.00064088
-735.61056106	0.00059155
-735.57755776	0.00069481
-735.54455446	0.00056741
-735.51155116	0.00055500
-735.47854785	0.00059999
-735.44554455	0.00050765
-735.41254125	0.00053453
-735.37953795	0.00061581
-735.34653465	0.00066305
-735.31353135	0.00057344
-735.28052805	0.00054147
-735.24752475	0.00048728
-735.21452145	0.00062165
-735.18151815	0.00060466
-735.14851485	0.00051354
-735.11551155	0.00056469
-735.08250825	0.00068044
-735.04950495	0.00050816
-735.01650165	0.00057067
-734.98349835	0.00061768
-734.95049505	0.00061714
-734.91749175	0.00063892
-734.88448845	0.00056007
-734.85148515	0.00063311
-734.81848185	0.00054070
-734.78547855	0.00064440
-734.75247525	0.00055640
-734.71947195	0.00058998
-734.68646865	0.00057969
-734.65346535	0.00066832
-734.62046205	0.00065235
-734.58745875	0.00060043
-734.55445545	0.00063065
-734.52145215	0.00071293
-734.48844884	0.00067937
-734.45544554	0.00067880
-734.42244224	0.00083527
-734.38943894	0.00077004
-734.35643564	0.00069455
-734.32343234	0.00093270
-734.29042904	0.00081809
-734.25742574	0.00085368
-734.22442244	0.00086829
-734.19141914	0.00100721
-734.15841584	0.00103794
-734.12541254	0.00096474
-734.09240924	0.00112132
-734.05940594	0.00113771
-734.02640264	0.00116942
-733.99339934	0.00126943
-733.96039604	0.00112556
-733.92739274	0.00124191
-733.89438944	0.00139781
-733.86138614	0.00134291
-733.82838284	0.00128101
-733.79537954	0.00135838
-733.76237624	0.00131618
-733.72937294	0.00135640
-733.69636964	0.00134411
-733.66336634	0.00121936
-733.63036304	0.00123795
-733.59735974	0.00118158
-733.56435644	0.00098758
-733.53135314	0.00105284
-733.49834983	0.00087943
-733.46534653	0.00066006
-733.43234323	0.00061535
-733.39933993	0.00047311
-733.36633663	0.00017819
-733.33333333	0.00000046
-733.30033003	-0.00026274
-733.26732673	-0.00042339
-733.23432343	-0.00071335
-733.20132013	-0.00079265
-733.16831683	-0.00099401
-733.13531353	-0.00116715
-733.10231023	-0.00127263
-733.06930693	-0.00143617
-733.03630363	-0.00153188
-733.00330033	-0.00154568
-732.97029703	-0.00168634
-732.93729373	-0.00171187
-732.90429043	-0.00184307
-732.87128713	-0.00177083
-732.83828383	-0.00178503
-732.80528053	-0.00171629
-732.77227723	-0.00165401
-732.73927393	-0.00143119
-732.70627063	-0.00134751
-732.67326733	-0.00105772
-732.64026403	-0.00069806
-732.60726073	-0.00029099
-732.57425743	-0.00002580
-732.54125413	0.00059458
-732.50825083	0.00101189
-732.47524752	0.00158457
-732.44224422	0.00191249
-732.40924092	0.00228782
-732.37623762	0.00260124
-732.34323432	0.00287694
-732.31023102	0.00282545
-732.27722772	0.00290327
-732.24422442	0.00289306
-732.21122112	0.00266111
-732.17821782	0.00258030
-732.14521452	0.00237915
-732.11221122	0.00216407
-732.07920792	0.00195512
-732.04620462	0.00171171
-732.01320132	0.00157993
-731.98019802	0.00129585
-731.94719472	0.00129471
-731.91419142	0.00118613
-731.88118812	0.00109803
-731.84818482	0.00094186
-731.81518152	0.00098547
-731.78217822	0.00090025
-731.74917492	0.00078789
-731.71617162	0.00086770
-731.68316832	0.00075280
-731.65016502	0.00069729
-731.61716172	0.00077958
-731.58415842	0.00065904
-731.55115512	0.00062015
-731.51815182	0.00068105
-731.48514851	0.00060257
-731.45214521	0.00051466
-731.41914191	0.00053518
-731.38613861	0.00051589
-731.35313531	0.00043512
-731.32013201	0.00041812
-731.28712871	0.00037393
-731.25412541	0.00046249
-731.22112211	0.00039879
-731.18811881	0.00045245
-731.15511551	0.00055650
-731.12211221	0.00041383
-731.08910891	0.00048802
-731.05610561	0.00053401
-731.02310231	0.00055407
-730.99009901	0.00056149
-730.95709571	0.00058139
-730.92409241	0.00054351
-730.89108911	0.00060561
-730.85808581	0.00066455
-730.82508251	0.00056476
-730.79207921	0.00065738
-730.75907591	0.00059095
-730.72607261	0.00057387
-730.69306931	0.00063893
-730.66006601	0.00060820
-730.62706271	0.00061971
-730.59405941	0.00055143
-730.56105611	0.00067315
-730.52805281	0.00068436
-730.49504950	0.00067549
-730.46204620	0.00065867
-730.42904290	0.00068775
-730.39603960	0.00079042
-730.36303630	0.00072505
-730.33003300	0.00066832
-730.29702970	0.00076045
-730.26402640	0.00061666
-730.23102310	0.00084358
-730.19801980	0.00073487
-730.16501650	0.00069001
-730.13201320	0.00062946
-730.09900990	0.00076460
-730.06600660	0.00060160
-730.03300330	0.00067423
-730.00000000	0.00066636
-729.96699670	0.00059888
-729.93399340	0.00059730
-729.90099010	0.00066855
-729.86798680	0.00057964
-729.83498350	0.00065662
-729.80198020	0.00068124
-729.76897690	0.00068742
-729.73597360	0.00065887
-729.70297030	0.00068998
-729.66996700	0.00072866
-729.63696370	0.00085721
-729.60396040	0.00071228
-729.57095710	0.00090494
-729.53795380	0.00084732
-729.50495050	0.00098482
-729.47194719	0.00101176
-729.43894389	0.00102638
-729.40594059	0.00109309
-729.37293729	0.00121276
-729.33993399	0.00118122
-729.30693069	0.00138424
-729.27392739	0.00136990
-729.24092409	0.00146622
-729.20792079	0.00152545
-729.17491749	0.00157555
-729.14191419	0.00166481
-729.10891089	0.00178996
-729.07590759	0.00183163
-729.04290429	0.00181343
-729.00990099	0.00192236
-728.97689769	0.00185306
-728.94389439	0.00179708
-728.91089109	0.00160376
-728.87788779	0.00134857
-728.84488449	0.00098653
-728.81188119	0.00056893
-728.77887789	-0.00010731
-728.74587459	-0.00077882
-728.71287129	-0.00156814
-728.67986799	-0.00254451
-728.64686469	-0.00344219
-728.61386139	-0.00426007
-728.58085809	-0.00513302
-728.54785479	-0.00561060
-728.51485149	-0.00592009
-728.48184818	-0.00597554
-728.44884488	-0.00571306
-728.41584158	-0.00519451
-728.38283828	-0.00435816
-728.34983498	-0.00336082
-728.31683168	-0.00228131
-728.28382838	-0.00112427
-728.25082508	-0.00017571
-728.21782178	0.00083465
-728.18481848	0.00151547
-728.15181518	0.00211979
-728.11881188	0.00254640
-728.08580858	0.00274843
-728.05280528	0.00287695
-728.01980198	0.00290244
-727.98679868	0.00286541
-727.95379538	0.00280712
-727.92079208	0.00260246
-727.88778878	0.00251582
-727.85478548	0.00229675
-727.82178218	0.00218603
-727.78877888	0.00195723
-727.75577558	0.00193482
-727.72277228	0.00164837
-727.68976898	0.00164532
-727.65676568	0.00146909
-727.62376238	0.00130398
-727.59075908	0.00129648
-727.55775578	0.00116106
-727.52475248	0.00103980
-727.49174917	0.00107355
-727.45874587	0.00098777
-727.42574257	0.00089436
-727.39273927	0.00090331
-727.35973597	0.00071512
-727.32673267	0.00063841
-727.29372937	0.00067255
-727.26072607	0.00037672
-727.22772277	0.00042788
-727.19471947	0.00031015
-727.16171617	0.00020415
-727.12871287	0.00021953
-727.09570957	0.00008878
-727.06270627	0.00005706
-727.02970297	0.00015342
-726.99669967	0.00012064
-726.96369637	0.00009747
-726.93069307	0.00021761
-726.89768977	0.00022883
-726.86468647	0.00021852
-726.83168317	0.00028575
-726.79867987	0.00027066
-726.76567657	0.00031470
-726.73267327	0.00030687
-726.69966997	0.00023863
-726.66666667	0.00022356
-726.63366337	0.00013523
-726.60066007	0.00015471
-726.56765677	0.00001484
-726.53465347	0.00005468
-726.50165017	0.00001149
-726.46864686	0.00007562
-726.43564356	0.00003152
-726.40264026	0.00016684
-726.36963696	0.00015080
-726.33663366	0.00022738
-726.30363036	0.00026512
-726.27062706	0.00029582
-726.23762376	0.00036847
-726.20462046	0.00032330
-726.17161716	0.00030570
-726.13861386	0.00019105
-726.10561056	0.00005470
-726.07260726	-0.00018384
-726.03960396	-0.00030342
-726.00660066	-0.00071362
-725.97359736	-0.00092340
-725.94059406	-0.00117530
-725.90759076	-0.00162642
-725.87458746	-0.00172473
-725.84158416	-0.00205928
-725.80858086	-0.00224863
-725.77557756	-0.00241563
-725.74257426	-0.00255301
-725.70957096	-0.00268934
-725.67656766	-0.00290683
-725.64356436	-0.00299825
-725.61056106	-0.00345562
-725.57755776	-0.00383404
-725.54455446	-0.00429207
-725.51155116	-0.00509144
-725.47854785	-0.00579782
-725.44554455	-0.00666569
-725.41254125	-0.00758544
-725.37953795	-0.00823141
-725.34653465	-0.00886328
-725.31353135	-0.00910675
-725.28052805	-0.00896576
-725.24752475	-0.00836750
-725.21452145	-0.00738644
-725.18151815	-0.00582902
-725.14851485	-0.00417042
-725.11551155	-0.00197455
-725.08250825	-0.00011503
-725.04950495	0.00180012
-725.01650165	0.00332212
-724.98349835	0.00447019
-724.95049505	0.00512188
-724.91749175	0.00541038
-724.88448845	0.00530722
-724.85148515	0.00505013
-724.81848185	0.00469210
-724.78547855	0.00451095
-724.75247525	0.00430243
-724.71947195	0.00442523
-724.68646865	0.00456705
-724.65346535	0.00499679
-724.62046205	0.00534202
-724.58745875	0.00569470
-724.55445545	0.00602020
-724.52145215	0.00605992
-724.48844884	0.00601931
-724.45544554	0.00565839
-724.42244224	0.00511682
-724.38943894	0.00444040
-724.35643564	0.00343742
-724.32343234	0.00247826
-724.29042904	0.00141001
-724.25742574	0.00021164
-724.22442244	-0.00070300
-724.19141914	-0.00179931
-724.15841584	-0.00259310
-724.12541254	-0.00354141
-724.09240924	-0.00426772
-724.05940594	-0.00518923
-724.02640264	-0.00595549
-723.99339934	-0.00702428
-723.96039604	-0.00807599
-723.92739274	-0.00950089
-723.89438944	-0.01118715
-723.86138614	-0.01304334
-723.82838284	-0.01531487
-723.79537954	-0.01747621
-723.76237624	-0.01984268
-723.72937294	-0.02191741
-723.69636964	-0.02352914
-723.66336634	-0.02444949
-723.63036304	-0.02458642
-723.59735974	-0.02360487
-723.56435644	-0.02160661
-723.53135314	-0.01851368
-723.49834983	-0.01454890
-723.46534653	-0.01009833
-723.43234323	-0.00540959
-723.39933993	-0.00103929
-723.36633663	0.00292797
-723.33333333	0.00584564
-723.30033003	0.00779692
-723.26732673	0.00867452
-723.23432343	0.00862763
-723.20132013	0.00791449
-723.16831683	0.00696032
-723.13531353	0.00560787
-723.10231023	0.00443122
-723.06930693	0.00336705
-723.03630363	0.00258227
-723.00330033	0.00190609
-722.97029703	0.00176062
-722.93729373	0.00153909
-722.90429043	0.00169900
-722.87128713	0.00189293
-722.83828383	0.00243149
-722.80528053	0.00301158
-722.77227723	0.00381485
-722.73927393	0.00467536
-722.70627063	0.00565820
-722.67326733	0.00673499
-722.64026403	0.00790490
-722.60726073	0.00926830
-722.57425743	0.01090162
-722.54125413	0.01261790
-722.50825083	0.01471311
-722.47524752	0.01682304
-722.44224422	0.01929597
-722.40924092	0.02191152
-722.37623762	0.02504399
-722.34323432	0.02847179
-722.31023102	0.03233161
-722.27722772	0.03693580
-722.24422442	0.04183670
-722.21122112	0.04765066
-722.17821782	0.05374622
-722.14521452	0.06078179
-722.11221122	0.06823225
-722.07920792	0.07638806
-722.04620462	0.08483164
-722.01320132	0.09371494
-721.98019802	0.10285135
-721.94719472	0.11221322
-721.91419142	0.12152822
-721.88118812	0.13089293
-721.84818482	0.14004227
-721.81518152	0.14946925
-721.78217822	0.15862225
-721.74917492	0.16823197
-721.71617162	0.17824971
-721.68316832	0.18909129
-721.65016502	0.20121434
-721.61716172	0.21491376
-721.58415842	0.23081959
-721.55115512	0.24890934
-721.51815182	0.27018521
-721.48514851	0.29423411
-721.45214521	0.32150176
-721.41914191	0.35186230
-721.38613861	0.38452734
-721.35313531	0.41923497
-721.32013201	0.45454016
-721.28712871	0.48918678
-721.25412541	0.52160019
-721.22112211	0.54969380
-721.18811881	0.57153817
-721.15511551	0.58463067
-721.12211221	0.58703740
-721.08910891	0.57669862
-721.05610561	0.55220202
-721.02310231	0.51286642
-720.99009901	0.45870428
-720.95709571	0.39033884
-720.92409241	0.30990638
-720.89108911	0.21954660
-720.85808581	0.12286171
-720.82508251	0.02244478
-720.79207921	-0.07830134
-720.75907591	-0.17746163
-720.72607261	-0.27457059
-720.69306931	-0.37023862
-720.66006601	-0.46774620
-720.62706271	-0.57131811
-720.59405941	-0.68747527
-720.56105611	-0.82221170
-720.52805281	-0.98114879
-720.49504950	-1.16829342
-720.46204620	-1.38371441
-720.42904290	-1.62361164
-720.39603960	-1.87849878
-720.36303630	-2.13322171
-720.33003300	-2.36773207
-720.29702970	-2.55832899
-720.26402640	-2.68031646
-720.23102310	-2.71189689
-720.19801980	-2.63538362
-720.16501650	-2.44209043
-720.13201320	-2.13326229
-720.09900990	-1.72233086
-720.06600660	-1.23407567
-720.03300330	-0.70237875
-720.00000000	-0.16491149
-719.96699670	0.34057355
-719.93399340	0.78261894
-719.90099010	1.14011482
-719.86798680	1.40394210
-719.83498350	1.57653738
-719.80198020	1.66820772
-719.76897690	1.69439553
-719.73597360	1.67043994
-719.70297030	1.61079735
-719.66996700	1.52630743
-719.63696370	1.42567018
-719.60396040	1.31525114
-719.57095710	1.20117908
-719.53795380	1.08797521
-719.50495050	0.97964117
-719.47194719	0.87853941
-719.43894389	0.78511901
-719.40594059	0.69845521
-719.37293729	0.61728858
-719.33993399	0.54082659
-719.30693069	0.46995981
-719.27392739	0.40578341
-719.24092409	0.34941620
-719.20792079	0.30127304
-719.17491749	0.25977436
-719.14191419	0.22209087
-719.10891089	0.18587705
-719.07590759	0.14884538
-719.04290429	0.11056318
-719.00990099	0.07185532
-718.97689769	0.03398090
-718.94389439	-0.00126540
-718.91089109	-0.03286180
-718.87788779	-0.05936080
-718.84488449	-0.07966887
-718.81188119	-0.09275721
-718.77887789	-0.09757933
-718.74587459	-0.09401964
-718.71287129	-0.08294164
-718.67986799	-0.06525386
-718.64686469	-0.04311097
-718.61386139	-0.01869801
-718.58085809	0.00603583
-718.54785479	0.02851765
-718.51485149	0.04677129
-718.48184818	0.05907573
-718.44884488	0.06442374
-718.41584158	0.06273389
-718.38283828	0.05513789
-718.34983498	0.04290838
-718.31683168	0.02801819
-718.28382838	0.01221610
-718.25082508	-0.00338152
-718.21782178	-0.01710396
-718.18481848	-0.02807502
-718.15181518	-0.03537688
-718.11881188	-0.03874520
-718.08580858	-0.03779557
-718.05280528	-0.03328259
-718.01980198	-0.02565118
-717.98679868	-0.01627790
-717.95379538	-0.00675141
-717.92079208	0.00145396
-717.88778878	0.00720146
-717.85478548	0.00970254
-717.82178218	0.00892730
-717.78877888	0.00514715
-717.75577558	-0.00070089
-717.72277228	-0.00771732
-717.68976898	-0.01498811
-717.65676568	-0.02194437
-717.62376238	-0.02799123
-717.59075908	-0.03317819
-717.55775578	-0.03778666
-717.52475248	-0.04150296
-717.49174917	-0.04480016
-717.45874587	-0.04670750
-717.42574257	-0.04740506
-717.39273927	-0.04638201
-717.35973597	-0.04410649
-717.32673267	-0.04068643
-717.29372937	-0.03689949
-717.26072607	-0.03314481
-717.22772277	-0.02998947
-717.19471947	-0.02748186
-717.16171617	-0.02592627
-717.12871287	-0.02536245
-717.09570957	-0.02544173
-717.06270627	-0.02549186
-717.02970297	-0.02473365
-716.99669967	-0.02198973
-716.96369637	-0.01650519
-716.93069307	-0.00770508
-716.89768977	0.00407617
-716.86468647	0.01815369
-716.83168317	0.03288148
-716.79867987	0.04726022
-716.76567657	0.05960005
-716.73267327	0.06939329
-716.69966997	0.07583680
-716.66666667	0.07896216
-716.63366337	0.07828328
-716.60066007	0.07382193
-716.56765677	0.06536158
-716.53465347	0.05318221
-716.50165017	0.03779590
-716.46864686	0.01991353
-716.43564356	0.00073208
-716.40264026	-0.01830912
-716.36963696	-0.03546497
-716.33663366	-0.04953265
-716.30363036	-0.05885715
-716.27062706	-0.06244842
-716.23762376	-0.06092606
-716.20462046	-0.05415463
-716.17161716	-0.04423168
-716.13861386	-0.03241925
-716.10561056	-0.02049715
-716.07260726	-0.01022652
-716.03960396	-0.00265588
-716.00660066	0.00145932
-715.97359736	0.00169853
-715.94059406	-0.00176117
-715.90759076	-0.00819518
-715.87458746	-0.01658602
-715.84158416	-0.02556277
-715.80858086	-0.03350789
-715.77557756	-0.03974983
-715.74257426	-0.04327479
-715.70957096	-0.04396760
-715.67656766	-0.04226202
-715.64356436	-0.03842836
-715.61056106	-0.03315697
-715.57755776	-0.02667804
-715.54455446	-0.02028056
-715.51155116	-0.01393049
-715.47854785	-0.00833702
-715.44554455	-0.00393760
-715.41254125	-0.00053801
-715.37953795	0.00169147
-715.34653465	0.00324004
-715.31353135	0.00428620
-715.28052805	0.00476947
-715.24752475	0.00469059
-715.21452145	0.00371559
-715.18151815	0.00213238
-715.14851485	-0.00021927
-715.11551155	-0.00269259
-715.08250825	-0.00537439
-715.04950495	-0.00712035
-715.01650165	-0.00803946
-714.98349835	-0.00738613
-714.95049505	-0.00497585
-714.91749175	-0.00155283
-714.88448845	0.00233183
-714.85148515	0.00534717
-714.81848185	0.00591442
-714.78547855	0.00338223
-714.75247525	-0.00273375
-714.71947195	-0.01185300
-714.68646865	-0.02266895
-714.65346535	-0.03344134
-714.62046205	-0.04252342
-714.58745875	-0.04894160
-714.55445545	-0.05212510
-714.52145215	-0.05253815
-714.48844884	-0.05039658
-714.45544554	-0.04676271
-714.42244224	-0.04228400
-714.38943894	-0.03773842
-714.35643564	-0.03330859
-714.32343234	-0.02951988
-714.29042904	-0.02659023
-714.25742574	-0.02427605
-714.22442244	-0.02296195
-714.19141914	-0.02224824
-714.15841584	-0.02224418
-714.12541254	-0.02279726
-714.09240924	-0.02377709
-714.05940594	-0.02497593
-714.02640264	-0.02573697
-713.99339934	-0.02568917
-713.96039604	-0.02412431
-713.92739274	-0.02054908
-713.89438944	-0.01478994
-713.86138614	-0.00732734
-713.82838284	0.00112442
-713.79537954	0.00910694
-713.76237624	0.01511018
-713.72937294	0.01871512
-713.69636964	0.01937924
-713.66336634	0.01771130
-713.63036304	0.01467314
-713.59735974	0.01129879
-713.56435644	0.00875153
-713.53135314	0.00680439
-713.49834983	0.00608093
-713.46534653	0.00606416
-713.43234323	0.00686470
-713.39933993	0.00874532
-713.36633663	0.01128720
-713.33333333	0.01471817
-713.30033003	0.01852194
-713.26732673	0.02226967
-713.23432343	0.02558346
-713.20132013	0.02820973
-713.16831683	0.03014438
-713.13531353	0.03168759
-713.10231023	0.03278793
-713.06930693	0.03350412
-713.03630363	0.03351502
-713.00330033	0.03216471
-712.97029703	0.02863380
-712.93729373	0.02280717
-712.90429043	0.01438162
-712.87128713	0.00404345
-712.83828383	-0.00728726
-712.80528053	-0.01866273
-712.77227723	-0.02870916
-712.73927393	-0.03672042
-712.70627063	-0.04263643
-712.67326733	-0.04621302
-712.64026403	-0.04830862
-712.60726073	-0.04920743
-712.57425743	-0.05028668
-712.54125413	-0.05208068
-712.50825083	-0.05465361
-712.47524752	-0.05830973
-712.44224422	-0.06225427
-712.40924092	-0.06580893
-712.37623762	-0.06814075
-712.34323432	-0.06809571
-712.31023102	-0.06533101
-712.27722772	-0.05960420
-712.24422442	-0.05148464
-712.21122112	-0.04161644
-712.17821782	-0.03090355
-712.14521452	-0.02026373
-712.11221122	-0.01000073
-712.07920792	-0.00040241
-712.04620462	0.00890299
-712.01320132	0.01808046
-711.98019802	0.02734624
-711.94719472	0.03607891
-711.91419142	0.04364913
-711.88118812	0.04928317
-711.84818482	0.05221379
-711.81518152	0.05238001
-711.78217822	0.04967846
-711.74917492	0.04500729
-711.71617162	0.03939922
-711.68316832	0.03363235
-711.65016502	0.02904977
-711.61716172	0.02603526
-711.58415842	0.02514934
-711.55115512	0.02626946
-711.51815182	0.02919473
-711.48514851	0.03304889
-711.45214521	0.03740459
-711.41914191	0.04122304
-711.38613861	0.04428173
-711.35313531	0.04614765
-711.32013201	0.04694956
-711.28712871	0.04684320
-711.25412541	0.04569978
-711.22112211	0.04375150
-711.18811881	0.04031124
-711.15511551	0.03539795
-711.12211221	0.02896594
-711.08910891	0.02102835
-711.05610561	0.01210319
-711.02310231	0.00298638
-710.99009901	-0.00559605
-710.95709571	-0.01285899
-710.92409241	-0.01850340
-710.89108911	-0.02224609
-710.85808581	-0.02472660
-710.82508251	-0.02628298
-710.79207921	-0.02718226
-710.75907591	-0.02815727
-710.72607261	-0.02923373
-710.69306931	-0.03020537
-710.66006601	-0.03084475
-710.62706271	-0.03106468
-710.59405941	-0.03060149
-710.56105611	-0.02942043
-710.52805281	-0.02788219
-710.49504950	-0.02610993
-710.46204620	-0.02423442
-710.42904290	-0.02260775
-710.39603960	-0.02145259
-710.36303630	-0.02038488
-710.33003300	-0.01946673
-710.29702970	-0.01834488
-710.26402640	-0.01659248
-710.23102310	-0.01404566
-710.19801980	-0.01102943
-710.16501650	-0.00743978
-710.13201320	-0.00380700
-710.09900990	-0.00042091
-710.06600660	0.00202710
-710.03300330	0.00343234
-710.00000000	0.00334473
-709.96699670	0.00155409
-709.93399340	-0.00148102
-709.90099010	-0.00550416
-709.86798680	-0.00962604
-709.83498350	-0.01256291
-709.80198020	-0.01407293
-709.76897690	-0.01319995
-709.73597360	-0.01031858
-709.70297030	-0.00602813
-709.66996700	-0.00071859
-709.63696370	0.00447189
-709.60396040	0.00903215
-709.57095710	0.01264812
-709.53795380	0.01480746
-709.50495050	0.01611323
-709.47194719	0.01646970
-709.43894389	0.01644522
-709.40594059	0.01626259
-709.37293729	0.01627664
-709.33993399	0.01645025
-709.30693069	0.01679914
-709.27392739	0.01707376
-709.24092409	0.01690336
-709.20792079	0.01653138
-709.17491749	0.01602301
-709.14191419	0.01537072
-709.10891089	0.01492034
-709.07590759	0.01500640
-709.04290429	0.01549382
-709.00990099	0.01647083
-708.97689769	0.01780422
-708.94389439	0.01955637
-708.91089109	0.02138998
-708.87788779	0.02347712
-708.84488449	0.02560155
-708.81188119	0.02760808
-708.77887789	0.02929641
-708.74587459	0.03041726
-708.71287129	0.03103063
-708.67986799	0.03092911
-708.64686469	0.03038101
-708.61386139	0.02983945
-708.58085809	0.02972862
-708.54785479	0.03102583
-708.51485149	0.03357517
-708.48184818	0.03771526
-708.44884488	0.04309259
-708.41584158	0.04916044
-708.38283828	0.05529458
-708.34983498	0.06076040
-708.31683168	0.06503640
-708.28382838	0.06743645
-708.25082508	0.06763003
-708.21782178	0.06561786
-708.18481848	0.06096099
-708.15181518	0.05374896
-708.11881188	0.04448821
-708.08580858	0.03306362
-708.05280528	0.01968785
-708.01980198	0.00471051
-707.98679868	-0.01184320
-707.95379538	-0.02966280
-707.92079208	-0.04809895
-707.88778878	-0.06629555
-707.85478548	-0.08405661
-707.82178218	-0.10011679
-707.78877888	-0.11466966
-707.75577558	-0.12787049
-707.72277228	-0.13964477
-707.68976898	-0.15079396
-707.65676568	-0.16114960
-707.62376238	-0.17139459
-707.59075908	-0.18109664
-707.55775578	-0.18966415
-707.52475248	-0.19673181
-707.49174917	-0.20121143
-707.45874587	-0.20186622
-707.42574257	-0.19746115
-707.39273927	-0.18724935
-707.35973597	-0.17053008
-707.32673267	-0.14761582
-707.29372937	-0.11933495
-707.26072607	-0.08726428
-707.22772277	-0.05299273
-707.19471947	-0.01852683
-707.16171617	0.01454200
-707.12871287	0.04515851
-707.09570957	0.07264590
-707.06270627	0.09634789
-707.02970297	0.11623398
-706.99669967	0.13197597
-706.96369637	0.14323566
-706.93069307	0.14971261
-706.89768977	0.15173881
-706.86468647	0.14909274
-706.83168317	0.14282720
-706.79867987	0.13350861
-706.76567657	0.12222481
-706.73267327	0.11015455
-706.69966997	0.09825909
-706.66666667	0.08718002
-706.63366337	0.07768701
-706.60066007	0.07004513
-706.56765677	0.06449603
-706.53465347	0.06059143
-706.50165017	0.05811570
-706.46864686	0.05634003
-706.43564356	0.05469658
-706.40264026	0.05232711
-706.36963696	0.04894225
-706.33663366	0.04425529
-706.30363036	0.03805381
-706.27062706	0.03113161
-706.23762376	0.02328900
-706.20462046	0.01483479
-706.17161716	0.00638565
-706.13861386	-0.00206495
-706.10561056	-0.00967354
-706.07260726	-0.01553232
-706.03960396	-0.01939766
-706.00660066	-0.02042745
-705.97359736	-0.01834567
-705.94059406	-0.01334744
-705.90759076	-0.00572337
-705.87458746	0.00334097
-705.84158416	0.01323857
-705.80858086	0.02278283
-705.77557756	0.03089763
-705.74257426	0.03675066
-705.70957096	0.03981469
-705.67656766	0.03975009
-705.64356436	0.03599751
-705.61056106	0.02914666
-705.57755776	0.01981850
-705.54455446	0.00876311
-705.51155116	-0.00258092
-705.47854785	-0.01298549
-705.44554455	-0.02135970
-705.41254125	-0.02691794
-705.37953795	-0.02970025
-705.34653465	-0.02989387
-705.31353135	-0.02833244
-705.28052805	-0.02526453
-705.24752475	-0.02176841
-705.21452145	-0.01812936
-705.18151815	-0.01460936
-705.14851485	-0.01228113
-705.11551155	-0.01106089
-705.08250825	-0.01152907
-705.04950495	-0.01378875
-705.01650165	-0.01704897
-704.98349835	-0.02069104
-704.95049505	-0.02398745
-704.91749175	-0.02579140
-704.88448845	-0.02537785
-704.85148515	-0.02210425
-704.81848185	-0.01627459
-704.78547855	-0.00782684
-704.75247525	0.00224900
-704.71947195	0.01277252
-704.68646865	0.02292398
-704.65346535	0.03121982
-704.62046205	0.03655407
-704.58745875	0.03814439
-704.55445545	0.03605203
-704.52145215	0.03027548
-704.48844884	0.02166637
-704.45544554	0.01126248
-704.42244224	0.00022768
-704.38943894	-0.01011211
-704.35643564	-0.01881058
-704.32343234	-0.02542810
-704.29042904	-0.02923503
-704.25742574	-0.03041427
-704.22442244	-0.02899414
-704.19141914	-0.02487035
-704.15841584	-0.01798720
-704.12541254	-0.00850605
-704.09240924	0.00330988
-704.05940594	0.01652837
-704.02640264	0.03006649
-703.99339934	0.04214099
-703.96039604	0.05075859
-703.92739274	0.05474239
-703.89438944	0.05315875
-703.86138614	0.04602968
-703.82838284	0.03416939
-703.79537954	0.01930341
-703.76237624	0.00335494
-703.72937294	-0.01187250
-703.69636964	-0.02477468
-703.66336634	-0.03419072
-703.63036304	-0.03977966
-703.59735974	-0.04174296
-703.56435644	-0.04073037
-703.53135314	-0.03744564
-703.49834983	-0.03291950
-703.46534653	-0.02827662
-703.43234323	-0.02380739
-703.39933993	-0.01980493
-703.36633663	-0.01667770
-703.33333333	-0.01390089
-703.30033003	-0.01131066
-703.26732673	-0.00870002
-703.23432343	-0.00598327
-703.20132013	-0.00304250
-703.16831683	-0.00059988
-703.13531353	0.00170936
-703.10231023	0.00358495
-703.06930693	0.00503996
-703.03630363	0.00631050
-703.00330033	0.00752894
-702.97029703	0.00868426
-702.93729373	0.00978876
-702.90429043	0.01071193
-702.87128713	0.01113016
-702.83828383	0.01104562
-702.80528053	0.01027458
-702.77227723	0.00900741
-702.73927393	0.00686475
-702.70627063	0.00409081
-702.67326733	0.00070308
-702.64026403	-0.00350584
-702.60726073	-0.00793758
-702.57425743	-0.01263686
-702.54125413	-0.01720148
-702.50825083	-0.02110652
-702.47524752	-0.02364252
-702.44224422	-0.02470924
-702.40924092	-0.02349004
-702.37623762	-0.01977272
-702.34323432	-0.01376608
-702.31023102	-0.00581623
-702.27722772	0.00330080
-702.24422442	0.01261830
-702.21122112	0.02092827
-702.17821782	0.02727489
-702.14521452	0.03109009
-702.11221122	0.03180139
-702.07920792	0.02954938
-702.04620462	0.02479539
-702.01320132	0.01752462
-701.98019802	0.00878750
-701.94719472	-0.00066029
-701.91419142	-0.01006052
-701.88118812	-0.01843224
-701.84818482	-0.02480129
-701.81518152	-0.02858262
-701.78217822	-0.02981740
-701.74917492	-0.02829720
-701.71617162	-0.02443513
-701.68316832	-0.01935449
-701.65016502	-0.01347052
-701.61716172	-0.00775291
-701.58415842	-0.00303282
-701.55115512	0.00004302
-701.51815182	0.00126152
-701.48514851	0.00072443
-701.45214521	-0.00142190
-701.41914191	-0.00457308
-701.38613861	-0.00787473
-701.35313531	-0.01039659
-701.32013201	-0.01175453
-701.28712871	-0.01152551
-701.25412541	-0.00968964
-701.22112211	-0.00641618
-701.18811881	-0.00219661
-701.15511551	0.00258252
-701.12211221	0.00728917
-701.08910891	0.01174194
-701.05610561	0.01559425
-701.02310231	0.01840523
-700.99009901	0.01994760
-700.95709571	0.01964739
-700.92409241	0.01711588
-700.89108911	0.01240036
-700.85808581	0.00580439
-700.82508251	-0.00203194
-700.79207921	-0.00981325
-700.75907591	-0.01669343
-700.72607261	-0.02141393
-700.69306931	-0.02334536
-700.66006601	-0.02196611
-700.62706271	-0.01773480
-700.59405941	-0.01066894
-700.56105611	-0.00157135
-700.52805281	0.00920164
-700.49504950	0.02063813
-700.46204620	0.03201239
-700.42904290	0.04207206
-700.39603960	0.04956896
-700.36303630	0.05338111
-700.33003300	0.05250838
-700.29702970	0.04731570
-700.26402640	0.03797177
-700.23102310	0.02533420
-700.19801980	0.01150495
-700.16501650	-0.00206094
-700.13201320	-0.01434777
-700.09900990	-0.02384097
-700.06600660	-0.02989549
-700.03300330	-0.03250936
-700.00000000	-0.03197441
-699.96699670	-0.02861278
-699.93399340	-0.02343100
-699.90099010	-0.01724503
-699.86798680	-0.01093178
-699.83498350	-0.00543379
-699.80198020	-0.00126187
-699.76897690	0.00106546
-699.73597360	0.00151751
-699.70297030	0.00023169
-699.66996700	-0.00244937
-699.63696370	-0.00604712
-699.60396040	-0.01005344
-699.57095710	-0.01380341
-699.53795380	-0.01672865
-699.50495050	-0.01823437
-699.47194719	-0.01788849
-699.43894389	-0.01543588
-699.40594059	-0.01127948
-699.37293729	-0.00614862
-699.33993399	-0.00035309
-699.30693069	0.00468824
-699.27392739	0.00827244
-699.24092409	0.01032909
-699.20792079	0.01042258
-699.17491749	0.00899588
-699.14191419	0.00703251
-699.10891089	0.00477583
-699.07590759	0.00266706
-699.04290429	0.00127299
-699.00990099	0.00035932
-698.97689769	-0.00029678
-698.94389439	-0.00052411
-698.91089109	-0.00074080
-698.87788779	-0.00077846
-698.84488449	-0.00072777
-698.81188119	-0.00001403
-698.77887789	0.00138967
-698.74587459	0.00365372
-698.71287129	0.00665888
-698.67986799	0.00999297
-698.64686469	0.01336988
-698.61386139	0.01547387
-698.58085809	0.01607228
-698.54785479	0.01475368
-698.51485149	0.01107271
-698.48184818	0.00567031
-698.44884488	-0.00071647
-698.41584158	-0.00751637
-698.38283828	-0.01337545
-698.34983498	-0.01763937
-698.31683168	-0.01950286
-698.28382838	-0.01910870
-698.25082508	-0.01648452
-698.21782178	-0.01264878
-698.18481848	-0.00819116
-698.15181518	-0.00382203
-698.11881188	-0.00037275
-698.08580858	0.00199585
-698.05280528	0.00343331
-698.01980198	0.00382798
-697.98679868	0.00337094
-697.95379538	0.00227241
-697.92079208	0.00013916
-697.88778878	-0.00268770
-697.85478548	-0.00558947
-697.82178218	-0.00854152
-697.78877888	-0.01086178
-697.75577558	-0.01197298
-697.72277228	-0.01165925
-697.68976898	-0.00993046
-697.65676568	-0.00667042
-697.62376238	-0.00236550
-697.59075908	0.00230788
-697.55775578	0.00694465
-697.52475248	0.01089933
-697.49174917	0.01347124
-697.45874587	0.01428031
-697.42574257	0.01364563
-697.39273927	0.01147155
-697.35973597	0.00838084
-697.32673267	0.00481512
-697.29372937	0.00115691
-697.26072607	-0.00208563
-697.22772277	-0.00480623
-697.19471947	-0.00671362
-697.16171617	-0.00767754
-697.12871287	-0.00783956
-697.09570957	-0.00697537
-697.06270627	-0.00503245
-697.02970297	-0.00220929
-696.99669967	0.00155483
-696.96369637	0.00587010
-696.93069307	0.01056723
-696.89768977	0.01513110
-696.86468647	0.01885371
-696.83168317	0.02136239
-696.79867987	0.02215977
-696.76567657	0.02097781
-696.73267327	0.01777633
-696.69966997	0.01282283
-696.66666667	0.00646080
-696.63366337	-0.00068276
-696.60066007	-0.00795517
-696.56765677	-0.01443940
-696.53465347	-0.01913168
-696.50165017	-0.02161435
-696.46864686	-0.02143036
-696.43564356	-0.01858772
-696.40264026	-0.01356109
-696.36963696	-0.00701396
-696.33663366	0.00020657
-696.30363036	0.00693994
-696.27062706	0.01229896
-696.23762376	0.01548081
-696.20462046	0.01604319
-696.17161716	0.01394338
-696.13861386	0.00962903
-696.10561056	0.00391306
-696.07260726	-0.00215781
-696.03960396	-0.00798909
-696.00660066	-0.01258807
-695.97359736	-0.01563411
-695.94059406	-0.01755735
-695.90759076	-0.01803769
-695.87458746	-0.01742469
-695.84158416	-0.01624116
-695.80858086	-0.01397917
-695.77557756	-0.01099289
-695.74257426	-0.00738684
-695.70957096	-0.00329521
-695.67656766	0.00102853
-695.64356436	0.00492333
-695.61056106	0.00816123
-695.57755776	0.01011525
-695.54455446	0.01061289
-695.51155116	0.00980451
-695.47854785	0.00805972
-695.44554455	0.00577842
-695.41254125	0.00401580
-695.37953795	0.00335285
-695.34653465	0.00394167
-695.31353135	0.00618088
-695.28052805	0.00945078
-695.24752475	0.01318996
-695.21452145	0.01658029
-695.18151815	0.01880072
-695.14851485	0.01925652
-695.11551155	0.01750728
-695.08250825	0.01393602
-695.04950495	0.00861367
-695.01650165	0.00211297
-694.98349835	-0.00486020
-694.95049505	-0.01162022
-694.91749175	-0.01792866
-694.88448845	-0.02315970
-694.85148515	-0.02690293
-694.81848185	-0.02892909
-694.78547855	-0.02894010
-694.75247525	-0.02661481
-694.71947195	-0.02224441
-694.68646865	-0.01644627
-694.65346535	-0.01019517
-694.62046205	-0.00446872
-694.58745875	0.00006944
-694.55445545	0.00234602
-694.52145215	0.00246786
-694.48844884	0.00076822
-694.45544554	-0.00241509
-694.42244224	-0.00572934
-694.38943894	-0.00872620
-694.35643564	-0.01083934
-694.32343234	-0.01173198
-694.29042904	-0.01129871
-694.25742574	-0.00991308
-694.22442244	-0.00763248
-694.19141914	-0.00478344
-694.15841584	-0.00151582
-694.12541254	0.00181959
-694.09240924	0.00554557
-694.05940594	0.00937240
-694.02640264	0.01290607
-693.99339934	0.01659527
-693.96039604	0.01971389
-693.92739274	0.02250938
-693.89438944	0.02443557
-693.86138614	0.02548770
-693.82838284	0.02558841
-693.79537954	0.02438217
-693.76237624	0.02240258
-693.72937294	0.01965412
-693.69636964	0.01655454
-693.66336634	0.01359446
-693.63036304	0.01091840
-693.59735974	0.00907826
-693.56435644	0.00807169
-693.53135314	0.00806159
-693.49834983	0.00883996
-693.46534653	0.01004105
-693.43234323	0.01174679
-693.39933993	0.01324847
-693.36633663	0.01423681
-693.33333333	0.01448751
-693.30033003	0.01349467
-693.26732673	0.01097993
-693.23432343	0.00751854
-693.20132013	0.00334448
-693.16831683	-0.00110805
-693.13531353	-0.00509594
-693.10231023	-0.00772770
-693.06930693	-0.00911977
-693.03630363	-0.00865629
-693.00330033	-0.00648601
-692.97029703	-0.00339108
-692.93729373	0.00081177
-692.90429043	0.00500022
-692.87128713	0.00875271
-692.83828383	0.01189597
-692.80528053	0.01349982
-692.77227723	0.01403250
-692.73927393	0.01325498
-692.70627063	0.01149594
-692.67326733	0.00908405
-692.64026403	0.00617748
-692.60726073	0.00329084
-692.57425743	0.00031205
-692.54125413	-0.00245387
-692.50825083	-0.00467500
-692.47524752	-0.00688869
-692.44224422	-0.00848092
-692.40924092	-0.00976989
-692.37623762	-0.01100427
-692.34323432	-0.01164162
-692.31023102	-0.01198952
-692.27722772	-0.01173015
-692.24422442	-0.01063717
-692.21122112	-0.00883896
-692.17821782	-0.00631543
-692.14521452	-0.00298277
-692.11221122	0.00064719
-692.07920792	0.00471500
-692.04620462	0.00884956
-692.01320132	0.01286290
-691.98019802	0.01645109
-691.94719472	0.01927577
-691.91419142	0.02146913
-691.88118812	0.02215995
-691.84818482	0.02167130
-691.81518152	0.02017362
-691.78217822	0.01739710
-691.74917492	0.01381286
-691.71617162	0.00968101
-691.68316832	0.00512803
-691.65016502	0.00072103
-691.61716172	-0.00344712
-691.58415842	-0.00696066
-691.55115512	-0.00944606
-691.51815182	-0.01064399
-691.48514851	-0.01048534
-691.45214521	-0.00945097
-691.41914191	-0.00780536
-691.38613861	-0.00547412
-691.35313531	-0.00324467
-691.32013201	-0.00098157
-691.28712871	0.00126533
-691.25412541	0.00341264
-691.22112211	0.00585287
-691.18811881	0.00850187
-691.15511551	0.01132845
-691.12211221	0.01425617
-691.08910891	0.01669915
-691.05610561	0.01841109
-691.02310231	0.01865979
-690.99009901	0.01718291
-690.95709571	0.01420076
-690.92409241	0.00950018
-690.89108911	0.00369537
-690.85808581	-0.00278105
-690.82508251	-0.00904563
-690.79207921	-0.01434152
-690.75907591	-0.01851391
-690.72607261	-0.02088866
-690.69306931	-0.02170321
-690.66006601	-0.02160219
-690.62706271	-0.02043810
-690.59405941	-0.01929728
-690.56105611	-0.01829997
-690.52805281	-0.01755726
-690.49504950	-0.01717248
-690.46204620	-0.01668299
-690.42904290	-0.01576276
-690.39603960	-0.01418509
-690.36303630	-0.01166585
-690.33003300	-0.00809124
-690.29702970	-0.00392268
-690.26402640	0.00073820
-690.23102310	0.00529228
-690.19801980	0.00913063
-690.16501650	0.01132239
-690.13201320	0.01204725
-690.09900990	0.01091311
-690.06600660	0.00820810
-690.03300330	0.00455851
-690.00000000	0.00053367
-689.96699670	-0.00329497
-689.93399340	-0.00622377
-689.90099010	-0.00814379
-689.86798680	-0.00879795
-689.83498350	-0.00852358
-689.80198020	-0.00747088
-689.76897690	-0.00574858
-689.73597360	-0.00401834
-689.70297030	-0.00249666
-689.66996700	-0.00126937
-689.63696370	-0.00066349
-689.60396040	-0.00077091
-689.57095710	-0.00138794
-689.53795380	-0.00238098
-689.50495050	-0.00379563
-689.47194719	-0.00523266
-689.43894389	-0.00626988
-689.40594059	-0.00652942
-689.37293729	-0.00617113
-689.33993399	-0.00494044
-689.30693069	-0.00300296
-689.27392739	-0.00126545
-689.24092409	0.00006990
-689.20792079	0.00029442
-689.17491749	-0.00058949
-689.14191419	-0.00276318
-689.10891089	-0.00533867
-689.07590759	-0.00830677
-689.04290429	-0.01092728
-689.00990099	-0.01274879
-688.97689769	-0.01342603
-688.94389439	-0.01344330
-688.91089109	-0.01284070
-688.87788779	-0.01208814
-688.84488449	-0.01145855
-688.81188119	-0.01133030
-688.77887789	-0.01154430
-688.74587459	-0.01216219
-688.71287129	-0.01240395
-688.67986799	-0.01217624
-688.64686469	-0.01107109
-688.61386139	-0.00881467
-688.58085809	-0.00526943
-688.54785479	-0.00078053
-688.51485149	0.00463113
-688.48184818	0.01064193
-688.44884488	0.01650672
-688.41584158	0.02209676
-688.38283828	0.02665877
-688.34983498	0.02949674
-688.31683168	0.03057064
-688.28382838	0.02944516
-688.25082508	0.02643371
-688.21782178	0.02204957
-688.18481848	0.01670869
-688.15181518	0.01128660
-688.11881188	0.00631437
-688.08580858	0.00232437
-688.05280528	-0.00045257
-688.01980198	-0.00179983
-687.98679868	-0.00211158
-687.95379538	-0.00114838
-687.92079208	0.00033898
-687.88778878	0.00240051
-687.85478548	0.00489212
-687.82178218	0.00713576
-687.78877888	0.00936999
-687.75577558	0.01147119
-687.72277228	0.01344384
-687.68976898	0.01511931
-687.65676568	0.01673842
-687.62376238	0.01774861
-687.59075908	0.01817742
-687.55775578	0.01814347
-687.52475248	0.01701489
-687.49174917	0.01515011
-687.45874587	0.01258144
-687.42574257	0.00938916
-687.39273927	0.00575922
-687.35973597	0.00177155
-687.32673267	-0.00227053
-687.29372937	-0.00646093
-687.26072607	-0.01035879
-687.22772277	-0.01347832
-687.19471947	-0.01581739
-687.16171617	-0.01685308
-687.12871287	-0.01630457
-687.09570957	-0.01455481
-687.06270627	-0.01184634
-687.02970297	-0.00875302
-686.99669967	-0.00565489
-686.96369637	-0.00336769
-686.93069307	-0.00194118
-686.89768977	-0.00184216
-686.86468647	-0.00272194
-686.83168317	-0.00466118
-686.79867987	-0.00713597
-686.76567657	-0.00947195
-686.73267327	-0.01159747
-686.69966997	-0.01287190
-686.66666667	-0.01311455
-686.63366337	-0.01236066
-686.60066007	-0.01046118
-686.56765677	-0.00804943
-686.53465347	-0.00513321
-686.50165017	-0.00243695
-686.46864686	-0.00028979
-686.43564356	0.00073905
-686.40264026	0.00081489
-686.36963696	-0.00068504
-686.33663366	-0.00301801
-686.30363036	-0.00590467
-686.27062706	-0.00872980
-686.23762376	-0.01081885
-686.20462046	-0.01188039
-686.17161716	-0.01121974
-686.13861386	-0.00922124
-686.10561056	-0.00618542
-686.07260726	-0.00216749
-686.03960396	0.00219290
-686.00660066	0.00601888
-685.97359736	0.00942287
-685.94059406	0.01167354
-685.90759076	0.01278537
-685.87458746	0.01252526
-685.84158416	0.01120254
-685.80858086	0.00919036
-685.77557756	0.00675641
-685.74257426	0.00448365
-685.70957096	0.00238482
-685.67656766	0.00095212
-685.64356436	-0.00013821
-685.61056106	-0.00082697
-685.57755776	-0.00120686
-685.54455446	-0.00147496
-685.51155116	-0.00146505
-685.47854785	-0.00140066
-685.44554455	-0.00136443
-685.41254125	-0.00141095
-685.37953795	-0.00167593
-685.34653465	-0.00251604
-685.31353135	-0.00359815
-685.28052805	-0.00531600
-685.24752475	-0.00731549
-685.21452145	-0.00909835
-685.18151815	-0.01088567
-685.14851485	-0.01243084
-685.11551155	-0.01337058
-685.08250825	-0.01391343
-685.04950495	-0.01407535
-685.01650165	-0.01330510
-684.98349835	-0.01182327
-684.95049505	-0.00961494
-684.91749175	-0.00623642
-684.88448845	-0.00208048
-684.85148515	0.00255023
-684.81848185	0.00734701
-684.78547855	0.01172861
-684.75247525	0.01518316
-684.71947195	0.01738780
-684.68646865	0.01790931
-684.65346535	0.01704298
-684.62046205	0.01472366
-684.58745875	0.01135529
-684.55445545	0.00748596
-684.52145215	0.00338779
-684.48844884	-0.00050285
-684.45544554	-0.00375520
-684.42244224	-0.00602487
-684.38943894	-0.00725317
-684.35643564	-0.00711326
-684.32343234	-0.00565414
-684.29042904	-0.00322406
-684.25742574	0.00040666
-684.22442244	0.00423710
-684.19141914	0.00799322
-684.15841584	0.01128871
-684.12541254	0.01352322
-684.09240924	0.01441467
-684.05940594	0.01402859
-684.02640264	0.01219407
-683.99339934	0.00938330
-683.96039604	0.00603705
-683.92739274	0.00248379
-683.89438944	-0.00063633
-683.86138614	-0.00329960
-683.82838284	-0.00517852
-683.79537954	-0.00649037
-683.76237624	-0.00742904
-683.72937294	-0.00815166
-683.69636964	-0.00892855
-683.66336634	-0.00947498
-683.63036304	-0.00996737
-683.59735974	-0.01020896
-683.56435644	-0.00998251
-683.53135314	-0.00947672
-683.49834983	-0.00864394
-683.46534653	-0.00773514
-683.43234323	-0.00709519
-683.39933993	-0.00678402
-683.36633663	-0.00707222
-683.33333333	-0.00778321
-683.30033003	-0.00903795
-683.26732673	-0.01041663
-683.23432343	-0.01186053
-683.20132013	-0.01272023
-683.16831683	-0.01310555
-683.13531353	-0.01261804
-683.10231023	-0.01134833
-683.06930693	-0.00940195
-683.03630363	-0.00693736
-683.00330033	-0.00421301
-682.97029703	-0.00127954
-682.93729373	0.00140741
-682.90429043	0.00408172
-682.87128713	0.00634228
-682.83828383	0.00827732
-682.80528053	0.00962745
-682.77227723	0.01044842
-682.73927393	0.01046394
-682.70627063	0.01013192
-682.67326733	0.00927957
-682.64026403	0.00863508
-682.60726073	0.00798714
-682.57425743	0.00782933
-682.54125413	0.00833563
-682.50825083	0.00959272
-682.47524752	0.01156270
-682.44224422	0.01434294
-682.40924092	0.01742665
-682.37623762	0.02101634
-682.34323432	0.02401027
-682.31023102	0.02642700
-682.27722772	0.02786516
-682.24422442	0.02812509
-682.21122112	0.02762806
-682.17821782	0.02672304
-682.14521452	0.02561212
-682.11221122	0.02503503
-682.07920792	0.02482934
-682.04620462	0.02531962
-682.01320132	0.02650561
-681.98019802	0.02794138
-681.94719472	0.02974712
-681.91419142	0.03168828
-681.88118812	0.03355096
-681.84818482	0.03499218
-681.81518152	0.03564906
-681.78217822	0.03540713
-681.74917492	0.03421341
-681.71617162	0.03188273
-681.68316832	0.02861195
-681.65016502	0.02469911
-681.61716172	0.02023869
-681.58415842	0.01586718
-681.55115512	0.01174953
-681.51815182	0.00836588
-681.48514851	0.00586175
-681.45214521	0.00439701
-681.41914191	0.00429042
-681.38613861	0.00491998
-681.35313531	0.00631388
-681.32013201	0.00793979
-681.28712871	0.00959942
-681.25412541	0.01095039
-681.22112211	0.01150993
-681.18811881	0.01148766
-681.15511551	0.01058530
-681.12211221	0.00888127
-681.08910891	0.00642859
-681.05610561	0.00336560
-681.02310231	0.00002320
-680.99009901	-0.00346452
-680.95709571	-0.00683105
-680.92409241	-0.00977806
-680.89108911	-0.01210109
-680.85808581	-0.01372871
-680.82508251	-0.01439992
-680.79207921	-0.01410073
-680.75907591	-0.01290804
-680.72607261	-0.01076048
-680.69306931	-0.00813406
-680.66006601	-0.00510931
-680.62706271	-0.00246514
-680.59405941	-0.00030801
-680.56105611	0.00046578
-680.52805281	-0.00019433
-680.49504950	-0.00244874
-680.46204620	-0.00628729
-680.42904290	-0.01125587
-680.39603960	-0.01714413
-680.36303630	-0.02288770
-680.33003300	-0.02814650
-680.29702970	-0.03191211
-680.26402640	-0.03374982
-680.23102310	-0.03361341
-680.19801980	-0.03130498
-680.16501650	-0.02735810
-680.13201320	-0.02250823
-680.09900990	-0.01758472
-680.06600660	-0.01342670
-680.03300330	-0.01085329
-680.00000000	-0.01023187
-679.96699670	-0.01154568
-679.93399340	-0.01458256
-679.90099010	-0.01877849
-679.86798680	-0.02323650
-679.83498350	-0.02728919
-679.80198020	-0.03015025
-679.76897690	-0.03144143
-679.73597360	-0.03123691
-679.70297030	-0.02945464
-679.66996700	-0.02690016
-679.63696370	-0.02415951
-679.60396040	-0.02163758
-679.57095710	-0.02005269
-679.53795380	-0.01959258
-679.50495050	-0.02000377
-679.47194719	-0.02129375
-679.43894389	-0.02306719
-679.40594059	-0.02475646
-679.37293729	-0.02591457
-679.33993399	-0.02637990
-679.30693069	-0.02565100
-679.27392739	-0.02394451
-679.24092409	-0.02125748
-679.20792079	-0.01784070
-679.17491749	-0.01397544
-679.14191419	-0.00997021
-679.10891089	-0.00617329
-679.07590759	-0.00267532
-679.04290429	-0.00001247
-679.00990099	0.00204343
-678.97689769	0.00322876
-678.94389439	0.00343809
-678.91089109	0.00309597
-678.87788779	0.00208746
-678.84488449	0.00064157
-678.81188119	-0.00111554
-678.77887789	-0.00351246
-678.74587459	-0.00610133
-678.71287129	-0.00942611
-678.67986799	-0.01256314
-678.64686469	-0.01558013
-678.61386139	-0.01802521
-678.58085809	-0.01919650
-678.54785479	-0.01887164
-678.51485149	-0.01717513
-678.48184818	-0.01391618
-678.44884488	-0.00984249
-678.41584158	-0.00517696
-678.38283828	-0.00051293
-678.34983498	0.00339376
-678.31683168	0.00632134
-678.28382838	0.00805994
-678.25082508	0.00815601
-678.21782178	0.00756639
-678.18481848	0.00572977
-678.15181518	0.00362334
-678.11881188	0.00132972
-678.08580858	-0.00082688
-678.05280528	-0.00245770
-678.01980198	-0.00380418
-677.98679868	-0.00437226
-677.95379538	-0.00435375
-677.92079208	-0.00362163
-677.88778878	-0.00244168
-677.85478548	-0.00076466
-677.82178218	0.00098017
-677.78877888	0.00262028
-677.75577558	0.00380136
-677.72277228	0.00434862
-677.68976898	0.00461163
-677.65676568	0.00447415
-677.62376238	0.00429475
-677.59075908	0.00405857
-677.55775578	0.00425354
-677.52475248	0.00451359
-677.49174917	0.00503986
-677.45874587	0.00566915
-677.42574257	0.00632192
-677.39273927	0.00702228
-677.35973597	0.00770313
-677.32673267	0.00858967
-677.29372937	0.00937016
-677.26072607	0.01052483
-677.22772277	0.01157297
-677.19471947	0.01297907
-677.16171617	0.01405441
-677.12871287	0.01499804
-677.09570957	0.01547388
-677.06270627	0.01514604
-677.02970297	0.01405115
-676.99669967	0.01195116
-676.96369637	0.00932381
-676.93069307	0.00608535
-676.89768977	0.00281824
-676.86468647	-0.00023150
-676.83168317	-0.00277388
-676.79867987	-0.00432280
-676.76567657	-0.00516119
-676.73267327	-0.00464243
-676.69966997	-0.00304919
-676.66666667	-0.00036907
-676.63366337	0.00352433
-676.60066007	0.00786506
-676.56765677	0.01276997
-676.53465347	0.01747426
-676.50165017	0.02183570
-676.46864686	0.02514128
-676.43564356	0.02744662
-676.40264026	0.02839963
-676.36963696	0.02810355
-676.33663366	0.02644196
-676.30363036	0.02390745
-676.27062706	0.02040536
-676.23762376	0.01651502
-676.20462046	0.01242535
-676.17161716	0.00869995
-676.13861386	0.00562866
-676.10561056	0.00333045
-676.07260726	0.00200958
-676.03960396	0.00186273
-676.00660066	0.00231143
-675.97359736	0.00352185
-675.94059406	0.00528344
-675.90759076	0.00693496
-675.87458746	0.00886968
-675.84158416	0.01051008
-675.80858086	0.01212641
-675.77557756	0.01357736
-675.74257426	0.01505306
-675.70957096	0.01656120
-675.67656766	0.01827566
-675.64356436	0.02005386
-675.61056106	0.02204248
-675.57755776	0.02387259
-675.54455446	0.02554140
-675.51155116	0.02662844
-675.47854785	0.02719639
-675.44554455	0.02662233
-675.41254125	0.02511840
-675.37953795	0.02247101
-675.34653465	0.01897983
-675.31353135	0.01448028
-675.28052805	0.00969030
-675.24752475	0.00464967
-675.21452145	-0.00018045
-675.18151815	-0.00469540
-675.14851485	-0.00882356
-675.11551155	-0.01213036
-675.08250825	-0.01495671
-675.04950495	-0.01654391
-675.01650165	-0.01739739
-674.98349835	-0.01685445
-674.95049505	-0.01520684
-674.91749175	-0.01252806
-674.88448845	-0.00869687
-674.85148515	-0.00409761
-674.81848185	0.00050858
-674.78547855	0.00497154
-674.75247525	0.00852929
-674.71947195	0.01050279
-674.68646865	0.01105148
-674.65346535	0.00936903
-674.62046205	0.00624091
-674.58745875	0.00173458
-674.55445545	-0.00342535
-674.52145215	-0.00887024
-674.48844884	-0.01366468
-674.45544554	-0.01753799
-674.42244224	-0.02005907
-674.38943894	-0.02110568
-674.35643564	-0.02075449
-674.32343234	-0.01904070
-674.29042904	-0.01649853
-674.25742574	-0.01327629
-674.22442244	-0.01004262
-674.19141914	-0.00673801
-674.15841584	-0.00371043
-674.12541254	-0.00109258
-674.09240924	0.00123789
-674.05940594	0.00293099
-674.02640264	0.00453685
-673.99339934	0.00571800
-673.96039604	0.00661742
-673.92739274	0.00742937
-673.89438944	0.00819208
-673.86138614	0.00892131
-673.82838284	0.01000233
-673.79537954	0.01087449
-673.76237624	0.01204358
-673.72937294	0.01278137
-673.69636964	0.01323677
-673.66336634	0.01305688
-673.63036304	0.01226504
-673.59735974	0.01087447
-673.56435644	0.00879889
-673.53135314	0.00653836
-673.49834983	0.00382320
-673.46534653	0.00116068
-673.43234323	-0.00164278
-673.39933993	-0.00442743
-673.36633663	-0.00685706
-673.33333333	-0.00933794
-673.30033003	-0.01134644
-673.26732673	-0.01261476
-673.23432343	-0.01344672
-673.20132013	-0.01317910
-673.16831683	-0.01197341
-673.13531353	-0.00963704
-673.10231023	-0.00643639
-673.06930693	-0.00262550
-673.03630363	0.00152237
-673.00330033	0.00539097
-672.97029703	0.00872645
-672.93729373	0.01111918
-672.90429043	0.01246429
-672.87128713	0.01261323
-672.83828383	0.01183994
-672.80528053	0.01004702
-672.77227723	0.00815183
-672.73927393	0.00576801
-672.70627063	0.00400593
-672.67326733	0.00255572
-672.64026403	0.00165373
-672.60726073	0.00146539
-672.57425743	0.00155836
-672.54125413	0.00194834
-672.50825083	0.00218104
-672.47524752	0.00236773
-672.44224422	0.00252054
-672.40924092	0.00221833
-672.37623762	0.00214266
-672.34323432	0.00216771
-672.31023102	0.00241665
-672.27722772	0.00308844
-672.24422442	0.00419932
-672.21122112	0.00583271
-672.17821782	0.00778136
-672.14521452	0.00993844
-672.11221122	0.01217176
-672.07920792	0.01428351
-672.04620462	0.01572093
-672.01320132	0.01654960
-671.98019802	0.01654808
-671.94719472	0.01566815
-671.91419142	0.01406683
-671.88118812	0.01171894
-671.84818482	0.00907284
-671.81518152	0.00599977
-671.78217822	0.00296395
-671.74917492	0.00002042
-671.71617162	-0.00283128
-671.68316832	-0.00521365
-671.65016502	-0.00730640
-671.61716172	-0.00876030
-671.58415842	-0.00983971
-671.55115512	-0.01042643
-671.51815182	-0.01044373
-671.48514851	-0.01016534
-671.45214521	-0.00940656
-671.41914191	-0.00806075
-671.38613861	-0.00632355
-671.35313531	-0.00417084
-671.32013201	-0.00188997
-671.28712871	0.00075665
-671.25412541	0.00272464
-671.22112211	0.00414983
-671.18811881	0.00493359
-671.15511551	0.00443951
-671.12211221	0.00288433
-671.08910891	0.00068448
-671.05610561	-0.00222499
-671.02310231	-0.00504250
-670.99009901	-0.00760667
-670.95709571	-0.00927911
-670.92409241	-0.01017949
-670.89108911	-0.00976977
-670.85808581	-0.00840408
-670.82508251	-0.00606484
-670.79207921	-0.00311294
-670.75907591	0.00014405
-670.72607261	0.00335674
-670.69306931	0.00602273
-670.66006601	0.00807978
-670.62706271	0.00890617
-670.59405941	0.00868432
-670.56105611	0.00778736
-670.52805281	0.00586322
-670.49504950	0.00401305
-670.46204620	0.00209410
-670.42904290	0.00086342
-670.39603960	-0.00002079
-670.36303630	-0.00004594
-670.33003300	0.00028743
-670.29702970	0.00072053
-670.26402640	0.00117274
-670.23102310	0.00101535
-670.19801980	0.00064467
-670.16501650	-0.00062384
-670.13201320	-0.00197680
-670.09900990	-0.00373289
-670.06600660	-0.00556115
-670.03300330	-0.00741897
-670.00000000	-0.00896190
-669.96699670	-0.01052307
-669.93399340	-0.01165859
-669.90099010	-0.01292944
-669.86798680	-0.01402970
-669.83498350	-0.01495185
-669.80198020	-0.01598314
-669.76897690	-0.01684367
-669.73597360	-0.01763405
-669.70297030	-0.01823677
-669.66996700	-0.01862024
-669.63696370	-0.01871458
-669.60396040	-0.01851461
-669.57095710	-0.01763429
-669.53795380	-0.01652044
-669.50495050	-0.01481255
-669.47194719	-0.01323486
-669.43894389	-0.01132119
-669.40594059	-0.00946529
-669.37293729	-0.00786220
-669.33993399	-0.00603910
-669.30693069	-0.00454866
-669.27392739	-0.00300614
-669.24092409	-0.00154420
-669.20792079	0.00005417
-669.17491749	0.00182220
-669.14191419	0.00355377
-669.10891089	0.00510086
-669.07590759	0.00680947
-669.04290429	0.00801423
-669.00990099	0.00911020
-668.97689769	0.00920576
-668.94389439	0.00903963
-668.91089109	0.00815117
-668.87788779	0.00659003
-668.84488449	0.00435230
-668.81188119	0.00198767
-668.77887789	-0.00077919
-668.74587459	-0.00332498
-668.71287129	-0.00579856
-668.67986799	-0.00784115
-668.64686469	-0.00933121
-668.61386139	-0.01025241
-668.58085809	-0.01064560
-668.54785479	-0.01041863
-668.51485149	-0.00968773
-668.48184818	-0.00858290
-668.44884488	-0.00729339
-668.41584158	-0.00622782
-668.38283828	-0.00544435
-668.34983498	-0.00512045
-668.31683168	-0.00541782
-668.28382838	-0.00637382
-668.25082508	-0.00768113
-668.21782178	-0.00941487
-668.18481848	-0.01106969
-668.15181518	-0.01255312
-668.11881188	-0.01409184
-668.08580858	-0.01501637
-668.05280528	-0.01553846
-668.01980198	-0.01547284
-667.98679868	-0.01500559
-667.95379538	-0.01403206
-667.92079208	-0.01278664
-667.88778878	-0.01139663
-667.85478548	-0.00999582
-667.82178218	-0.00873974
-667.78877888	-0.00760774
-667.75577558	-0.00680997
-667.72277228	-0.00641598
-667.68976898	-0.00613253
-667.65676568	-0.00609582
-667.62376238	-0.00622165
-667.59075908	-0.00632479
-667.55775578	-0.00631132
-667.52475248	-0.00585716
-667.49174917	-0.00519144
-667.45874587	-0.00382330
-667.42574257	-0.00190039
-667.39273927	0.00064798
-667.35973597	0.00401492
-667.32673267	0.00779644
-667.29372937	0.01170280
-667.26072607	0.01583861
-667.22772277	0.01950039
-667.19471947	0.02263392
-667.16171617	0.02480148
-667.12871287	0.02591743
-667.09570957	0.02600988
-667.06270627	0.02502140
-667.02970297	0.02276610
-666.99669967	0.01985509
-666.96369637	0.01630780
-666.93069307	0.01243477
-666.89768977	0.00845517
-666.86468647	0.00495152
-666.83168317	0.00191315
-666.79867987	-0.00033878
-666.76567657	-0.00202548
-666.73267327	-0.00306140
-666.69966997	-0.00348782
-666.66666667	-0.00397950
-666.63366337	-0.00421062
-666.60066007	-0.00472124
-666.56765677	-0.00550320
-666.53465347	-0.00644120
-666.50165017	-0.00733016
-666.46864686	-0.00819256
-666.43564356	-0.00864757
-666.40264026	-0.00852841
-666.36963696	-0.00766774
-666.33663366	-0.00595505
-666.30363036	-0.00349979
-666.27062706	-0.00037506
-666.23762376	0.00294011
-666.20462046	0.00654897
-666.17161716	0.00967529
-666.13861386	0.01234265
-666.10561056	0.01438614
-666.07260726	0.01546101
-666.03960396	0.01576036
-666.00660066	0.01559502
-665.97359736	0.01460868
-665.94059406	0.01345363
-665.90759076	0.01193255
-665.87458746	0.01042521
-665.84158416	0.00911453
-665.80858086	0.00764407
-665.77557756	0.00647880
-665.74257426	0.00546730
-665.70957096	0.00442659
-665.67656766	0.00364937
-665.64356436	0.00287632
-665.61056106	0.00215914
-665.57755776	0.00144052
-665.54455446	0.00048438
-665.51155116	-0.00058770
-665.47854785	-0.00159187
-665.44554455	-0.00291949
-665.41254125	-0.00437274
-665.37953795	-0.00576096
-665.34653465	-0.00716071
-665.31353135	-0.00849743
-665.28052805	-0.00965366
-665.24752475	-0.01061558
-665.21452145	-0.01130974
-665.18151815	-0.01150103
-665.14851485	-0.01106276
-665.11551155	-0.01023527
-665.08250825	-0.00869428
-665.04950495	-0.00665428
-665.01650165	-0.00442742
-664.98349835	-0.00209989
-664.95049505	0.00028786
-664.91749175	0.00236288
-664.88448845	0.00436159
-664.85148515	0.00629367
-664.81848185	0.00812723
-664.78547855	0.00980265
-664.75247525	0.01169209
-664.71947195	0.01330218
-664.68646865	0.01501804
-664.65346535	0.01649878
-664.62046205	0.01736949
-664.58745875	0.01789041
-664.55445545	0.01775523
-664.52145215	0.01709344
-664.48844884	0.01613357
-664.45544554	0.01495956
-664.42244224	0.01407260
-664.38943894	0.01307743
-664.35643564	0.01230633
-664.32343234	0.01174287
-664.29042904	0.01123048
-664.25742574	0.01086579
-664.22442244	0.01021334
-664.19141914	0.00926687
-664.15841584	0.00826212
-664.12541254	0.00708555
-664.09240924	0.00576211
-664.05940594	0.00458388
-664.02640264	0.00329666
-663.99339934	0.00209158
-663.96039604	0.00116695
-663.92739274	0.00010659
-663.89438944	-0.00093522
-663.86138614	-0.00213593
-663.82838284	-0.00317764
-663.79537954	-0.00405303
-663.76237624	-0.00480156
-663.72937294	-0.00555491
-663.69636964	-0.00595482
-663.66336634	-0.00609284
-663.63036304	-0.00604688
-663.59735974	-0.00572439
-663.56435644	-0.00521546
-663.53135314	-0.00428790
-663.49834983	-0.00326499
-663.46534653	-0.00201406
-663.43234323	-0.00076524
-663.39933993	0.00048778
-663.36633663	0.00129369
-663.33333333	0.00190616
-663.30033003	0.00192016
-663.26732673	0.00189968
-663.23432343	0.00148962
-663.20132013	0.00137583
-663.16831683	0.00159182
-663.13531353	0.00227787
-663.10231023	0.00358472
-663.06930693	0.00560301
-663.03630363	0.00820321
-663.00330033	0.01104050
-662.97029703	0.01382173
-662.93729373	0.01621857
-662.90429043	0.01787447
-662.87128713	0.01847845
-662.83828383	0.01787662
-662.80528053	0.01587591
-662.77227723	0.01302918
-662.73927393	0.00927440
-662.70627063	0.00510290
-662.67326733	0.00096227
-662.64026403	-0.00286047
-662.60726073	-0.00623554
-662.57425743	-0.00879576
-662.54125413	-0.01067638
-662.50825083	-0.01176669
-662.47524752	-0.01249372
-662.44224422	-0.01285432
-662.40924092	-0.01291165
-662.37623762	-0.01292243
-662.34323432	-0.01299160
-662.31023102	-0.01290531
-662.27722772	-0.01286745
-662.24422442	-0.01252488
-662.21122112	-0.01197230
-662.17821782	-0.01100252
-662.14521452	-0.00964557
-662.11221122	-0.00779461
-662.07920792	-0.00570727
-662.04620462	-0.00322900
-662.01320132	-0.00092879
-661.98019802	0.00132947
-661.94719472	0.00312904
-661.91419142	0.00444740
-661.88118812	0.00509847
-661.84818482	0.00519377
-661.81518152	0.00470228
-661.78217822	0.00386221
-661.74917492	0.00263245
-661.71617162	0.00138065
-661.68316832	0.00009297
-661.65016502	-0.00088890
-661.61716172	-0.00161714
-661.58415842	-0.00177962
-661.55115512	-0.00154427
-661.51815182	-0.00087207
-661.48514851	-0.00004686
-661.45214521	0.00085571
-661.41914191	0.00148572
-661.38613861	0.00211943
-661.35313531	0.00233021
-661.32013201	0.00211471
-661.28712871	0.00160260
-661.25412541	0.00080605
-661.22112211	0.00000244
-661.18811881	-0.00062869
-661.15511551	-0.00090190
-661.12211221	-0.00057054
-661.08910891	0.00018767
-661.05610561	0.00148240
-661.02310231	0.00310934
-660.99009901	0.00489396
-660.95709571	0.00665164
-660.92409241	0.00804734
-660.89108911	0.00909473
-660.85808581	0.00927844
-660.82508251	0.00887994
-660.79207921	0.00766014
-660.75907591	0.00568959
-660.72607261	0.00324406
-660.69306931	0.00042432
-660.66006601	-0.00254859
-660.62706271	-0.00528717
-660.59405941	-0.00777183
-660.56105611	-0.00987862
-660.52805281	-0.01138481
-660.49504950	-0.01244568
-660.46204620	-0.01284753
-660.42904290	-0.01282583
-660.39603960	-0.01208575
-660.36303630	-0.01083419
-660.33003300	-0.00909836
-660.29702970	-0.00709971
-660.26402640	-0.00480253
-660.23102310	-0.00227292
-660.19801980	0.00011721
-660.16501650	0.00193366
-660.13201320	0.00339778
-660.09900990	0.00404686
-660.06600660	0.00370484
-660.03300330	0.00281822
-660.00000000	0.00114094
