# Menlo Systems GmbH ScanControl
# Program Version 1.14.3
# Start: -740.00000000 ps, Average over 1000 waveforms. Timestamp: 2026-02-06T13:16:57
# User time axis shift: 0 ps
# Time axis offset: 0 ps
# Time [ps]	THz Signal [a.u.]
-740.00000000	-0.00019228
-739.96699670	-0.00016914
-739.93399340	-0.00016716
-739.90099010	-0.00017165
-739.86798680	-0.00009672
-739.83498350	-0.00019455
-739.80198020	-0.00010711
-739.76897690	-0.00013554
-739.73597360	-0.00017731
-739.70297030	-0.00016473
-739.66996700	-0.00015762
-739.63696370	-0.00013547
-739.60396040	-0.00008217
-739.57095710	-0.00008630
-739.53795380	-0.00006280
-739.50495050	-0.00010022
-739.47194719	-0.00001792
-739.43894389	-0.00000244
-739.40594059	-0.00001661
-739.37293729	0.00008416
-739.33993399	0.00011481
-739.30693069	0.00010060
-739.27392739	0.00017306
-739.24092409	0.00014880
-739.20792079	0.00016321
-739.17491749	0.00023675
-739.14191419	0.00032207
-739.10891089	0.00026273
-739.07590759	0.00030931
-739.04290429	0.00032222
-739.00990099	0.00047723
-738.97689769	0.00044108
-738.94389439	0.00039052
-738.91089109	0.00047636
-738.87788779	0.00060389
-738.84488449	0.00056749
-738.81188119	0.00056150
-738.77887789	0.00060230
-738.74587459	0.00062691
-738.71287129	0.00070952
-738.67986799	0.00080039
-738.64686469	0.00070878
-738.61386139	0.00080153
-738.58085809	0.00070716
-738.54785479	0.00082460
-738.51485149	0.00087636
-738.48184818	0.00084760
-738.44884488	0.00081837
-738.41584158	0.00087572
-738.38283828	0.00087242
-738.34983498	0.00093961
-738.31683168	0.00085662
-738.28382838	0.00090835
-738.25082508	0.00088601
-738.21782178	0.00086532
-738.18481848	0.00088160
-738.15181518	0.00084446
-738.11881188	0.00079553
-738.08580858	0.00084735
-738.05280528	0.00079841
-738.01980198	0.00081351
-737.98679868	0.00074625
-737.95379538	0.00078426
-737.92079208	0.00074686
-737.88778878	0.00064148
-737.85478548	0.00068961
-737.82178218	0.00069039
-737.78877888	0.00062754
-737.75577558	0.00064109
-737.72277228	0.00059966
-737.68976898	0.00060479
-737.65676568	0.00051435
-737.62376238	0.00053524
-737.59075908	0.00056123
-737.55775578	0.00058443
-737.52475248	0.00047724
-737.49174917	0.00043512
-737.45874587	0.00048447
-737.42574257	0.00041136
-737.39273927	0.00044038
-737.35973597	0.00036642
-737.32673267	0.00034714
-737.29372937	0.00043447
-737.26072607	0.00036426
-737.22772277	0.00036585
-737.19471947	0.00027974
-737.16171617	0.00023871
-737.12871287	0.00024005
-737.09570957	0.00029521
-737.06270627	0.00032414
-737.02970297	0.00039441
-736.99669967	0.00033587
-736.96369637	0.00035162
-736.93069307	0.00042566
-736.89768977	0.00042302
-736.86468647	0.00037290
-736.83168317	0.00045002
-736.79867987	0.00043336
-736.76567657	0.00054627
-736.73267327	0.00053152
-736.69966997	0.00049228
-736.66666667	0.00053511
-736.63366337	0.00061068
-736.60066007	0.00059212
-736.56765677	0.00057243
-736.53465347	0.00058689
-736.50165017	0.00065090
-736.46864686	0.00065309
-736.43564356	0.00055517
-736.40264026	0.00062378
-736.36963696	0.00067075
-736.33663366	0.00066004
-736.30363036	0.00066406
-736.27062706	0.00074697
-736.23762376	0.00066303
-736.20462046	0.00066992
-736.17161716	0.00073576
-736.13861386	0.00071420
-736.10561056	0.00080954
-736.07260726	0.00069640
-736.03960396	0.00065467
-736.00660066	0.00074265
-735.97359736	0.00068655
-735.94059406	0.00065839
-735.90759076	0.00072997
-735.87458746	0.00070802
-735.84158416	0.00068774
-735.80858086	0.00059453
-735.77557756	0.00059636
-735.74257426	0.00059915
-735.70957096	0.00063710
-735.67656766	0.00066452
-735.64356436	0.00055639
-735.61056106	0.00063473
-735.57755776	0.00061227
-735.54455446	0.00061530
-735.51155116	0.00063795
-735.47854785	0.00058772
-735.44554455	0.00062277
-735.41254125	0.00056412
-735.37953795	0.00052642
-735.34653465	0.00063522
-735.31353135	0.00056162
-735.28052805	0.00053050
-735.24752475	0.00055894
-735.21452145	0.00064367
-735.18151815	0.00057005
-735.14851485	0.00057718
-735.11551155	0.00058026
-735.08250825	0.00066034
-735.04950495	0.00059904
-735.01650165	0.00061154
-734.98349835	0.00055372
-734.95049505	0.00056671
-734.91749175	0.00065753
-734.88448845	0.00062383
-734.85148515	0.00066988
-734.81848185	0.00059540
-734.78547855	0.00048148
-734.75247525	0.00061641
-734.71947195	0.00065723
-734.68646865	0.00065457
-734.65346535	0.00063965
-734.62046205	0.00060178
-734.58745875	0.00071751
-734.55445545	0.00073479
-734.52145215	0.00071387
-734.48844884	0.00064731
-734.45544554	0.00071720
-734.42244224	0.00078646
-734.38943894	0.00076988
-734.35643564	0.00077304
-734.32343234	0.00085862
-734.29042904	0.00086975
-734.25742574	0.00094048
-734.22442244	0.00098241
-734.19141914	0.00100917
-734.15841584	0.00103822
-734.12541254	0.00106112
-734.09240924	0.00100554
-734.05940594	0.00113226
-734.02640264	0.00118057
-733.99339934	0.00118372
-733.96039604	0.00125783
-733.92739274	0.00127067
-733.89438944	0.00127940
-733.86138614	0.00134028
-733.82838284	0.00129258
-733.79537954	0.00132181
-733.76237624	0.00140244
-733.72937294	0.00131329
-733.69636964	0.00134340
-733.66336634	0.00123197
-733.63036304	0.00121717
-733.59735974	0.00121993
-733.56435644	0.00100858
-733.53135314	0.00090282
-733.49834983	0.00080417
-733.46534653	0.00068256
-733.43234323	0.00049220
-733.39933993	0.00026062
-733.36633663	0.00008371
-733.33333333	-0.00012049
-733.30033003	-0.00028472
-733.26732673	-0.00052280
-733.23432343	-0.00070023
-733.20132013	-0.00090302
-733.16831683	-0.00101558
-733.13531353	-0.00125660
-733.10231023	-0.00131688
-733.06930693	-0.00141272
-733.03630363	-0.00157224
-733.00330033	-0.00159109
-732.97029703	-0.00167719
-732.93729373	-0.00172118
-732.90429043	-0.00159908
-732.87128713	-0.00188568
-732.83828383	-0.00166381
-732.80528053	-0.00160013
-732.77227723	-0.00157137
-732.73927393	-0.00139134
-732.70627063	-0.00111850
-732.67326733	-0.00084620
-732.64026403	-0.00051012
-732.60726073	0.00001310
-732.57425743	0.00042221
-732.54125413	0.00082959
-732.50825083	0.00128261
-732.47524752	0.00183331
-732.44224422	0.00216104
-732.40924092	0.00245782
-732.37623762	0.00283240
-732.34323432	0.00280557
-732.31023102	0.00292729
-732.27722772	0.00286549
-732.24422442	0.00287211
-732.21122112	0.00256949
-732.17821782	0.00243719
-732.14521452	0.00220417
-732.11221122	0.00199490
-732.07920792	0.00178475
-732.04620462	0.00166753
-732.01320132	0.00145824
-731.98019802	0.00127578
-731.94719472	0.00130264
-731.91419142	0.00104495
-731.88118812	0.00092576
-731.84818482	0.00106257
-731.81518152	0.00093996
-731.78217822	0.00084759
-731.74917492	0.00086257
-731.71617162	0.00075624
-731.68316832	0.00077420
-731.65016502	0.00071350
-731.61716172	0.00077060
-731.58415842	0.00056351
-731.55115512	0.00064403
-731.51815182	0.00059029
-731.48514851	0.00047985
-731.45214521	0.00046867
-731.41914191	0.00061685
-731.38613861	0.00044265
-731.35313531	0.00043622
-731.32013201	0.00046237
-731.28712871	0.00029488
-731.25412541	0.00050209
-731.22112211	0.00042438
-731.18811881	0.00042421
-731.15511551	0.00044555
-731.12211221	0.00060279
-731.08910891	0.00040511
-731.05610561	0.00049023
-731.02310231	0.00061904
-730.99009901	0.00050331
-730.95709571	0.00061234
-730.92409241	0.00062595
-730.89108911	0.00063371
-730.85808581	0.00056376
-730.82508251	0.00061942
-730.79207921	0.00057473
-730.75907591	0.00060642
-730.72607261	0.00068816
-730.69306931	0.00057722
-730.66006601	0.00056007
-730.62706271	0.00064934
-730.59405941	0.00059232
-730.56105611	0.00076760
-730.52805281	0.00053068
-730.49504950	0.00075872
-730.46204620	0.00068587
-730.42904290	0.00068160
-730.39603960	0.00081764
-730.36303630	0.00067813
-730.33003300	0.00076648
-730.29702970	0.00069026
-730.26402640	0.00073961
-730.23102310	0.00069297
-730.19801980	0.00069159
-730.16501650	0.00070163
-730.13201320	0.00066646
-730.09900990	0.00068527
-730.06600660	0.00063335
-730.03300330	0.00066065
-730.00000000	0.00062356
-729.96699670	0.00068644
-729.93399340	0.00056064
-729.90099010	0.00062318
-729.86798680	0.00065545
-729.83498350	0.00064463
-729.80198020	0.00060038
-729.76897690	0.00067500
-729.73597360	0.00080215
-729.70297030	0.00066534
-729.66996700	0.00080684
-729.63696370	0.00086483
-729.60396040	0.00081394
-729.57095710	0.00093263
-729.53795380	0.00086796
-729.50495050	0.00105176
-729.47194719	0.00106282
-729.43894389	0.00105823
-729.40594059	0.00126977
-729.37293729	0.00111490
-729.33993399	0.00133267
-729.30693069	0.00134636
-729.27392739	0.00139493
-729.24092409	0.00150145
-729.20792079	0.00163294
-729.17491749	0.00164562
-729.14191419	0.00176517
-729.10891089	0.00179093
-729.07590759	0.00183568
-729.04290429	0.00187940
-729.00990099	0.00189041
-728.97689769	0.00180410
-728.94389439	0.00174550
-728.91089109	0.00139748
-728.87788779	0.00120910
-728.84488449	0.00069085
-728.81188119	0.00023202
-728.77887789	-0.00057111
-728.74587459	-0.00128698
-728.71287129	-0.00222873
-728.67986799	-0.00313341
-728.64686469	-0.00401875
-728.61386139	-0.00489199
-728.58085809	-0.00551332
-728.54785479	-0.00592017
-728.51485149	-0.00616610
-728.48184818	-0.00580811
-728.44884488	-0.00546560
-728.41584158	-0.00461707
-728.38283828	-0.00376703
-728.34983498	-0.00266946
-728.31683168	-0.00152369
-728.28382838	-0.00040157
-728.25082508	0.00050678
-728.21782178	0.00134287
-728.18481848	0.00197513
-728.15181518	0.00247563
-728.11881188	0.00272306
-728.08580858	0.00292592
-728.05280528	0.00291622
-728.01980198	0.00296450
-727.98679868	0.00280411
-727.95379538	0.00273753
-727.92079208	0.00253539
-727.88778878	0.00237951
-727.85478548	0.00224423
-727.82178218	0.00196658
-727.78877888	0.00194711
-727.75577558	0.00179491
-727.72277228	0.00158381
-727.68976898	0.00161241
-727.65676568	0.00141577
-727.62376238	0.00128148
-727.59075908	0.00122118
-727.55775578	0.00112916
-727.52475248	0.00111475
-727.49174917	0.00090507
-727.45874587	0.00104232
-727.42574257	0.00083534
-727.39273927	0.00079377
-727.35973597	0.00068490
-727.32673267	0.00061850
-727.29372937	0.00057403
-727.26072607	0.00033492
-727.22772277	0.00041294
-727.19471947	0.00026191
-727.16171617	0.00020917
-727.12871287	0.00016550
-727.09570957	0.00012816
-727.06270627	0.00016627
-727.02970297	0.00010981
-726.99669967	0.00014020
-726.96369637	0.00015302
-726.93069307	0.00019075
-726.89768977	0.00023081
-726.86468647	0.00025876
-726.83168317	0.00023243
-726.79867987	0.00035918
-726.76567657	0.00013862
-726.73267327	0.00030461
-726.69966997	0.00007742
-726.66666667	0.00020504
-726.63366337	0.00005900
-726.60066007	0.00014947
-726.56765677	-0.00000265
-726.53465347	0.00003663
-726.50165017	0.00007767
-726.46864686	0.00013967
-726.43564356	0.00003517
-726.40264026	0.00018270
-726.36963696	0.00020022
-726.33663366	0.00036939
-726.30363036	0.00027981
-726.27062706	0.00043441
-726.23762376	0.00029153
-726.20462046	0.00036792
-726.17161716	0.00024112
-726.13861386	0.00013449
-726.10561056	-0.00006752
-726.07260726	-0.00026295
-726.03960396	-0.00052195
-726.00660066	-0.00084974
-725.97359736	-0.00110346
-725.94059406	-0.00137623
-725.90759076	-0.00172293
-725.87458746	-0.00191544
-725.84158416	-0.00224687
-725.80858086	-0.00229987
-725.77557756	-0.00260087
-725.74257426	-0.00261580
-725.70957096	-0.00287842
-725.67656766	-0.00290923
-725.64356436	-0.00325660
-725.61056106	-0.00361495
-725.57755776	-0.00415253
-725.54455446	-0.00476464
-725.51155116	-0.00544940
-725.47854785	-0.00643042
-725.44554455	-0.00719565
-725.41254125	-0.00807110
-725.37953795	-0.00871994
-725.34653465	-0.00906611
-725.31353135	-0.00912645
-725.28052805	-0.00865098
-725.24752475	-0.00779562
-725.21452145	-0.00651190
-725.18151815	-0.00473356
-725.14851485	-0.00274996
-725.11551155	-0.00073897
-725.08250825	0.00111905
-725.04950495	0.00292944
-725.01650165	0.00419062
-724.98349835	0.00499969
-724.95049505	0.00532378
-724.91749175	0.00546863
-724.88448845	0.00512102
-724.85148515	0.00483267
-724.81848185	0.00442857
-724.78547855	0.00435774
-724.75247525	0.00434175
-724.71947195	0.00451359
-724.68646865	0.00483197
-724.65346535	0.00526280
-724.62046205	0.00570052
-724.58745875	0.00604555
-724.55445545	0.00611630
-724.52145215	0.00621954
-724.48844884	0.00596546
-724.45544554	0.00539980
-724.42244224	0.00476948
-724.38943894	0.00386999
-724.35643564	0.00284008
-724.32343234	0.00173763
-724.29042904	0.00058151
-724.25742574	-0.00041274
-724.22442244	-0.00150808
-724.19141914	-0.00237102
-724.15841584	-0.00337773
-724.12541254	-0.00402984
-724.09240924	-0.00497414
-724.05940594	-0.00572588
-724.02640264	-0.00655579
-723.99339934	-0.00786021
-723.96039604	-0.00885197
-723.92739274	-0.01069612
-723.89438944	-0.01231139
-723.86138614	-0.01446863
-723.82838284	-0.01683015
-723.79537954	-0.01910016
-723.76237624	-0.02138273
-723.72937294	-0.02321652
-723.69636964	-0.02446403
-723.66336634	-0.02490111
-723.63036304	-0.02436314
-723.59735974	-0.02265067
-723.56435644	-0.01991298
-723.53135314	-0.01610690
-723.49834983	-0.01176707
-723.46534653	-0.00698722
-723.43234323	-0.00227665
-723.39933993	0.00191883
-723.36633663	0.00521924
-723.33333333	0.00756366
-723.30033003	0.00887751
-723.26732673	0.00901949
-723.23432343	0.00857960
-723.20132013	0.00741449
-723.16831683	0.00616299
-723.13531353	0.00492147
-723.10231023	0.00364836
-723.06930693	0.00282046
-723.03630363	0.00199113
-723.00330033	0.00180519
-722.97029703	0.00141578
-722.93729373	0.00156187
-722.90429043	0.00182524
-722.87128713	0.00220125
-722.83828383	0.00287070
-722.80528053	0.00356225
-722.77227723	0.00445067
-722.73927393	0.00539813
-722.70627063	0.00641338
-722.67326733	0.00762610
-722.64026403	0.00888609
-722.60726073	0.01043922
-722.57425743	0.01206816
-722.54125413	0.01399618
-722.50825083	0.01608926
-722.47524752	0.01848420
-722.44224422	0.02106949
-722.40924092	0.02401524
-722.37623762	0.02741255
-722.34323432	0.03109394
-722.31023102	0.03544360
-722.27722772	0.04034460
-722.24422442	0.04580971
-722.21122112	0.05187651
-722.17821782	0.05868943
-722.14521452	0.06598858
-722.11221122	0.07390646
-722.07920792	0.08237744
-722.04620462	0.09101843
-722.01320132	0.10024573
-721.98019802	0.10940198
-721.94719472	0.11879959
-721.91419142	0.12822352
-721.88118812	0.13743859
-721.84818482	0.14665235
-721.81518152	0.15604441
-721.78217822	0.16549048
-721.74917492	0.17527780
-721.71617162	0.18590249
-721.68316832	0.19765425
-721.65016502	0.21084865
-721.61716172	0.22595750
-721.58415842	0.24334993
-721.55115512	0.26364112
-721.51815182	0.28682932
-721.48514851	0.31317213
-721.45214521	0.34263308
-721.41914191	0.37467174
-721.38613861	0.40903831
-721.35313531	0.44438103
-721.32013201	0.47969619
-721.28712871	0.51330915
-721.25412541	0.54343321
-721.22112211	0.56769510
-721.18811881	0.58442590
-721.15511551	0.59061129
-721.12211221	0.58490092
-721.08910891	0.56524017
-721.05610561	0.53089612
-721.02310231	0.48127353
-720.99009901	0.41740660
-720.95709571	0.34015622
-720.92409241	0.25232125
-720.89108911	0.15673921
-720.85808581	0.05665522
-720.82508251	-0.04479103
-720.79207921	-0.14515307
-720.75907591	-0.24315827
-720.72607261	-0.33913976
-720.69306931	-0.43533465
-720.66006601	-0.53589502
-720.62706271	-0.64659048
-720.59405941	-0.77387816
-720.56105611	-0.92373975
-720.52805281	-1.10109235
-720.49504950	-1.30753405
-720.46204620	-1.54082544
-720.42904290	-1.79383877
-720.39603960	-2.05295276
-720.36303630	-2.29980682
-720.33003300	-2.51104438
-720.29702970	-2.66200221
-720.26402640	-2.72906015
-720.23102310	-2.69225769
-720.19801980	-2.53905330
-720.16501650	-2.26740767
-720.13201320	-1.88547553
-720.09900990	-1.41529751
-720.06600660	-0.88794839
-720.03300330	-0.34163001
-720.00000000	0.18469653
-719.96699670	0.65613077
-719.93399340	1.04692879
-719.90099010	1.34380242
-719.86798680	1.54559048
-719.83498350	1.66085634
-719.80198020	1.70428528
-719.76897690	1.69248094
-719.73597360	1.64050202
-719.70297030	1.56079962
-719.66996700	1.46292890
-719.63696370	1.35381712
-719.60396040	1.23911925
-719.57095710	1.12418431
-719.53795380	1.01353700
-719.50495050	0.90971778
-719.47194719	0.81448562
-719.43894389	0.72648067
-719.40594059	0.64507182
-719.37293729	0.56824281
-719.33993399	0.49650570
-719.30693069	0.43023685
-719.27392739	0.37114782
-719.24092409	0.31975314
-719.20792079	0.27550842
-719.17491749	0.23590070
-719.14191419	0.19863241
-719.10891089	0.16130060
-719.07590759	0.12296950
-719.04290429	0.08413474
-719.00990099	0.04625026
-718.97689769	0.01073988
-718.94389439	-0.02109047
-718.91089109	-0.04825889
-718.87788779	-0.06945946
-718.84488449	-0.08397649
-718.81188119	-0.09119064
-718.77887789	-0.09021284
-718.74587459	-0.08200795
-718.71287129	-0.06749291
-718.67986799	-0.04854978
-718.64686469	-0.02744461
-718.61386139	-0.00569335
-718.58085809	0.01407308
-718.54785479	0.03066720
-718.51485149	0.04246266
-718.48184818	0.04839510
-718.44884488	0.04861795
-718.41584158	0.04374328
-718.38283828	0.03507289
-718.34983498	0.02433626
-718.31683168	0.01270141
-718.28382838	0.00152096
-718.25082508	-0.00845663
-718.21782178	-0.01634817
-718.18481848	-0.02171570
-718.15181518	-0.02432144
-718.11881188	-0.02397006
-718.08580858	-0.02121420
-718.05280528	-0.01624442
-718.01980198	-0.01018759
-717.98679868	-0.00401699
-717.95379538	0.00140357
-717.92079208	0.00495367
-717.88778878	0.00628671
-717.85478548	0.00510409
-717.82178218	0.00153953
-717.78877888	-0.00355958
-717.75577558	-0.00994944
-717.72277228	-0.01635367
-717.68976898	-0.02265384
-717.65676568	-0.02819091
-717.62376238	-0.03306400
-717.59075908	-0.03727148
-717.55775578	-0.04081290
-717.52475248	-0.04392699
-717.49174917	-0.04599891
-717.45874587	-0.04703230
-717.42574257	-0.04642324
-717.39273927	-0.04467433
-717.35973597	-0.04173781
-717.32673267	-0.03805594
-717.29372937	-0.03447777
-717.26072607	-0.03094063
-717.22772277	-0.02790409
-717.19471947	-0.02568500
-717.16171617	-0.02400898
-717.12871287	-0.02287606
-717.09570957	-0.02185125
-717.06270627	-0.02035654
-717.02970297	-0.01762900
-716.99669967	-0.01286415
-716.96369637	-0.00537402
-716.93069307	0.00436015
-716.89768977	0.01594849
-716.86468647	0.02838147
-716.83168317	0.04048379
-716.79867987	0.05099920
-716.76567657	0.05919332
-716.73267327	0.06474068
-716.69966997	0.06734415
-716.66666667	0.06700318
-716.63366337	0.06370203
-716.60066007	0.05723478
-716.56765677	0.04806029
-716.53465347	0.03614155
-716.50165017	0.02218353
-716.46864686	0.00698024
-716.43564356	-0.00856771
-716.40264026	-0.02311017
-716.36963696	-0.03560622
-716.33663366	-0.04481176
-716.30363036	-0.05009710
-716.27062706	-0.05110036
-716.23762376	-0.04804519
-716.20462046	-0.04192129
-716.17161716	-0.03381805
-716.13861386	-0.02504893
-716.10561056	-0.01695991
-716.07260726	-0.01065937
-716.03960396	-0.00663839
-716.00660066	-0.00554972
-715.97359736	-0.00706381
-715.94059406	-0.01111812
-715.90759076	-0.01680611
-715.87458746	-0.02326414
-715.84158416	-0.02926470
-715.80858086	-0.03400712
-715.77557756	-0.03692627
-715.74257426	-0.03742648
-715.70957096	-0.03616279
-715.67656766	-0.03308249
-715.64356436	-0.02882247
-715.61056106	-0.02365874
-715.57755776	-0.01826386
-715.54455446	-0.01301990
-715.51155116	-0.00846142
-715.47854785	-0.00466861
-715.44554455	-0.00198224
-715.41254125	-0.00006401
-715.37953795	0.00107697
-715.34653465	0.00190628
-715.31353135	0.00221900
-715.28052805	0.00210781
-715.24752475	0.00141719
-715.21452145	0.00021574
-715.18151815	-0.00162534
-715.14851485	-0.00381343
-715.11551155	-0.00633165
-715.08250825	-0.00844249
-715.04950495	-0.00985335
-715.01650165	-0.01040127
-714.98349835	-0.00942060
-714.95049505	-0.00749881
-714.91749175	-0.00498107
-714.88448845	-0.00241057
-714.85148515	-0.00143077
-714.81848185	-0.00234387
-714.78547855	-0.00626062
-714.75247525	-0.01267071
-714.71947195	-0.02059345
-714.68646865	-0.02910566
-714.65346535	-0.03676534
-714.62046205	-0.04262706
-714.58745875	-0.04617394
-714.55445545	-0.04718612
-714.52145215	-0.04626089
-714.48844884	-0.04378843
-714.45544554	-0.04043727
-714.42244224	-0.03668984
-714.38943894	-0.03293244
-714.35643564	-0.02944702
-714.32343234	-0.02639909
-714.29042904	-0.02397941
-714.25742574	-0.02229488
-714.22442244	-0.02101747
-714.19141914	-0.02065164
-714.15841584	-0.02072844
-714.12541254	-0.02107768
-714.09240924	-0.02197872
-714.05940594	-0.02261416
-714.02640264	-0.02280460
-713.99339934	-0.02207646
-713.96039604	-0.01961452
-713.92739274	-0.01547825
-713.89438944	-0.00966217
-713.86138614	-0.00279498
-713.82838284	0.00416164
-713.79537954	0.01011212
-713.76237624	0.01406040
-713.72937294	0.01578265
-713.69636964	0.01537825
-713.66336634	0.01353649
-713.63036304	0.01136677
-713.59735974	0.00926023
-713.56435644	0.00783384
-713.53135314	0.00733775
-713.49834983	0.00741902
-713.46534653	0.00809501
-713.43234323	0.00958369
-713.39933993	0.01135574
-713.36633663	0.01394462
-713.33333333	0.01700511
-713.30033003	0.02003845
-713.26732673	0.02285740
-713.23432343	0.02515300
-713.20132013	0.02685274
-713.16831683	0.02811456
-713.13531353	0.02903461
-713.10231023	0.02947322
-713.06930693	0.02935672
-713.03630363	0.02841322
-713.00330033	0.02576588
-712.97029703	0.02129089
-712.93729373	0.01477916
-712.90429043	0.00641622
-712.87128713	-0.00292192
-712.83828383	-0.01276100
-712.80528053	-0.02189565
-712.77227723	-0.02960661
-712.73927393	-0.03577213
-712.70627063	-0.04003129
-712.67326733	-0.04297682
-712.64026403	-0.04525948
-712.60726073	-0.04738747
-712.57425743	-0.04976230
-712.54125413	-0.05317726
-712.50825083	-0.05722860
-712.47524752	-0.06169066
-712.44224422	-0.06577527
-712.40924092	-0.06885339
-712.37623762	-0.06958911
-712.34323432	-0.06781444
-712.31023102	-0.06292137
-712.27722772	-0.05519291
-712.24422442	-0.04536812
-712.21122112	-0.03395477
-712.17821782	-0.02251105
-712.14521452	-0.01113663
-712.11221122	-0.00057175
-712.07920792	0.00910352
-712.04620462	0.01817687
-712.01320132	0.02676425
-711.98019802	0.03441130
-711.94719472	0.04120367
-711.91419142	0.04623672
-711.88118812	0.04917489
-711.84818482	0.04970335
-711.81518152	0.04796938
-711.78217822	0.04457130
-711.74917492	0.04003975
-711.71617162	0.03533177
-711.68316832	0.03131471
-711.65016502	0.02856549
-711.61716172	0.02756423
-711.58415842	0.02819990
-711.55115512	0.03038670
-711.51815182	0.03368323
-711.48514851	0.03730339
-711.45214521	0.04073817
-711.41914191	0.04346756
-711.38613861	0.04505327
-711.35313531	0.04565053
-711.32013201	0.04527272
-711.28712871	0.04372443
-711.25412541	0.04136610
-711.22112211	0.03774312
-711.18811881	0.03283051
-711.15511551	0.02644877
-711.12211221	0.01888384
-711.08910891	0.01037075
-711.05610561	0.00156435
-711.02310231	-0.00675224
-710.99009901	-0.01381488
-710.95709571	-0.01924761
-710.92409241	-0.02271941
-710.89108911	-0.02475668
-710.85808581	-0.02535707
-710.82508251	-0.02535694
-710.79207921	-0.02529239
-710.75907591	-0.02527775
-710.72607261	-0.02547924
-710.69306931	-0.02580019
-710.66006601	-0.02599065
-710.62706271	-0.02571845
-710.59405941	-0.02518701
-710.56105611	-0.02420989
-710.52805281	-0.02307111
-710.49504950	-0.02178096
-710.46204620	-0.02052555
-710.42904290	-0.01958737
-710.39603960	-0.01881486
-710.36303630	-0.01809967
-710.33003300	-0.01731250
-710.29702970	-0.01594190
-710.26402640	-0.01412347
-710.23102310	-0.01180916
-710.19801980	-0.00898321
-710.16501650	-0.00612414
-710.13201320	-0.00331953
-710.09900990	-0.00117442
-710.06600660	0.00022512
-710.03300330	0.00064111
-710.00000000	-0.00024169
-709.96699670	-0.00225370
-709.93399340	-0.00513546
-709.90099010	-0.00846616
-709.86798680	-0.01114817
-709.83498350	-0.01265725
-709.80198020	-0.01259099
-709.76897690	-0.01086907
-709.73597360	-0.00743551
-709.70297030	-0.00318048
-709.66996700	0.00120617
-709.63696370	0.00531769
-709.60396040	0.00878310
-709.57095710	0.01119160
-709.53795380	0.01268084
-709.50495050	0.01343590
-709.47194719	0.01353091
-709.43894389	0.01366556
-709.40594059	0.01359227
-709.37293729	0.01401864
-709.33993399	0.01448142
-709.30693069	0.01498768
-709.27392739	0.01564696
-709.24092409	0.01590792
-709.20792079	0.01593822
-709.17491749	0.01596334
-709.14191419	0.01605606
-709.10891089	0.01650137
-709.07590759	0.01728646
-709.04290429	0.01828451
-709.00990099	0.01971060
-708.97689769	0.02143818
-708.94389439	0.02331775
-708.91089109	0.02518947
-708.87788779	0.02727652
-708.84488449	0.02920534
-708.81188119	0.03079500
-708.77887789	0.03221643
-708.74587459	0.03309207
-708.71287129	0.03347869
-708.67986799	0.03344992
-708.64686469	0.03346741
-708.61386139	0.03366078
-708.58085809	0.03473061
-708.54785479	0.03679676
-708.51485149	0.04003738
-708.48184818	0.04430635
-708.44884488	0.04905828
-708.41584158	0.05381743
-708.38283828	0.05823083
-708.34983498	0.06159217
-708.31683168	0.06338005
-708.28382838	0.06327115
-708.25082508	0.06127513
-708.21782178	0.05687249
-708.18481848	0.05046424
-708.15181518	0.04193012
-708.11881188	0.03146608
-708.08580858	0.01970911
-708.05280528	0.00617128
-708.01980198	-0.00857297
-707.98679868	-0.02426352
-707.95379538	-0.04078213
-707.92079208	-0.05743903
-707.88778878	-0.07381018
-707.85478548	-0.08942763
-707.82178218	-0.10399634
-707.78877888	-0.11782056
-707.75577558	-0.13066934
-707.72277228	-0.14330248
-707.68976898	-0.15564915
-707.65676568	-0.16788543
-707.62376238	-0.17965735
-707.59075908	-0.19053350
-707.55775578	-0.19981157
-707.52475248	-0.20629837
-707.49174917	-0.20893242
-707.45874587	-0.20655053
-707.42574257	-0.19808587
-707.39273927	-0.18301699
-707.35973597	-0.16121539
-707.32673267	-0.13325592
-707.29372937	-0.10075418
-707.26072607	-0.06524423
-707.22772277	-0.02883656
-707.19471947	0.00665316
-707.16171617	0.03993402
-707.12871287	0.06961026
-707.09570957	0.09509736
-707.06270627	0.11627138
-707.02970297	0.13270886
-706.99669967	0.14432400
-706.96369637	0.15105534
-706.93069307	0.15326781
-706.89768977	0.15132453
-706.86468647	0.14542986
-706.83168317	0.13688392
-706.79867987	0.12629795
-706.76567657	0.11480074
-706.73267327	0.10320809
-706.69966997	0.09245112
-706.66666667	0.08255300
-706.63366337	0.07445048
-706.60066007	0.06789162
-706.56765677	0.06283153
-706.53465347	0.05927075
-706.50165017	0.05630631
-706.46864686	0.05363368
-706.43564356	0.05072546
-706.40264026	0.04702239
-706.36963696	0.04245258
-706.33663366	0.03704679
-706.30363036	0.03072649
-706.27062706	0.02398823
-706.23762376	0.01696638
-706.20462046	0.00963850
-706.17161716	0.00264198
-706.13861386	-0.00395148
-706.10561056	-0.00964027
-706.07260726	-0.01362632
-706.03960396	-0.01545751
-706.00660066	-0.01495809
-705.97359736	-0.01191979
-705.94059406	-0.00686862
-705.90759076	0.00018809
-705.87458746	0.00773307
-705.84158416	0.01526165
-705.80858086	0.02219159
-705.77557756	0.02714577
-705.74257426	0.03017981
-705.70957096	0.03087947
-705.67656766	0.02860768
-705.64356436	0.02395989
-705.61056106	0.01719529
-705.57755776	0.00883831
-705.54455446	-0.00007801
-705.51155116	-0.00859378
-705.47854785	-0.01544597
-705.44554455	-0.02066491
-705.41254125	-0.02343631
-705.37953795	-0.02406895
-705.34653465	-0.02337867
-705.31353135	-0.02131799
-705.28052805	-0.01872828
-705.24752475	-0.01587938
-705.21452145	-0.01321718
-705.18151815	-0.01093417
-705.14851485	-0.00956091
-705.11551155	-0.00965160
-705.08250825	-0.01069224
-705.04950495	-0.01290588
-705.01650165	-0.01592419
-704.98349835	-0.01877223
-704.95049505	-0.02063649
-704.91749175	-0.02085738
-704.88448845	-0.01929932
-704.85148515	-0.01541183
-704.81848185	-0.00957639
-704.78547855	-0.00198853
-704.75247525	0.00657761
-704.71947195	0.01480705
-704.68646865	0.02197528
-704.65346535	0.02726284
-704.62046205	0.02955027
-704.58745875	0.02890072
-704.55445545	0.02542111
-704.52145215	0.01924997
-704.48844884	0.01144363
-704.45544554	0.00291792
-704.42244224	-0.00536127
-704.38943894	-0.01250837
-704.35643564	-0.01802546
-704.32343234	-0.02158598
-704.29042904	-0.02292896
-704.25742574	-0.02239778
-704.22442244	-0.01991890
-704.19141914	-0.01528685
-704.15841584	-0.00885634
-704.12541254	-0.00040449
-704.09240924	0.00953339
-704.05940594	0.02001262
-704.02640264	0.02984267
-703.99339934	0.03779062
-703.96039604	0.04215345
-703.92739274	0.04232811
-703.89438944	0.03806448
-703.86138614	0.02976165
-703.82838284	0.01855672
-703.79537954	0.00604732
-703.76237624	-0.00637393
-703.72937294	-0.01728459
-703.69636964	-0.02550136
-703.66336634	-0.03077748
-703.63036304	-0.03304579
-703.59735974	-0.03275043
-703.56435644	-0.03038361
-703.53135314	-0.02706966
-703.49834983	-0.02330630
-703.46534653	-0.01966870
-703.43234323	-0.01668492
-703.39933993	-0.01407611
-703.36633663	-0.01200894
-703.33333333	-0.01037670
-703.30033003	-0.00850108
-703.26732673	-0.00649418
-703.23432343	-0.00458789
-703.20132013	-0.00247337
-703.16831683	-0.00069928
-703.13531353	0.00067324
-703.10231023	0.00185465
-703.06930693	0.00283155
-703.03630363	0.00398390
-703.00330033	0.00527746
-702.97029703	0.00635310
-702.93729373	0.00747167
-702.90429043	0.00840603
-702.87128713	0.00868980
-702.83828383	0.00848775
-702.80528053	0.00775933
-702.77227723	0.00624984
-702.73927393	0.00425449
-702.70627063	0.00149467
-702.67326733	-0.00172307
-702.64026403	-0.00528239
-702.60726073	-0.00928178
-702.57425743	-0.01295089
-702.54125413	-0.01625559
-702.50825083	-0.01882415
-702.47524752	-0.01996284
-702.44224422	-0.01954016
-702.40924092	-0.01746169
-702.37623762	-0.01334130
-702.34323432	-0.00747425
-702.31023102	-0.00062283
-702.27722772	0.00673510
-702.24422442	0.01350567
-702.21122112	0.01900358
-702.17821782	0.02260302
-702.14521452	0.02389366
-702.11221122	0.02295233
-702.07920792	0.01960048
-702.04620462	0.01441843
-702.01320132	0.00796880
-701.98019802	0.00054299
-701.94719472	-0.00698130
-701.91419142	-0.01369485
-701.88118812	-0.01930833
-701.84818482	-0.02298640
-701.81518152	-0.02433345
-701.78217822	-0.02359807
-701.74917492	-0.02083778
-701.71617162	-0.01683436
-701.68316832	-0.01216788
-701.65016502	-0.00734906
-701.61716172	-0.00322337
-701.58415842	-0.00042643
-701.55115512	0.00107416
-701.51815182	0.00100887
-701.48514851	-0.00052277
-701.45214521	-0.00288761
-701.41914191	-0.00556274
-701.38613861	-0.00801198
-701.35313531	-0.00928529
-701.32013201	-0.00950131
-701.28712871	-0.00842363
-701.25412541	-0.00604651
-701.22112211	-0.00279739
-701.18811881	0.00092525
-701.15511551	0.00471376
-701.12211221	0.00841208
-701.08910891	0.01167193
-701.05610561	0.01421210
-701.02310231	0.01590887
-700.99009901	0.01635467
-700.95709571	0.01495994
-700.92409241	0.01197490
-700.89108911	0.00730339
-700.85808581	0.00134042
-700.82508251	-0.00489981
-700.79207921	-0.01088120
-700.75907591	-0.01528925
-700.72607261	-0.01750410
-700.69306931	-0.01733211
-700.66006601	-0.01461132
-700.62706271	-0.00958797
-700.59405941	-0.00285291
-700.56105611	0.00523063
-700.52805281	0.01432263
-700.49504950	0.02340980
-700.46204620	0.03164528
-700.42904290	0.03840807
-700.39603960	0.04240520
-700.36303630	0.04299223
-700.33003300	0.03999591
-700.29702970	0.03346188
-700.26402640	0.02414061
-700.23102310	0.01349864
-700.19801980	0.00243323
-700.16501650	-0.00787424
-700.13201320	-0.01598634
-700.09900990	-0.02180245
-700.06600660	-0.02497385
-700.03300330	-0.02519178
-700.00000000	-0.02321094
-699.96699670	-0.01965812
-699.93399340	-0.01497295
-699.90099010	-0.00993056
-699.86798680	-0.00538320
-699.83498350	-0.00176023
-699.80198020	0.00041457
-699.76897690	0.00110501
-699.73597360	0.00035006
-699.70297030	-0.00164757
-699.66996700	-0.00449418
-699.63696370	-0.00782398
-699.60396040	-0.01113741
-699.57095710	-0.01389131
-699.53795380	-0.01565634
-699.50495050	-0.01612256
-699.47194719	-0.01468776
-699.43894389	-0.01167536
-699.40594059	-0.00744976
-699.37293729	-0.00229213
-699.33993399	0.00229320
-699.30693069	0.00612949
-699.27392739	0.00837607
-699.24092409	0.00894854
-699.20792079	0.00825293
-699.17491749	0.00655851
-699.14191419	0.00438994
-699.10891089	0.00240019
-699.07590759	0.00065570
-699.04290429	-0.00031246
-699.00990099	-0.00111654
-698.97689769	-0.00153287
-698.94389439	-0.00175058
-698.91089109	-0.00196620
-698.87788779	-0.00195586
-698.84488449	-0.00164427
-698.81188119	-0.00072434
-698.77887789	0.00096553
-698.74587459	0.00356304
-698.71287129	0.00646793
-698.67986799	0.00955972
-698.64686469	0.01214422
-698.61386139	0.01340834
-698.58085809	0.01305425
-698.54785479	0.01087188
-698.51485149	0.00686943
-698.48184818	0.00170178
-698.44884488	-0.00401114
-698.41584158	-0.00935496
-698.38283828	-0.01338758
-698.34983498	-0.01576745
-698.31683168	-0.01616945
-698.28382838	-0.01448415
-698.25082508	-0.01137976
-698.21782178	-0.00773117
-698.18481848	-0.00410164
-698.15181518	-0.00098595
-698.11881188	0.00136623
-698.08580858	0.00275532
-698.05280528	0.00345373
-698.01980198	0.00337833
-697.98679868	0.00271562
-697.95379538	0.00136496
-697.92079208	-0.00066883
-697.88778878	-0.00311645
-697.85478548	-0.00574561
-697.82178218	-0.00807256
-697.78877888	-0.00946490
-697.75577558	-0.00998858
-697.72277228	-0.00914629
-697.68976898	-0.00694150
-697.65676568	-0.00379208
-697.62376238	0.00005036
-697.59075908	0.00416887
-697.55775578	0.00773238
-697.52475248	0.01044435
-697.49174917	0.01193483
-697.45874587	0.01208110
-697.42574257	0.01076776
-697.39273927	0.00853674
-697.35973597	0.00563796
-697.32673267	0.00245533
-697.29372937	-0.00042148
-697.26072607	-0.00283504
-697.22772277	-0.00489812
-697.19471947	-0.00594701
-697.16171617	-0.00626096
-697.12871287	-0.00593780
-697.09570957	-0.00459337
-697.06270627	-0.00259818
-697.02970297	0.00015690
-696.99669967	0.00356427
-696.96369637	0.00723395
-696.93069307	0.01091094
-696.89768977	0.01423099
-696.86468647	0.01666651
-696.83168317	0.01785698
-696.79867987	0.01749366
-696.76567657	0.01547784
-696.73267327	0.01204789
-696.69966997	0.00731550
-696.66666667	0.00160247
-696.63366337	-0.00442804
-696.60066007	-0.01008183
-696.56765677	-0.01454475
-696.53465347	-0.01736342
-696.50165017	-0.01802668
-696.46864686	-0.01642944
-696.43564356	-0.01275395
-696.40264026	-0.00761667
-696.36963696	-0.00166583
-696.33663366	0.00422158
-696.30363036	0.00907712
-696.27062706	0.01245922
-696.23762376	0.01346873
-696.20462046	0.01236121
-696.17161716	0.00932046
-696.13861386	0.00480300
-696.10561056	-0.00025067
-696.07260726	-0.00512051
-696.03960396	-0.00916870
-696.00660066	-0.01213840
-695.97359736	-0.01371233
-695.94059406	-0.01446746
-695.90759076	-0.01440791
-695.87458746	-0.01345900
-695.84158416	-0.01193390
-695.80858086	-0.00972883
-695.77557756	-0.00672215
-695.74257426	-0.00346369
-695.70957096	0.00020347
-695.67656766	0.00377001
-695.64356436	0.00673965
-695.61056106	0.00876557
-695.57755776	0.00974371
-695.54455446	0.00930489
-695.51155116	0.00783505
-695.47854785	0.00578723
-695.44554455	0.00410135
-695.41254125	0.00271407
-695.37953795	0.00282224
-695.34653465	0.00409832
-695.31353135	0.00627608
-695.28052805	0.00929065
-695.24752475	0.01220965
-695.21452145	0.01431090
-695.18151815	0.01504901
-695.14851485	0.01432210
-695.11551155	0.01175564
-695.08250825	0.00775330
-695.04950495	0.00274518
-695.01650165	-0.00291712
-694.98349835	-0.00878966
-694.95049505	-0.01405012
-694.91749175	-0.01900666
-694.88448845	-0.02291516
-694.85148515	-0.02553568
-694.81848185	-0.02675651
-694.78547855	-0.02601752
-694.75247525	-0.02355069
-694.71947195	-0.01945822
-694.68646865	-0.01441074
-694.65346535	-0.00921214
-694.62046205	-0.00462995
-694.58745875	-0.00139730
-694.55445545	0.00013215
-694.52145215	0.00011184
-694.48844884	-0.00125841
-694.45544554	-0.00295833
-694.42244224	-0.00484008
-694.38943894	-0.00623220
-694.35643564	-0.00665079
-694.32343234	-0.00631739
-694.29042904	-0.00535066
-694.25742574	-0.00355206
-694.22442244	-0.00145745
-694.19141914	0.00085908
-694.15841584	0.00354492
-694.12541254	0.00637550
-694.09240924	0.00919970
-694.05940594	0.01228195
-694.02640264	0.01503418
-693.99339934	0.01781164
-693.96039604	0.02016022
-693.92739274	0.02182267
-693.89438944	0.02281870
-693.86138614	0.02299737
-693.82838284	0.02211437
-693.79537954	0.02045633
-693.76237624	0.01823220
-693.72937294	0.01548554
-693.69636964	0.01273526
-693.66336634	0.01034280
-693.63036304	0.00857755
-693.59735974	0.00735921
-693.56435644	0.00702725
-693.53135314	0.00731721
-693.49834983	0.00808935
-693.46534653	0.00934386
-693.43234323	0.01070250
-693.39933993	0.01189439
-693.36633663	0.01259919
-693.33333333	0.01244789
-693.30033003	0.01118210
-693.26732673	0.00882305
-693.23432343	0.00570008
-693.20132013	0.00213548
-693.16831683	-0.00139993
-693.13531353	-0.00424941
-693.10231023	-0.00598248
-693.06930693	-0.00634136
-693.03630363	-0.00520589
-693.00330033	-0.00307742
-692.97029703	-0.00000719
-692.93729373	0.00332211
-692.90429043	0.00649972
-692.87128713	0.00914329
-692.83828383	0.01083742
-692.80528053	0.01161431
-692.77227723	0.01145080
-692.73927393	0.01039751
-692.70627063	0.00861817
-692.67326733	0.00666560
-692.64026403	0.00434364
-692.60726073	0.00208696
-692.57425743	-0.00014654
-692.54125413	-0.00221014
-692.50825083	-0.00401940
-692.47524752	-0.00562476
-692.44224422	-0.00689842
-692.40924092	-0.00822748
-692.37623762	-0.00893103
-692.34323432	-0.00932180
-692.31023102	-0.00935720
-692.27722772	-0.00836669
-692.24422442	-0.00693322
-692.21122112	-0.00485858
-692.17821782	-0.00225700
-692.14521452	0.00067617
-692.11221122	0.00375276
-692.07920792	0.00704064
-692.04620462	0.01002635
-692.01320132	0.01285963
-691.98019802	0.01511826
-691.94719472	0.01671289
-691.91419142	0.01751984
-691.88118812	0.01731565
-691.84818482	0.01610387
-691.81518152	0.01434285
-691.78217822	0.01177250
-691.74917492	0.00869857
-691.71617162	0.00554867
-691.68316832	0.00205898
-691.65016502	-0.00116183
-691.61716172	-0.00398803
-691.58415842	-0.00612374
-691.55115512	-0.00734117
-691.51815182	-0.00769245
-691.48514851	-0.00699375
-691.45214521	-0.00566614
-691.41914191	-0.00404741
-691.38613861	-0.00216934
-691.35313531	-0.00057048
-691.32013201	0.00093461
-691.28712871	0.00230586
-691.25412541	0.00378756
-691.22112211	0.00551715
-691.18811881	0.00749885
-691.15511551	0.00972628
-691.12211221	0.01178013
-691.08910891	0.01356843
-691.05610561	0.01434913
-691.02310231	0.01396285
-690.99009901	0.01223813
-690.95709571	0.00911128
-690.92409241	0.00481236
-690.89108911	-0.00018751
-690.85808581	-0.00537938
-690.82508251	-0.01011291
-690.79207921	-0.01386975
-690.75907591	-0.01628775
-690.72607261	-0.01742262
-690.69306931	-0.01743700
-690.66006601	-0.01677631
-690.62706271	-0.01585843
-690.59405941	-0.01499658
-690.56105611	-0.01453310
-690.52805281	-0.01447709
-690.49504950	-0.01428565
-690.46204620	-0.01375148
-690.42904290	-0.01296229
-690.39603960	-0.01109787
-690.36303630	-0.00853619
-690.33003300	-0.00516804
-690.29702970	-0.00135987
-690.26402640	0.00227860
-690.23102310	0.00539924
-690.19801980	0.00751914
-690.16501650	0.00825874
-690.13201320	0.00750516
-690.09900990	0.00557598
-690.06600660	0.00254201
-690.03300330	-0.00057904
-690.00000000	-0.00359881
-689.96699670	-0.00629389
-689.93399340	-0.00777314
-689.90099010	-0.00839988
-689.86798680	-0.00855374
-689.83498350	-0.00769090
-689.80198020	-0.00645982
-689.76897690	-0.00523342
-689.73597360	-0.00392981
-689.70297030	-0.00274927
-689.66996700	-0.00211079
-689.63696370	-0.00171946
-689.60396040	-0.00187583
-689.57095710	-0.00257828
-689.53795380	-0.00334064
-689.50495050	-0.00463388
-689.47194719	-0.00566666
-689.43894389	-0.00624450
-689.40594059	-0.00631501
-689.37293729	-0.00562507
-689.33993399	-0.00432004
-689.30693069	-0.00275940
-689.27392739	-0.00153518
-689.24092409	-0.00069478
-689.20792079	-0.00090520
-689.17491749	-0.00211759
-689.14191419	-0.00404697
-689.10891089	-0.00614128
-689.07590759	-0.00837734
-689.04290429	-0.01018854
-689.00990099	-0.01102338
-688.97689769	-0.01125716
-688.94389439	-0.01086579
-688.91089109	-0.01008774
-688.87788779	-0.00939467
-688.84488449	-0.00909178
-688.81188119	-0.00904822
-688.77887789	-0.00946896
-688.74587459	-0.00972649
-688.71287129	-0.00974474
-688.67986799	-0.00904066
-688.64686469	-0.00754142
-688.61386139	-0.00494376
-688.58085809	-0.00151515
-688.54785479	0.00267925
-688.51485149	0.00749807
-688.48184818	0.01238751
-688.44884488	0.01711272
-688.41584158	0.02124911
-688.38283828	0.02428253
-688.34983498	0.02558528
-688.31683168	0.02531415
-688.28382838	0.02331666
-688.25082508	0.02014254
-688.21782178	0.01595566
-688.18481848	0.01153945
-688.15181518	0.00745389
-688.11881188	0.00406407
-688.08580858	0.00180946
-688.05280528	0.00047864
-688.01980198	0.00031629
-687.98679868	0.00079689
-687.95379538	0.00214270
-687.92079208	0.00370763
-687.88778878	0.00544681
-687.85478548	0.00731178
-687.82178218	0.00911127
-687.78877888	0.01084868
-687.75577558	0.01245833
-687.72277228	0.01386775
-687.68976898	0.01500494
-687.65676568	0.01609696
-687.62376238	0.01654360
-687.59075908	0.01639588
-687.55775578	0.01556571
-687.52475248	0.01414069
-687.49174917	0.01190582
-687.45874587	0.00927958
-687.42574257	0.00640427
-687.39273927	0.00318012
-687.35973597	0.00004253
-687.32673267	-0.00318389
-687.29372937	-0.00631776
-687.26072607	-0.00922256
-687.22772277	-0.01145719
-687.19471947	-0.01282782
-687.16171617	-0.01322118
-687.12871287	-0.01257045
-687.09570957	-0.01094267
-687.06270627	-0.00883808
-687.02970297	-0.00659552
-686.99669967	-0.00483161
-686.96369637	-0.00354295
-686.93069307	-0.00335175
-686.89768977	-0.00394652
-686.86468647	-0.00531500
-686.83168317	-0.00724385
-686.79867987	-0.00923538
-686.76567657	-0.01091961
-686.73267327	-0.01206390
-686.69966997	-0.01229040
-686.66666667	-0.01175267
-686.63366337	-0.01036794
-686.60066007	-0.00849239
-686.56765677	-0.00639113
-686.53465347	-0.00409295
-686.50165017	-0.00226119
-686.46864686	-0.00127799
-686.43564356	-0.00090365
-686.40264026	-0.00172308
-686.36963696	-0.00351862
-686.33663366	-0.00576883
-686.30363036	-0.00795746
-686.27062706	-0.00988800
-686.23762376	-0.01068394
-686.20462046	-0.01042003
-686.17161716	-0.00898633
-686.13861386	-0.00641703
-686.10561056	-0.00324566
-686.07260726	0.00056354
-686.03960396	0.00391127
-686.00660066	0.00695984
-685.97359736	0.00938838
-685.94059406	0.01046215
-685.90759076	0.01067452
-685.87458746	0.00991745
-685.84158416	0.00829427
-685.80858086	0.00648270
-685.77557756	0.00452091
-685.74257426	0.00275017
-685.70957096	0.00146784
-685.67656766	0.00055321
-685.64356436	-0.00009534
-685.61056106	-0.00040581
-685.57755776	-0.00073469
-685.54455446	-0.00100721
-685.51155116	-0.00092100
-685.47854785	-0.00088501
-685.44554455	-0.00088634
-685.41254125	-0.00072133
-685.37953795	-0.00114615
-685.34653465	-0.00193660
-685.31353135	-0.00303407
-685.28052805	-0.00459404
-685.24752475	-0.00644225
-685.21452145	-0.00802841
-685.18151815	-0.00957622
-685.14851485	-0.01066648
-685.11551155	-0.01135845
-685.08250825	-0.01169392
-685.04950495	-0.01114388
-685.01650165	-0.01025584
-684.98349835	-0.00854888
-684.95049505	-0.00583759
-684.91749175	-0.00280514
-684.88448845	0.00099602
-684.85148515	0.00483245
-684.81848185	0.00831376
-684.78547855	0.01135637
-684.75247525	0.01332916
-684.71947195	0.01415978
-684.68646865	0.01368010
-684.65346535	0.01203804
-684.62046205	0.00952243
-684.58745875	0.00649164
-684.55445545	0.00318232
-684.52145215	-0.00008756
-684.48844884	-0.00282912
-684.45544554	-0.00506626
-684.42244224	-0.00618023
-684.38943894	-0.00630014
-684.35643564	-0.00525451
-684.32343234	-0.00304777
-684.29042904	-0.00025824
-684.25742574	0.00319395
-684.22442244	0.00655716
-684.19141914	0.00952744
-684.15841584	0.01157251
-684.12541254	0.01271674
-684.09240924	0.01259658
-684.05940594	0.01116625
-684.02640264	0.00898863
-683.99339934	0.00621213
-683.96039604	0.00304891
-683.92739274	0.00022956
-683.89438944	-0.00206899
-683.86138614	-0.00377033
-683.82838284	-0.00480605
-683.79537954	-0.00551314
-683.76237624	-0.00609784
-683.72937294	-0.00640164
-683.69636964	-0.00684061
-683.66336634	-0.00754187
-683.63036304	-0.00773971
-683.59735974	-0.00780383
-683.56435644	-0.00765082
-683.53135314	-0.00712278
-683.49834983	-0.00681008
-683.46534653	-0.00628435
-683.43234323	-0.00626027
-683.39933993	-0.00664593
-683.36633663	-0.00754305
-683.33333333	-0.00879513
-683.30033003	-0.01037273
-683.26732673	-0.01167878
-683.23432343	-0.01267684
-683.20132013	-0.01317336
-683.16831683	-0.01274565
-683.13531353	-0.01158785
-683.10231023	-0.00979213
-683.06930693	-0.00758325
-683.03630363	-0.00492412
-683.00330033	-0.00264785
-682.97029703	-0.00012631
-682.93729373	0.00192265
-682.90429043	0.00379125
-682.87128713	0.00540392
-682.83828383	0.00673869
-682.80528053	0.00745066
-682.77227723	0.00794267
-682.73927393	0.00803957
-682.70627063	0.00776380
-682.67326733	0.00763558
-682.64026403	0.00739836
-682.60726073	0.00762997
-682.57425743	0.00833515
-682.54125413	0.00959474
-682.50825083	0.01151695
-682.47524752	0.01420581
-682.44224422	0.01727493
-682.40924092	0.02072504
-682.37623762	0.02391994
-682.34323432	0.02654859
-682.31023102	0.02820009
-682.27722772	0.02892646
-682.24422442	0.02847048
-682.21122112	0.02767166
-682.17821782	0.02650926
-682.14521452	0.02575207
-682.11221122	0.02537653
-682.07920792	0.02571529
-682.04620462	0.02660123
-682.01320132	0.02789817
-681.98019802	0.02945882
-681.94719472	0.03132631
-681.91419142	0.03272312
-681.88118812	0.03408022
-681.84818482	0.03478012
-681.81518152	0.03474758
-681.78217822	0.03386266
-681.74917492	0.03200504
-681.71617162	0.02955429
-681.68316832	0.02626488
-681.65016502	0.02248604
-681.61716172	0.01865690
-681.58415842	0.01485201
-681.55115512	0.01151565
-681.51815182	0.00883624
-681.48514851	0.00695295
-681.45214521	0.00612005
-681.41914191	0.00614655
-681.38613861	0.00676055
-681.35313531	0.00804405
-681.32013201	0.00917999
-681.28712871	0.01019676
-681.25412541	0.01088665
-681.22112211	0.01083681
-681.18811881	0.00994184
-681.15511551	0.00840964
-681.12211221	0.00619861
-681.08910891	0.00334703
-681.05610561	0.00017872
-681.02310231	-0.00314521
-680.99009901	-0.00627297
-680.95709571	-0.00912314
-680.92409241	-0.01155937
-680.89108911	-0.01320999
-680.85808581	-0.01413385
-680.82508251	-0.01435413
-680.79207921	-0.01355835
-680.75907591	-0.01211854
-680.72607261	-0.01011856
-680.69306931	-0.00761666
-680.66006601	-0.00546381
-680.62706271	-0.00352575
-680.59405941	-0.00255883
-680.56105611	-0.00280130
-680.52805281	-0.00418314
-680.49504950	-0.00687819
-680.46204620	-0.01082760
-680.42904290	-0.01521247
-680.39603960	-0.02019005
-680.36303630	-0.02471095
-680.33003300	-0.02838534
-680.29702970	-0.03068329
-680.26402640	-0.03119899
-680.23102310	-0.02990402
-680.19801980	-0.02714904
-680.16501650	-0.02299783
-680.13201320	-0.01882787
-680.09900990	-0.01496296
-680.06600660	-0.01210409
-680.03300330	-0.01117867
-680.00000000	-0.01152917
-679.96699670	-0.01382505
-679.93399340	-0.01704725
-679.90099010	-0.02098001
-679.86798680	-0.02476545
-679.83498350	-0.02775833
-679.80198020	-0.02962628
-679.76897690	-0.03003215
-679.73597360	-0.02901935
-679.70297030	-0.02723980
-679.66996700	-0.02496010
-679.63696370	-0.02263965
-679.60396040	-0.02104694
-679.57095710	-0.02016989
-679.53795380	-0.02011980
-679.50495050	-0.02082546
-679.47194719	-0.02195169
-679.43894389	-0.02304814
-679.40594059	-0.02405946
-679.37293729	-0.02456118
-679.33993399	-0.02427897
-679.30693069	-0.02330473
-679.27392739	-0.02164507
-679.24092409	-0.01937913
-679.20792079	-0.01674153
-679.17491749	-0.01357773
-679.14191419	-0.01059217
-679.10891089	-0.00761040
-679.07590759	-0.00495188
-679.04290429	-0.00278271
-679.00990099	-0.00122461
-678.97689769	-0.00036906
-678.94389439	-0.00003616
-678.91089109	-0.00032730
-678.87788779	-0.00077352
-678.84488449	-0.00189030
-678.81188119	-0.00299423
-678.77887789	-0.00495877
-678.74587459	-0.00703959
-678.71287129	-0.00956701
-678.67986799	-0.01214343
-678.64686469	-0.01438614
-678.61386139	-0.01578599
-678.58085809	-0.01602105
-678.54785479	-0.01513428
-678.51485149	-0.01291442
-678.48184818	-0.00959559
-678.44884488	-0.00584952
-678.41584158	-0.00168306
-678.38283828	0.00182399
-678.34983498	0.00495136
-678.31683168	0.00681882
-678.28382838	0.00770041
-678.25082508	0.00731384
-678.21782178	0.00621736
-678.18481848	0.00453478
-678.15181518	0.00265263
-678.11881188	0.00054930
-678.08580858	-0.00102542
-678.05280528	-0.00233262
-678.01980198	-0.00330008
-677.98679868	-0.00371183
-677.95379538	-0.00363158
-677.92079208	-0.00279355
-677.88778878	-0.00169597
-677.85478548	-0.00012442
-677.82178218	0.00149815
-677.78877888	0.00295325
-677.75577558	0.00404842
-677.72277228	0.00472763
-677.68976898	0.00488190
-677.65676568	0.00480397
-677.62376238	0.00455411
-677.59075908	0.00445612
-677.55775578	0.00438676
-677.52475248	0.00458084
-677.49174917	0.00488533
-677.45874587	0.00528085
-677.42574257	0.00590162
-677.39273927	0.00635711
-677.35973597	0.00709870
-677.32673267	0.00771549
-677.29372937	0.00850519
-677.26072607	0.00941334
-677.22772277	0.01045207
-677.19471947	0.01157097
-677.16171617	0.01262105
-677.12871287	0.01350051
-677.09570957	0.01371456
-677.06270627	0.01348691
-677.02970297	0.01223556
-676.99669967	0.01049164
-676.96369637	0.00795128
-676.93069307	0.00528415
-676.89768977	0.00250640
-676.86468647	0.00024653
-676.83168317	-0.00153694
-676.79867987	-0.00242152
-676.76567657	-0.00241419
-676.73267327	-0.00127251
-676.69966997	0.00080416
-676.66666667	0.00378210
-676.63366337	0.00743602
-676.60066007	0.01151570
-676.56765677	0.01559717
-676.53465347	0.01938099
-676.50165017	0.02248064
-676.46864686	0.02455978
-676.43564356	0.02584629
-676.40264026	0.02587355
-676.36963696	0.02484250
-676.33663366	0.02313361
-676.30363036	0.02034633
-676.27062706	0.01724268
-676.23762376	0.01381367
-676.20462046	0.01071545
-676.17161716	0.00781764
-676.13861386	0.00582937
-676.10561056	0.00468914
-676.07260726	0.00424608
-676.03960396	0.00478256
-676.00660066	0.00591500
-675.97359736	0.00730190
-675.94059406	0.00894043
-675.90759076	0.01063607
-675.87458746	0.01208212
-675.84158416	0.01336501
-675.80858086	0.01445699
-675.77557756	0.01528149
-675.74257426	0.01610159
-675.70957096	0.01697127
-675.67656766	0.01790140
-675.64356436	0.01905863
-675.61056106	0.02030466
-675.57755776	0.02144860
-675.54455446	0.02244580
-675.51155116	0.02311912
-675.47854785	0.02289083
-675.44554455	0.02209734
-675.41254125	0.02029668
-675.37953795	0.01761808
-675.34653465	0.01417439
-675.31353135	0.01018195
-675.28052805	0.00621212
-675.24752475	0.00203165
-675.21452145	-0.00179856
-675.18151815	-0.00525314
-675.14851485	-0.00836903
-675.11551155	-0.01081421
-675.08250825	-0.01280099
-675.04950495	-0.01400720
-675.01650165	-0.01433729
-674.98349835	-0.01379840
-674.95049505	-0.01215060
-674.91749175	-0.00965887
-674.88448845	-0.00622483
-674.85148515	-0.00237793
-674.81848185	0.00153932
-674.78547855	0.00491395
-674.75247525	0.00742520
-674.71947195	0.00837980
-674.68646865	0.00787221
-674.65346535	0.00574164
-674.62046205	0.00222183
-674.58745875	-0.00190669
-674.55445545	-0.00657342
-674.52145215	-0.01059923
-674.48844884	-0.01415336
-674.45544554	-0.01638723
-674.42244224	-0.01746905
-674.38943894	-0.01739055
-674.35643564	-0.01611532
-674.32343234	-0.01427422
-674.29042904	-0.01174222
-674.25742574	-0.00908598
-674.22442244	-0.00633543
-674.19141914	-0.00374922
-674.15841584	-0.00139082
-674.12541254	0.00070214
-674.09240924	0.00253357
-674.05940594	0.00380919
-674.02640264	0.00494210
-673.99339934	0.00560191
-673.96039604	0.00618995
-673.92739274	0.00635535
-673.89438944	0.00685302
-673.86138614	0.00723523
-673.82838284	0.00786082
-673.79537954	0.00858899
-673.76237624	0.00930271
-673.72937294	0.00995364
-673.69636964	0.01005214
-673.66336634	0.00992986
-673.63036304	0.00906431
-673.59735974	0.00775871
-673.56435644	0.00598441
-673.53135314	0.00405815
-673.49834983	0.00168250
-673.46534653	-0.00052240
-673.43234323	-0.00265324
-673.39933993	-0.00474593
-673.36633663	-0.00680158
-673.33333333	-0.00838838
-673.30033003	-0.00983559
-673.26732673	-0.01057777
-673.23432343	-0.01077493
-673.20132013	-0.01002287
-673.16831683	-0.00856325
-673.13531353	-0.00617587
-673.10231023	-0.00290638
-673.06930693	0.00049398
-673.03630363	0.00409488
-673.00330033	0.00724820
-672.97029703	0.00963559
-672.93729373	0.01116276
-672.90429043	0.01166154
-672.87128713	0.01135338
-672.83828383	0.01014321
-672.80528053	0.00859969
-672.77227723	0.00676231
-672.73927393	0.00500711
-672.70627063	0.00365918
-672.67326733	0.00258036
-672.64026403	0.00207839
-672.60726073	0.00217056
-672.57425743	0.00241458
-672.54125413	0.00282874
-672.50825083	0.00319408
-672.47524752	0.00340102
-672.44224422	0.00347408
-672.40924092	0.00341950
-672.37623762	0.00354703
-672.34323432	0.00356019
-672.31023102	0.00400851
-672.27722772	0.00480777
-672.24422442	0.00577450
-672.21122112	0.00720425
-672.17821782	0.00873047
-672.14521452	0.01042595
-672.11221122	0.01191742
-672.07920792	0.01324605
-672.04620462	0.01394615
-672.01320132	0.01405615
-671.98019802	0.01347577
-671.94719472	0.01212100
-671.91419142	0.01038081
-671.88118812	0.00814736
-671.84818482	0.00588442
-671.81518152	0.00336286
-671.78217822	0.00115620
-671.74917492	-0.00113403
-671.71617162	-0.00319694
-671.68316832	-0.00497893
-671.65016502	-0.00657430
-671.61716172	-0.00771836
-671.58415842	-0.00872955
-671.55115512	-0.00911255
-671.51815182	-0.00917429
-671.48514851	-0.00870097
-671.45214521	-0.00803870
-671.41914191	-0.00664930
-671.38613861	-0.00517275
-671.35313531	-0.00302112
-671.32013201	-0.00108741
-671.28712871	0.00078761
-671.25412541	0.00231851
-671.22112211	0.00324266
-671.18811881	0.00318731
-671.15511551	0.00249581
-671.12211221	0.00091560
-671.08910891	-0.00105942
-671.05610561	-0.00323799
-671.02310231	-0.00533272
-670.99009901	-0.00696873
-670.95709571	-0.00782523
-670.92409241	-0.00786162
-670.89108911	-0.00698308
-670.85808581	-0.00532995
-670.82508251	-0.00303091
-670.79207921	-0.00022198
-670.75907591	0.00236538
-670.72607261	0.00495994
-670.69306931	0.00691965
-670.66006601	0.00810188
-670.62706271	0.00838957
-670.59405941	0.00786955
-670.56105611	0.00672873
-670.52805281	0.00528679
-670.49504950	0.00361106
-670.46204620	0.00223226
-670.42904290	0.00140831
-670.39603960	0.00083385
-670.36303630	0.00073368
-670.33003300	0.00079338
-670.29702970	0.00072202
-670.26402640	0.00054127
-670.23102310	-0.00014147
-670.19801980	-0.00132539
-670.16501650	-0.00270529
-670.13201320	-0.00441642
-670.09900990	-0.00608960
-670.06600660	-0.00786743
-670.03300330	-0.00974492
-670.00000000	-0.01105918
-669.96699670	-0.01249655
-669.93399340	-0.01382341
-669.90099010	-0.01491683
-669.86798680	-0.01584586
-669.83498350	-0.01672287
-669.80198020	-0.01738700
-669.76897690	-0.01799660
-669.73597360	-0.01860015
-669.70297030	-0.01885029
-669.66996700	-0.01896098
-669.63696370	-0.01874604
-669.60396040	-0.01809651
-669.57095710	-0.01687849
-669.53795380	-0.01522914
-669.50495050	-0.01337083
-669.47194719	-0.01122700
-669.43894389	-0.00905139
-669.40594059	-0.00713065
-669.37293729	-0.00514929
-669.33993399	-0.00348251
-669.30693069	-0.00206968
-669.27392739	-0.00059318
-669.24092409	0.00092501
-669.20792079	0.00240726
-669.17491749	0.00385806
-669.14191419	0.00541837
-669.10891089	0.00693048
-669.07590759	0.00831982
-669.04290429	0.00910266
-669.00990099	0.00951991
-668.97689769	0.00929878
-668.94389439	0.00844088
-668.91089109	0.00702285
-668.87788779	0.00508494
-668.84488449	0.00281603
-668.81188119	0.00025839
-668.77887789	-0.00218355
-668.74587459	-0.00442194
-668.71287129	-0.00640801
-668.67986799	-0.00808942
-668.64686469	-0.00935661
-668.61386139	-0.01020326
-668.58085809	-0.01055641
-668.54785479	-0.01053253
-668.51485149	-0.01013736
-668.48184818	-0.00938245
-668.44884488	-0.00864150
-668.41584158	-0.00795176
-668.38283828	-0.00769399
-668.34983498	-0.00782791
-668.31683168	-0.00825896
-668.28382838	-0.00926199
-668.25082508	-0.01055668
-668.21782178	-0.01180131
-668.18481848	-0.01315714
-668.15181518	-0.01419573
-668.11881188	-0.01485330
-668.08580858	-0.01505680
-668.05280528	-0.01501141
-668.01980198	-0.01432913
-667.98679868	-0.01341371
-667.95379538	-0.01224189
-667.92079208	-0.01097335
-667.88778878	-0.00972964
-667.85478548	-0.00866239
-667.82178218	-0.00772984
-667.78877888	-0.00711424
-667.75577558	-0.00660235
-667.72277228	-0.00650044
-667.68976898	-0.00618066
-667.65676568	-0.00604609
-667.62376238	-0.00584102
-667.59075908	-0.00547861
-667.55775578	-0.00486778
-667.52475248	-0.00400197
-667.49174917	-0.00274126
-667.45874587	-0.00101737
-667.42574257	0.00122455
-667.39273927	0.00400919
-667.35973597	0.00712218
-667.32673267	0.01075430
-667.29372937	0.01428170
-667.26072607	0.01774636
-667.22772277	0.02061023
-667.19471947	0.02291322
-667.16171617	0.02433698
-667.12871287	0.02483185
-667.09570957	0.02424836
-667.06270627	0.02269361
-667.02970297	0.02028561
-666.99669967	0.01731515
-666.96369637	0.01384885
-666.93069307	0.01043221
-666.89768977	0.00712415
-666.86468647	0.00419479
-666.83168317	0.00182453
-666.79867987	-0.00000582
-666.76567657	-0.00146875
-666.73267327	-0.00247743
-666.69966997	-0.00334127
-666.66666667	-0.00438825
-666.63366337	-0.00549210
-666.60066007	-0.00658626
-666.56765677	-0.00786555
-666.53465347	-0.00892976
-666.50165017	-0.00979543
-666.46864686	-0.01028574
-666.43564356	-0.01023658
-666.40264026	-0.00950393
-666.36963696	-0.00799748
-666.33663366	-0.00568717
-666.30363036	-0.00270089
-666.27062706	0.00072379
-666.23762376	0.00452790
-666.20462046	0.00814203
-666.17161716	0.01133863
-666.13861386	0.01406724
-666.10561056	0.01593093
-666.07260726	0.01700072
-666.03960396	0.01722667
-666.00660066	0.01671049
-665.97359736	0.01558233
-665.94059406	0.01400093
-665.90759076	0.01233602
-665.87458746	0.01051214
-665.84158416	0.00877570
-665.80858086	0.00709517
-665.77557756	0.00561154
-665.74257426	0.00454126
-665.70957096	0.00334290
-665.67656766	0.00242085
-665.64356436	0.00149172
-665.61056106	0.00074879
-665.57755776	-0.00013667
-665.54455446	-0.00105953
-665.51155116	-0.00207282
-665.47854785	-0.00303712
-665.44554455	-0.00403478
-665.41254125	-0.00512831
-665.37953795	-0.00612938
-665.34653465	-0.00721860
-665.31353135	-0.00819706
-665.28052805	-0.00915527
-665.24752475	-0.00993339
-665.21452145	-0.01020877
-665.18151815	-0.01001121
-665.14851485	-0.00926554
-665.11551155	-0.00816418
-665.08250825	-0.00643689
-665.04950495	-0.00447114
-665.01650165	-0.00229227
-664.98349835	-0.00012353
-664.95049505	0.00182494
-664.91749175	0.00364471
-664.88448845	0.00546454
-664.85148515	0.00689470
-664.81848185	0.00834290
-664.78547855	0.00970285
-664.75247525	0.01115417
-664.71947195	0.01245419
-664.68646865	0.01372563
-664.65346535	0.01468485
-664.62046205	0.01529320
-664.58745875	0.01549527
-664.55445545	0.01529587
-664.52145215	0.01480909
-664.48844884	0.01416645
-664.45544554	0.01339423
-664.42244224	0.01276273
-664.38943894	0.01234434
-664.35643564	0.01202973
-664.32343234	0.01182865
-664.29042904	0.01157542
-664.25742574	0.01103796
-664.22442244	0.01047823
-664.19141914	0.00961185
-664.15841584	0.00850729
-664.12541254	0.00731509
-664.09240924	0.00611101
-664.05940594	0.00484068
-664.02640264	0.00373834
-663.99339934	0.00260827
-663.96039604	0.00149000
-663.92739274	0.00052595
-663.89438944	-0.00053468
-663.86138614	-0.00160977
-663.82838284	-0.00253153
-663.79537954	-0.00333102
-663.76237624	-0.00406456
-663.72937294	-0.00473488
-663.69636964	-0.00524053
-663.66336634	-0.00553530
-663.63036304	-0.00577570
-663.59735974	-0.00574121
-663.56435644	-0.00543834
-663.53135314	-0.00476546
-663.49834983	-0.00383351
-663.46534653	-0.00267570
-663.43234323	-0.00146464
-663.39933993	-0.00031328
-663.36633663	0.00074201
-663.33333333	0.00153669
-663.30033003	0.00202122
-663.26732673	0.00232622
-663.23432343	0.00261991
-663.20132013	0.00305578
-663.16831683	0.00381555
-663.13531353	0.00502350
-663.10231023	0.00655552
-663.06930693	0.00848446
-663.03630363	0.01056287
-663.00330033	0.01259300
-662.97029703	0.01446805
-662.93729373	0.01551444
-662.90429043	0.01581505
-662.87128713	0.01514230
-662.83828383	0.01354884
-662.80528053	0.01094396
-662.77227723	0.00781883
-662.73927393	0.00436321
-662.70627063	0.00080760
-662.67326733	-0.00262984
-662.64026403	-0.00543673
-662.60726073	-0.00770987
-662.57425743	-0.00932138
-662.54125413	-0.01046233
-662.50825083	-0.01098779
-662.47524752	-0.01140605
-662.44224422	-0.01163305
-662.40924092	-0.01159261
-662.37623762	-0.01165315
-662.34323432	-0.01162052
-662.31023102	-0.01153977
-662.27722772	-0.01122999
-662.24422442	-0.01071820
-662.21122112	-0.00986276
-662.17821782	-0.00868707
-662.14521452	-0.00722220
-662.11221122	-0.00533580
-662.07920792	-0.00331312
-662.04620462	-0.00128686
-662.01320132	0.00054196
-661.98019802	0.00221150
-661.94719472	0.00330793
-661.91419142	0.00402133
-661.88118812	0.00415542
-661.84818482	0.00397250
-661.81518152	0.00324029
-661.78217822	0.00224967
-661.74917492	0.00118195
-661.71617162	0.00002765
-661.68316832	-0.00086629
-661.65016502	-0.00143578
-661.61716172	-0.00163768
-661.58415842	-0.00127977
-661.55115512	-0.00058250
-661.51815182	0.00036321
-661.48514851	0.00127887
-661.45214521	0.00211622
-661.41914191	0.00266772
-661.38613861	0.00279469
-661.35313531	0.00259763
-661.32013201	0.00199832
-661.28712871	0.00127166
-661.25412541	0.00042172
-661.22112211	-0.00020918
-661.18811881	-0.00050422
-661.15511551	-0.00056256
-661.12211221	-0.00017720
-661.08910891	0.00078508
-661.05610561	0.00198555
-661.02310231	0.00342551
-660.99009901	0.00486888
-660.95709571	0.00612437
-660.92409241	0.00701651
-660.89108911	0.00741078
-660.85808581	0.00721347
-660.82508251	0.00658262
-660.79207921	0.00518237
-660.75907591	0.00340255
-660.72607261	0.00114839
-660.69306931	-0.00131007
-660.66006601	-0.00388794
-660.62706271	-0.00630390
-660.59405941	-0.00840571
-660.56105611	-0.01001356
-660.52805281	-0.01108949
-660.49504950	-0.01161594
-660.46204620	-0.01150111
-660.42904290	-0.01085348
-660.39603960	-0.00979190
-660.36303630	-0.00833718
-660.33003300	-0.00656626
-660.29702970	-0.00455687
-660.26402640	-0.00239178
-660.23102310	-0.00053673
-660.19801980	0.00132355
-660.16501650	0.00258661
-660.13201320	0.00332899
-660.09900990	0.00327689
-660.06600660	0.00246973
-660.03300330	0.00114991
-660.00000000	-0.00067271
