# Menlo Systems GmbH ScanControl
# Program Version 1.14.3
# Start: -740.00000000 ps, Average over 1000 waveforms. Timestamp: 2026-02-06T13:03:48
# User time axis shift: 0 ps
# Time axis offset: 0 ps
# Time [ps]	THz Signal [a.u.]
-740.00000000	-0.00011970
-739.96699670	-0.00012961
-739.93399340	-0.00009531
-739.90099010	-0.00004805
-739.86798680	-0.00006885
-739.83498350	-0.00014019
-739.80198020	-0.00016411
-739.76897690	-0.00015599
-739.73597360	-0.00016521
-739.70297030	-0.00004876
-739.66996700	-0.00014231
-739.63696370	-0.00003753
-739.60396040	-0.00027932
-739.57095710	-0.00005145
-739.53795380	-0.00006344
-739.50495050	-0.00003703
-739.47194719	-0.00005360
-739.43894389	-0.00002525
-739.40594059	-0.00005192
-739.37293729	0.00001680
-739.33993399	0.00003933
-739.30693069	0.00005711
-739.27392739	0.00011531
-739.24092409	0.00008832
-739.20792079	0.00023548
-739.17491749	0.00015137
-739.14191419	0.00029760
-739.10891089	0.00034282
-739.07590759	0.00024407
-739.04290429	0.00028941
-739.00990099	0.00038817
-738.97689769	0.00045535
-738.94389439	0.00042811
-738.91089109	0.00043400
-738.87788779	0.00051776
-738.84488449	0.00043258
-738.81188119	0.00061637
-738.77887789	0.00065042
-738.74587459	0.00065628
-738.71287129	0.00066516
-738.67986799	0.00075041
-738.64686469	0.00062264
-738.61386139	0.00073164
-738.58085809	0.00070029
-738.54785479	0.00083307
-738.51485149	0.00078975
-738.48184818	0.00083490
-738.44884488	0.00078626
-738.41584158	0.00090630
-738.38283828	0.00087240
-738.34983498	0.00083000
-738.31683168	0.00091579
-738.28382838	0.00094813
-738.25082508	0.00088960
-738.21782178	0.00093943
-738.18481848	0.00087159
-738.15181518	0.00090019
-738.11881188	0.00087082
-738.08580858	0.00090353
-738.05280528	0.00092421
-738.01980198	0.00087738
-737.98679868	0.00089567
-737.95379538	0.00082784
-737.92079208	0.00072760
-737.88778878	0.00077621
-737.85478548	0.00080901
-737.82178218	0.00068826
-737.78877888	0.00055747
-737.75577558	0.00062804
-737.72277228	0.00066510
-737.68976898	0.00060398
-737.65676568	0.00052883
-737.62376238	0.00054459
-737.59075908	0.00050876
-737.55775578	0.00042070
-737.52475248	0.00047858
-737.49174917	0.00046879
-737.45874587	0.00048591
-737.42574257	0.00047723
-737.39273927	0.00043415
-737.35973597	0.00043028
-737.32673267	0.00034617
-737.29372937	0.00022840
-737.26072607	0.00030847
-737.22772277	0.00034740
-737.19471947	0.00024425
-737.16171617	0.00034088
-737.12871287	0.00034979
-737.09570957	0.00029996
-737.06270627	0.00026865
-737.02970297	0.00035967
-736.99669967	0.00038101
-736.96369637	0.00034101
-736.93069307	0.00040864
-736.89768977	0.00035958
-736.86468647	0.00034569
-736.83168317	0.00038012
-736.79867987	0.00042721
-736.76567657	0.00046921
-736.73267327	0.00047347
-736.69966997	0.00057136
-736.66666667	0.00057919
-736.63366337	0.00062162
-736.60066007	0.00063863
-736.56765677	0.00068343
-736.53465347	0.00056905
-736.50165017	0.00067367
-736.46864686	0.00064550
-736.43564356	0.00070902
-736.40264026	0.00068996
-736.36963696	0.00067995
-736.33663366	0.00065984
-736.30363036	0.00077678
-736.27062706	0.00075379
-736.23762376	0.00069966
-736.20462046	0.00064268
-736.17161716	0.00067561
-736.13861386	0.00080668
-736.10561056	0.00072407
-736.07260726	0.00068061
-736.03960396	0.00067522
-736.00660066	0.00066511
-735.97359736	0.00072142
-735.94059406	0.00072261
-735.90759076	0.00060536
-735.87458746	0.00063480
-735.84158416	0.00063663
-735.80858086	0.00062951
-735.77557756	0.00060202
-735.74257426	0.00058811
-735.70957096	0.00067425
-735.67656766	0.00059887
-735.64356436	0.00068104
-735.61056106	0.00060010
-735.57755776	0.00056813
-735.54455446	0.00061915
-735.51155116	0.00060677
-735.47854785	0.00064663
-735.44554455	0.00061464
-735.41254125	0.00062280
-735.37953795	0.00059101
-735.34653465	0.00060973
-735.31353135	0.00061614
-735.28052805	0.00056962
-735.24752475	0.00058407
-735.21452145	0.00053168
-735.18151815	0.00068429
-735.14851485	0.00066112
-735.11551155	0.00048290
-735.08250825	0.00060635
-735.04950495	0.00061091
-735.01650165	0.00067991
-734.98349835	0.00063710
-734.95049505	0.00062541
-734.91749175	0.00061397
-734.88448845	0.00063761
-734.85148515	0.00060300
-734.81848185	0.00060262
-734.78547855	0.00060887
-734.75247525	0.00060267
-734.71947195	0.00063733
-734.68646865	0.00066688
-734.65346535	0.00061159
-734.62046205	0.00072371
-734.58745875	0.00070174
-734.55445545	0.00071916
-734.52145215	0.00076758
-734.48844884	0.00087549
-734.45544554	0.00060216
-734.42244224	0.00075486
-734.38943894	0.00089103
-734.35643564	0.00078080
-734.32343234	0.00083650
-734.29042904	0.00086170
-734.25742574	0.00095105
-734.22442244	0.00096025
-734.19141914	0.00094911
-734.15841584	0.00106754
-734.12541254	0.00113937
-734.09240924	0.00113671
-734.05940594	0.00119137
-734.02640264	0.00124701
-733.99339934	0.00126949
-733.96039604	0.00131006
-733.92739274	0.00137669
-733.89438944	0.00140702
-733.86138614	0.00139168
-733.82838284	0.00140217
-733.79537954	0.00144013
-733.76237624	0.00144213
-733.72937294	0.00141031
-733.69636964	0.00140041
-733.66336634	0.00136679
-733.63036304	0.00119037
-733.59735974	0.00115045
-733.56435644	0.00119824
-733.53135314	0.00097909
-733.49834983	0.00091952
-733.46534653	0.00073186
-733.43234323	0.00052268
-733.39933993	0.00040216
-733.36633663	0.00017466
-733.33333333	-0.00015797
-733.30033003	-0.00026655
-733.26732673	-0.00061055
-733.23432343	-0.00082011
-733.20132013	-0.00089821
-733.16831683	-0.00115190
-733.13531353	-0.00139222
-733.10231023	-0.00148547
-733.06930693	-0.00158767
-733.03630363	-0.00174911
-733.00330033	-0.00186078
-732.97029703	-0.00192211
-732.93729373	-0.00197529
-732.90429043	-0.00196248
-732.87128713	-0.00206911
-732.83828383	-0.00198451
-732.80528053	-0.00185582
-732.77227723	-0.00186213
-732.73927393	-0.00159541
-732.70627063	-0.00131469
-732.67326733	-0.00111172
-732.64026403	-0.00063470
-732.60726073	-0.00024179
-732.57425743	0.00010462
-732.54125413	0.00066176
-732.50825083	0.00123971
-732.47524752	0.00161707
-732.44224422	0.00212256
-732.40924092	0.00247228
-732.37623762	0.00273406
-732.34323432	0.00290446
-732.31023102	0.00303853
-732.27722772	0.00307802
-732.24422442	0.00302126
-732.21122112	0.00281322
-732.17821782	0.00269758
-732.14521452	0.00254739
-732.11221122	0.00221101
-732.07920792	0.00205342
-732.04620462	0.00189522
-732.01320132	0.00162610
-731.98019802	0.00150698
-731.94719472	0.00126946
-731.91419142	0.00122931
-731.88118812	0.00107810
-731.84818482	0.00108019
-731.81518152	0.00089404
-731.78217822	0.00093573
-731.74917492	0.00096950
-731.71617162	0.00078363
-731.68316832	0.00076895
-731.65016502	0.00075345
-731.61716172	0.00074846
-731.58415842	0.00069872
-731.55115512	0.00070146
-731.51815182	0.00061837
-731.48514851	0.00062930
-731.45214521	0.00046989
-731.41914191	0.00062761
-731.38613861	0.00048469
-731.35313531	0.00045768
-731.32013201	0.00052656
-731.28712871	0.00035675
-731.25412541	0.00047710
-731.22112211	0.00043998
-731.18811881	0.00053074
-731.15511551	0.00036547
-731.12211221	0.00052903
-731.08910891	0.00054347
-731.05610561	0.00056952
-731.02310231	0.00046742
-730.99009901	0.00058478
-730.95709571	0.00069001
-730.92409241	0.00061598
-730.89108911	0.00061348
-730.85808581	0.00062650
-730.82508251	0.00070833
-730.79207921	0.00060955
-730.75907591	0.00061484
-730.72607261	0.00056055
-730.69306931	0.00054519
-730.66006601	0.00056074
-730.62706271	0.00057784
-730.59405941	0.00051893
-730.56105611	0.00064959
-730.52805281	0.00053030
-730.49504950	0.00067411
-730.46204620	0.00068095
-730.42904290	0.00057432
-730.39603960	0.00079603
-730.36303630	0.00079882
-730.33003300	0.00066807
-730.29702970	0.00078072
-730.26402640	0.00073793
-730.23102310	0.00071113
-730.19801980	0.00078493
-730.16501650	0.00070045
-730.13201320	0.00068696
-730.09900990	0.00067098
-730.06600660	0.00064286
-730.03300330	0.00067109
-730.00000000	0.00058624
-729.96699670	0.00060454
-729.93399340	0.00062112
-729.90099010	0.00057939
-729.86798680	0.00060718
-729.83498350	0.00060456
-729.80198020	0.00059048
-729.76897690	0.00069264
-729.73597360	0.00073239
-729.70297030	0.00069292
-729.66996700	0.00071327
-729.63696370	0.00078681
-729.60396040	0.00085741
-729.57095710	0.00083982
-729.53795380	0.00093244
-729.50495050	0.00097492
-729.47194719	0.00094107
-729.43894389	0.00107082
-729.40594059	0.00110761
-729.37293729	0.00112418
-729.33993399	0.00129547
-729.30693069	0.00130962
-729.27392739	0.00137896
-729.24092409	0.00142263
-729.20792079	0.00156481
-729.17491749	0.00163452
-729.14191419	0.00173006
-729.10891089	0.00171799
-729.07590759	0.00188166
-729.04290429	0.00183418
-729.00990099	0.00196722
-728.97689769	0.00182281
-728.94389439	0.00171597
-728.91089109	0.00163611
-728.87788779	0.00131969
-728.84488449	0.00096589
-728.81188119	0.00051214
-728.77887789	-0.00007061
-728.74587459	-0.00075500
-728.71287129	-0.00159903
-728.67986799	-0.00241379
-728.64686469	-0.00331790
-728.61386139	-0.00416476
-728.58085809	-0.00486146
-728.54785479	-0.00550556
-728.51485149	-0.00564704
-728.48184818	-0.00584175
-728.44884488	-0.00555257
-728.41584158	-0.00514864
-728.38283828	-0.00434351
-728.34983498	-0.00342708
-728.31683168	-0.00241927
-728.28382838	-0.00135254
-728.25082508	-0.00033213
-728.21782178	0.00058058
-728.18481848	0.00132478
-728.15181518	0.00191832
-728.11881188	0.00228092
-728.08580858	0.00269854
-728.05280528	0.00279207
-728.01980198	0.00281554
-727.98679868	0.00283280
-727.95379538	0.00284771
-727.92079208	0.00262245
-727.88778878	0.00257226
-727.85478548	0.00240495
-727.82178218	0.00216683
-727.78877888	0.00216694
-727.75577558	0.00197441
-727.72277228	0.00180468
-727.68976898	0.00170213
-727.65676568	0.00154435
-727.62376238	0.00144123
-727.59075908	0.00126296
-727.55775578	0.00117775
-727.52475248	0.00117521
-727.49174917	0.00109955
-727.45874587	0.00098662
-727.42574257	0.00095840
-727.39273927	0.00084647
-727.35973597	0.00076409
-727.32673267	0.00070338
-727.29372937	0.00055513
-727.26072607	0.00046367
-727.22772277	0.00045765
-727.19471947	0.00023859
-727.16171617	0.00018387
-727.12871287	0.00008083
-727.09570957	0.00001224
-727.06270627	0.00006635
-727.02970297	-0.00006272
-726.99669967	0.00007801
-726.96369637	0.00005651
-726.93069307	0.00012565
-726.89768977	0.00021994
-726.86468647	0.00029398
-726.83168317	0.00041479
-726.79867987	0.00031709
-726.76567657	0.00047906
-726.73267327	0.00043860
-726.69966997	0.00037202
-726.66666667	0.00033897
-726.63366337	0.00031507
-726.60066007	0.00016947
-726.56765677	0.00013423
-726.53465347	-0.00000103
-726.50165017	0.00007951
-726.46864686	-0.00015983
-726.43564356	0.00005412
-726.40264026	-0.00004013
-726.36963696	0.00005460
-726.33663366	0.00006147
-726.30363036	0.00028369
-726.27062706	0.00022206
-726.23762376	0.00035432
-726.20462046	0.00026399
-726.17161716	0.00032948
-726.13861386	0.00017886
-726.10561056	0.00015127
-726.07260726	-0.00007747
-726.03960396	-0.00033026
-726.00660066	-0.00061169
-725.97359736	-0.00084916
-725.94059406	-0.00111469
-725.90759076	-0.00145893
-725.87458746	-0.00171979
-725.84158416	-0.00192645
-725.80858086	-0.00208306
-725.77557756	-0.00239792
-725.74257426	-0.00246130
-725.70957096	-0.00265702
-725.67656766	-0.00277888
-725.64356436	-0.00304385
-725.61056106	-0.00334155
-725.57755776	-0.00374288
-725.54455446	-0.00419409
-725.51155116	-0.00497193
-725.47854785	-0.00569461
-725.44554455	-0.00653724
-725.41254125	-0.00730501
-725.37953795	-0.00806001
-725.34653465	-0.00864249
-725.31353135	-0.00885647
-725.28052805	-0.00869941
-725.24752475	-0.00824844
-725.21452145	-0.00713410
-725.18151815	-0.00589196
-725.14851485	-0.00406494
-725.11551155	-0.00227171
-725.08250825	-0.00030085
-725.04950495	0.00153699
-725.01650165	0.00294030
-724.98349835	0.00418148
-724.95049505	0.00487736
-724.91749175	0.00523835
-724.88448845	0.00513769
-724.85148515	0.00498840
-724.81848185	0.00475573
-724.78547855	0.00453173
-724.75247525	0.00435110
-724.71947195	0.00432409
-724.68646865	0.00463296
-724.65346535	0.00483176
-724.62046205	0.00527759
-724.58745875	0.00550562
-724.55445545	0.00580833
-724.52145215	0.00593571
-724.48844884	0.00582338
-724.45544554	0.00561851
-724.42244224	0.00506777
-724.38943894	0.00443269
-724.35643564	0.00359238
-724.32343234	0.00258412
-724.29042904	0.00158433
-724.25742574	0.00060331
-724.22442244	-0.00046763
-724.19141914	-0.00144700
-724.15841584	-0.00238386
-724.12541254	-0.00310703
-724.09240924	-0.00417653
-724.05940594	-0.00483992
-724.02640264	-0.00591587
-723.99339934	-0.00684997
-723.96039604	-0.00807213
-723.92739274	-0.00946443
-723.89438944	-0.01112880
-723.86138614	-0.01303462
-723.82838284	-0.01506470
-723.79537954	-0.01733634
-723.76237624	-0.01944235
-723.72937294	-0.02152873
-723.69636964	-0.02299898
-723.66336634	-0.02385264
-723.63036304	-0.02398540
-723.59735974	-0.02296228
-723.56435644	-0.02117585
-723.53135314	-0.01817643
-723.49834983	-0.01455057
-723.46534653	-0.01034300
-723.43234323	-0.00593868
-723.39933993	-0.00171227
-723.36633663	0.00197022
-723.33333333	0.00493451
-723.30033003	0.00680872
-723.26732673	0.00779629
-723.23432343	0.00799727
-723.20132013	0.00757334
-723.16831683	0.00675234
-723.13531353	0.00565963
-723.10231023	0.00462232
-723.06930693	0.00368929
-723.03630363	0.00296131
-723.00330033	0.00245753
-722.97029703	0.00200751
-722.93729373	0.00198469
-722.90429043	0.00188121
-722.87128713	0.00217709
-722.83828383	0.00250747
-722.80528053	0.00304882
-722.77227723	0.00365447
-722.73927393	0.00443929
-722.70627063	0.00536625
-722.67326733	0.00635991
-722.64026403	0.00754124
-722.60726073	0.00896863
-722.57425743	0.01047741
-722.54125413	0.01253538
-722.50825083	0.01421613
-722.47524752	0.01664892
-722.44224422	0.01892462
-722.40924092	0.02169442
-722.37623762	0.02453980
-722.34323432	0.02796143
-722.31023102	0.03176014
-722.27722772	0.03602239
-722.24422442	0.04089544
-722.21122112	0.04644408
-722.17821782	0.05247824
-722.14521452	0.05937457
-722.11221122	0.06676402
-722.07920792	0.07462313
-722.04620462	0.08323991
-722.01320132	0.09204593
-721.98019802	0.10117085
-721.94719472	0.11056121
-721.91419142	0.12001920
-721.88118812	0.12944747
-721.84818482	0.13869759
-721.81518152	0.14810252
-721.78217822	0.15731975
-721.74917492	0.16677922
-721.71617162	0.17682336
-721.68316832	0.18751902
-721.65016502	0.19942809
-721.61716172	0.21277174
-721.58415842	0.22835294
-721.55115512	0.24630769
-721.51815182	0.26676026
-721.48514851	0.29054638
-721.45214521	0.31713953
-721.41914191	0.34681604
-721.38613861	0.37892800
-721.35313531	0.41281706
-721.32013201	0.44754029
-721.28712871	0.48178645
-721.25412541	0.51366615
-721.22112211	0.54177900
-721.18811881	0.56352136
-721.15511551	0.57728345
-721.12211221	0.58047644
-721.08910891	0.57145717
-721.05610561	0.54885300
-721.02310231	0.51180293
-720.99009901	0.46019357
-720.95709571	0.39494032
-720.92409241	0.31725926
-720.89108911	0.22984809
-720.85808581	0.13554815
-720.82508251	0.03698453
-720.79207921	-0.06276459
-720.75907591	-0.16179276
-720.72607261	-0.25969041
-720.69306931	-0.35699029
-720.66006601	-0.45651378
-720.62706271	-0.56250227
-720.59405941	-0.68039724
-720.56105611	-0.81622512
-720.52805281	-0.97499024
-720.49504950	-1.15994666
-720.46204620	-1.37137204
-720.42904290	-1.60565658
-720.39603960	-1.85349933
-720.36303630	-2.10058463
-720.33003300	-2.32779201
-720.29702970	-2.51267515
-720.26402640	-2.63245172
-720.23102310	-2.66581108
-720.19801980	-2.59675901
-720.16501650	-2.41634445
-720.13201320	-2.12579451
-720.09900990	-1.73706762
-720.06600660	-1.27294603
-720.03300330	-0.76481338
-720.00000000	-0.24732188
-719.96699670	0.24411316
-719.93399340	0.68032660
-719.90099010	1.04029784
-719.86798680	1.31439829
-719.83498350	1.50240988
-719.80198020	1.61319131
-719.76897690	1.65844663
-719.73597360	1.65222618
-719.70297030	1.60744586
-719.66996700	1.53484799
-719.63696370	1.44318836
-719.60396040	1.33957013
-719.57095710	1.23003564
-719.53795380	1.11948943
-719.50495050	1.01193346
-719.47194719	0.90887947
-719.43894389	0.81154972
-719.40594059	0.71942062
-719.37293729	0.63213229
-719.33993399	0.54996798
-719.30693069	0.47448666
-719.27392739	0.40724755
-719.24092409	0.34967496
-719.20792079	0.30144352
-719.17491749	0.26103910
-719.14191419	0.22518788
-719.10891089	0.19086583
-719.07590759	0.15568911
-719.04290429	0.11830782
-719.00990099	0.07916219
-718.97689769	0.03930533
-718.94389439	0.00057028
-718.91089109	-0.03561982
-718.87788779	-0.06718233
-718.84488449	-0.09242296
-718.81188119	-0.10966486
-718.77887789	-0.11733857
-718.74587459	-0.11496768
-718.71287129	-0.10234484
-718.67986799	-0.08064133
-718.64686469	-0.05142662
-718.61386139	-0.01696475
-718.58085809	0.01930947
-718.54785479	0.05432968
-718.51485149	0.08396179
-718.48184818	0.10550375
-718.44884488	0.11612229
-718.41584158	0.11570495
-718.38283828	0.10437911
-718.34983498	0.08419464
-718.31683168	0.05726847
-718.28382838	0.02684719
-718.25082508	-0.00436117
-718.21782178	-0.03354898
-718.18481848	-0.05820028
-718.15181518	-0.07642039
-718.11881188	-0.08654392
-718.08580858	-0.08788722
-718.05280528	-0.08069230
-718.01980198	-0.06629982
-717.98679868	-0.04709974
-717.95379538	-0.02629912
-717.92079208	-0.00658206
-717.88778878	0.00907428
-717.85478548	0.01896550
-717.82178218	0.02303709
-717.78877888	0.02145928
-717.75577558	0.01552913
-717.72277228	0.00708979
-717.68976898	-0.00265687
-717.65676568	-0.01208972
-717.62376238	-0.02075940
-717.59075908	-0.02832186
-717.55775578	-0.03486305
-717.52475248	-0.04036571
-717.49174917	-0.04485322
-717.45874587	-0.04793001
-717.42574257	-0.04910199
-717.39273927	-0.04852794
-717.35973597	-0.04608184
-717.32673267	-0.04241994
-717.29372937	-0.03840652
-717.26072607	-0.03457777
-717.22772277	-0.03153483
-717.19471947	-0.02998903
-717.16171617	-0.03021737
-717.12871287	-0.03208510
-717.09570957	-0.03524494
-717.06270627	-0.03881474
-717.02970297	-0.04116513
-716.99669967	-0.04064629
-716.96369637	-0.03563009
-716.93069307	-0.02536094
-716.89768977	-0.00980494
-716.86468647	0.01006340
-716.83168317	0.03243186
-716.79867987	0.05506313
-716.76567657	0.07629947
-716.73267327	0.09443494
-716.69966997	0.10844191
-716.66666667	0.11683977
-716.63366337	0.11925266
-716.60066007	0.11512037
-716.56765677	0.10399268
-716.53465347	0.08602883
-716.50165017	0.06202511
-716.46864686	0.03342342
-716.43564356	0.00208174
-716.40264026	-0.02927259
-716.36963696	-0.05792965
-716.33663366	-0.08057511
-716.30363036	-0.09525278
-716.27062706	-0.10036347
-716.23762376	-0.09578105
-716.20462046	-0.08292905
-716.17161716	-0.06392345
-716.13861386	-0.04183205
-716.10561056	-0.01954520
-716.07260726	0.00008245
-716.03960396	0.01491251
-716.00660066	0.02340936
-715.97359736	0.02490861
-715.94059406	0.01939151
-715.90759076	0.00804151
-715.87458746	-0.00726369
-715.84158416	-0.02413700
-715.80858086	-0.04018363
-715.77557756	-0.05316134
-715.74257426	-0.06199265
-715.70957096	-0.06628196
-715.67656766	-0.06597097
-715.64356436	-0.06192781
-715.61056106	-0.05492830
-715.57755776	-0.04579573
-715.54455446	-0.03562714
-715.51155116	-0.02532309
-715.47854785	-0.01579363
-715.44554455	-0.00771953
-715.41254125	-0.00099371
-715.37953795	0.00427918
-715.34653465	0.00843700
-715.31353135	0.01168011
-715.28052805	0.01379864
-715.24752475	0.01498216
-715.21452145	0.01460665
-715.18151815	0.01297788
-715.14851485	0.01008365
-715.11551155	0.00655895
-715.08250825	0.00328232
-715.04950495	0.00096394
-715.01650165	0.00060293
-714.98349835	0.00277542
-714.95049505	0.00748805
-714.91749175	0.01408590
-714.88448845	0.02122097
-714.85148515	0.02669473
-714.81848185	0.02844401
-714.78547855	0.02449271
-714.75247525	0.01472899
-714.71947195	-0.00000662
-714.68646865	-0.01767353
-714.65346535	-0.03529826
-714.62046205	-0.05050959
-714.58745875	-0.06131681
-714.55445545	-0.06694208
-714.52145215	-0.06779467
-714.48844884	-0.06506026
-714.45544554	-0.05985614
-714.42244224	-0.05351511
-714.38943894	-0.04722509
-714.35643564	-0.04152106
-714.32343234	-0.03682265
-714.29042904	-0.03370620
-714.25742574	-0.03178703
-714.22442244	-0.03085371
-714.19141914	-0.03088345
-714.15841584	-0.03146961
-714.12541254	-0.03264156
-714.09240924	-0.03384244
-714.05940594	-0.03484319
-714.02640264	-0.03539114
-713.99339934	-0.03462520
-713.96039604	-0.03152125
-713.92739274	-0.02583201
-713.89438944	-0.01702700
-713.86138614	-0.00577318
-713.82838284	0.00634021
-713.79537954	0.01733780
-713.76237624	0.02555218
-713.72937294	0.02983823
-713.69636964	0.02962651
-713.66336634	0.02597274
-713.63036304	0.02047881
-713.59735974	0.01419211
-713.56435644	0.00877160
-713.53135314	0.00472075
-713.49834983	0.00219304
-713.46534653	0.00143123
-713.43234323	0.00238189
-713.39933993	0.00514561
-713.36633663	0.00930986
-713.33333333	0.01510536
-713.30033003	0.02138431
-713.26732673	0.02730063
-713.23432343	0.03247495
-713.20132013	0.03626621
-713.16831683	0.03913038
-713.13531353	0.04132004
-713.10231023	0.04347029
-713.06930693	0.04535876
-713.03630363	0.04638617
-713.00330033	0.04576569
-712.97029703	0.04217578
-712.93729373	0.03479001
-712.90429043	0.02363497
-712.87128713	0.00909327
-712.83828383	-0.00715761
-712.80528053	-0.02319214
-712.77227723	-0.03776695
-712.73927393	-0.04906276
-712.70627063	-0.05667685
-712.67326733	-0.06087682
-712.64026403	-0.06196545
-712.60726073	-0.06120019
-712.57425743	-0.05967519
-712.54125413	-0.05861299
-712.50825083	-0.05861454
-712.47524752	-0.05981543
-712.44224422	-0.06206077
-712.40924092	-0.06402927
-712.37623762	-0.06517449
-712.34323432	-0.06467524
-712.31023102	-0.06164717
-712.27722772	-0.05651226
-712.24422442	-0.04947065
-712.21122112	-0.04171445
-712.17821782	-0.03360950
-712.14521452	-0.02604823
-712.11221122	-0.01864969
-712.07920792	-0.01096142
-712.04620462	-0.00230379
-712.01320132	0.00771529
-711.98019802	0.01944297
-711.94719472	0.03165817
-711.91419142	0.04304772
-711.88118812	0.05239348
-711.84818482	0.05832432
-711.81518152	0.05985000
-711.78217822	0.05753517
-711.74917492	0.05170490
-711.71617162	0.04379923
-711.68316832	0.03544749
-711.65016502	0.02792732
-711.61716172	0.02229681
-711.58415842	0.01953622
-711.55115512	0.01953532
-711.51815182	0.02227395
-711.48514851	0.02702195
-711.45214521	0.03271841
-711.41914191	0.03831379
-711.38613861	0.04346381
-711.35313531	0.04746295
-711.32013201	0.05042552
-711.28712871	0.05268255
-711.25412541	0.05424299
-711.22112211	0.05448726
-711.18811881	0.05356807
-711.15511551	0.05075010
-711.12211221	0.04582014
-711.08910891	0.03899345
-711.05610561	0.03033447
-711.02310231	0.02087083
-710.99009901	0.01110806
-710.95709571	0.00185992
-710.92409241	-0.00661997
-710.89108911	-0.01415965
-710.85808581	-0.02099426
-710.82508251	-0.02743649
-710.79207921	-0.03355588
-710.75907591	-0.03949055
-710.72607261	-0.04455161
-710.69306931	-0.04859495
-710.66006601	-0.05099054
-710.62706271	-0.05141078
-710.59405941	-0.05013908
-710.56105611	-0.04721449
-710.52805281	-0.04331195
-710.49504950	-0.03889095
-710.46204620	-0.03468249
-710.42904290	-0.03104495
-710.39603960	-0.02824357
-710.36303630	-0.02615127
-710.33003300	-0.02452078
-710.29702970	-0.02271449
-710.26402640	-0.02027911
-710.23102310	-0.01691940
-710.19801980	-0.01228438
-710.16501650	-0.00692708
-710.13201320	-0.00085241
-710.09900990	0.00468750
-710.06600660	0.00922843
-710.03300330	0.01200550
-710.00000000	0.01200465
-709.96699670	0.00938566
-709.93399340	0.00451601
-709.90099010	-0.00180666
-709.86798680	-0.00807260
-709.83498350	-0.01291568
-709.80198020	-0.01509764
-709.76897690	-0.01415287
-709.73597360	-0.01015484
-709.70297030	-0.00406565
-709.66996700	0.00301569
-709.63696370	0.01025172
-709.60396040	0.01630605
-709.57095710	0.02068871
-709.53795380	0.02349474
-709.50495050	0.02483641
-709.47194719	0.02519306
-709.43894389	0.02510257
-709.40594059	0.02513239
-709.37293729	0.02512100
-709.33993399	0.02501699
-709.30693069	0.02484525
-709.27392739	0.02396249
-709.24092409	0.02236177
-709.20792079	0.02009770
-709.17491749	0.01751143
-709.14191419	0.01475569
-709.10891089	0.01238773
-709.07590759	0.01063816
-709.04290429	0.00966739
-709.00990099	0.00936832
-708.97689769	0.00973449
-708.94389439	0.01058742
-708.91089109	0.01184372
-708.87788779	0.01337167
-708.84488449	0.01564035
-708.81188119	0.01805134
-708.77887789	0.02036429
-708.74587459	0.02205779
-708.71287129	0.02272765
-708.67986799	0.02220384
-708.64686469	0.02061905
-708.61386139	0.01856704
-708.58085809	0.01717766
-708.54785479	0.01736025
-708.51485149	0.02006809
-708.48184818	0.02540869
-708.44884488	0.03319058
-708.41584158	0.04298714
-708.38283828	0.05335259
-708.34983498	0.06358350
-708.31683168	0.07272327
-708.28382838	0.07955386
-708.25082508	0.08376618
-708.21782178	0.08480968
-708.18481848	0.08207047
-708.15181518	0.07620557
-708.11881188	0.06698974
-708.08580858	0.05433164
-708.05280528	0.03884691
-708.01980198	0.01994143
-707.98679868	-0.00144429
-707.95379538	-0.02512252
-707.92079208	-0.04992340
-707.88778878	-0.07423183
-707.85478548	-0.09731030
-707.82178218	-0.11753116
-707.78877888	-0.13424441
-707.75577558	-0.14748765
-707.72277228	-0.15703985
-707.68976898	-0.16379090
-707.65676568	-0.16865507
-707.62376238	-0.17209638
-707.59075908	-0.17494433
-707.55775578	-0.17757263
-707.52475248	-0.17936056
-707.49174917	-0.18034065
-707.45874587	-0.17913991
-707.42574257	-0.17445911
-707.39273927	-0.16570379
-707.35973597	-0.15191091
-707.32673267	-0.13326875
-707.29372937	-0.11039676
-707.26072607	-0.08440108
-707.22772277	-0.05696892
-707.19471947	-0.02920664
-707.16171617	-0.00184364
-707.12871287	0.02418419
-707.09570957	0.04892202
-707.06270627	0.07217349
-707.02970297	0.09358997
-706.99669967	0.11241096
-706.96369637	0.12817227
-706.93069307	0.13936419
-706.89768977	0.14575988
-706.86468647	0.14701601
-706.83168317	0.14318928
-706.79867987	0.13527531
-706.76567657	0.12424789
-706.73267327	0.11132518
-706.69966997	0.09797672
-706.66666667	0.08516614
-706.63366337	0.07417398
-706.60066007	0.06572459
-706.56765677	0.06007095
-706.53465347	0.05744177
-706.50165017	0.05736036
-706.46864686	0.05847104
-706.43564356	0.06008584
-706.40264026	0.06086835
-706.36963696	0.05983954
-706.33663366	0.05649605
-706.30363036	0.05056894
-706.27062706	0.04197595
-706.23762376	0.03099100
-706.20462046	0.01852623
-706.17161716	0.00517068
-706.13861386	-0.00797645
-706.10561056	-0.01967175
-706.07260726	-0.02883884
-706.03960396	-0.03425079
-706.00660066	-0.03519082
-705.97359736	-0.03158925
-705.94059406	-0.02327325
-705.90759076	-0.01103893
-705.87458746	0.00412221
-705.84158416	0.02061068
-705.80858086	0.03686989
-705.77557756	0.05141473
-705.74257426	0.06274840
-705.70957096	0.06949075
-705.67656766	0.07083938
-705.64356436	0.06616820
-705.61056106	0.05576109
-705.57755776	0.04042248
-705.54455446	0.02185500
-705.51155116	0.00221090
-705.47854785	-0.01626735
-705.44554455	-0.03163622
-705.41254125	-0.04252166
-705.37953795	-0.04863947
-705.34653465	-0.04998581
-705.31353135	-0.04772609
-705.28052805	-0.04287539
-705.24752475	-0.03653254
-705.21452145	-0.02999484
-705.18151815	-0.02422595
-705.14851485	-0.02012164
-705.11551155	-0.01871750
-705.08250825	-0.02007400
-705.04950495	-0.02372731
-705.01650165	-0.02919179
-704.98349835	-0.03513842
-704.95049505	-0.03964839
-704.91749175	-0.04163139
-704.88448845	-0.04009268
-704.85148515	-0.03409984
-704.81848185	-0.02385584
-704.78547855	-0.01004286
-704.75247525	0.00623872
-704.71947195	0.02314642
-704.68646865	0.03895939
-704.65346535	0.05194558
-704.62046205	0.06064002
-704.58745875	0.06364806
-704.55445545	0.06077244
-704.52145215	0.05224123
-704.48844884	0.03885378
-704.45544554	0.02221975
-704.42244224	0.00408665
-704.38943894	-0.01356863
-704.35643564	-0.02940140
-704.32343234	-0.04173439
-704.29042904	-0.04989480
-704.25742574	-0.05343829
-704.22442244	-0.05176799
-704.19141914	-0.04505450
-704.15841584	-0.03323104
-704.12541254	-0.01659794
-704.09240924	0.00383737
-704.05940594	0.02647972
-704.02640264	0.04927311
-703.99339934	0.06928406
-703.96039604	0.08399246
-703.92739274	0.09117265
-703.89438944	0.08947973
-703.86138614	0.07895329
-703.82838284	0.06107576
-703.79537954	0.03797192
-703.76237624	0.01247687
-703.72937294	-0.01252648
-703.69636964	-0.03451500
-703.66336634	-0.05146019
-703.63036304	-0.06263698
-703.59735974	-0.06826290
-703.56435644	-0.06876603
-703.53135314	-0.06521076
-703.49834983	-0.05928026
-703.46534653	-0.05189638
-703.43234323	-0.04430960
-703.39933993	-0.03752097
-703.36633663	-0.03112471
-703.33333333	-0.02538691
-703.30033003	-0.01990695
-703.26732673	-0.01411906
-703.23432343	-0.00826310
-703.20132013	-0.00210286
-703.16831683	0.00372850
-703.13531353	0.00882441
-703.10231023	0.01331440
-703.06930693	0.01664593
-703.03630363	0.01903905
-703.00330033	0.02052843
-702.97029703	0.02107066
-702.93729373	0.02088884
-702.90429043	0.02002212
-702.87128713	0.01857957
-702.83828383	0.01667896
-702.80528053	0.01423505
-702.77227723	0.01138056
-702.73927393	0.00828258
-702.70627063	0.00438594
-702.67326733	0.00011600
-702.64026403	-0.00499221
-702.60726073	-0.01087602
-702.57425743	-0.01711163
-702.54125413	-0.02359476
-702.50825083	-0.02951057
-702.47524752	-0.03410598
-702.44224422	-0.03630362
-702.40924092	-0.03514059
-702.37623762	-0.03034237
-702.34323432	-0.02157816
-702.31023102	-0.00924655
-702.27722772	0.00507164
-702.24422442	0.02003149
-702.21122112	0.03404418
-702.17821782	0.04525312
-702.14521452	0.05243532
-702.11221122	0.05504490
-702.07920792	0.05281416
-702.04620462	0.04599212
-702.01320132	0.03534524
-701.98019802	0.02196415
-701.94719472	0.00704531
-701.91419142	-0.00797465
-701.88118812	-0.02173086
-701.84818482	-0.03297522
-701.81518152	-0.04076013
-701.78217822	-0.04440843
-701.74917492	-0.04424864
-701.71617162	-0.04035653
-701.68316832	-0.03401905
-701.65016502	-0.02616082
-701.61716172	-0.01804984
-701.58415842	-0.01066798
-701.55115512	-0.00509998
-701.51815182	-0.00209098
-701.48514851	-0.00162000
-701.45214521	-0.00362203
-701.41914191	-0.00721446
-701.38613861	-0.01144057
-701.35313531	-0.01491920
-701.32013201	-0.01689614
-701.28712871	-0.01690880
-701.25412541	-0.01456575
-701.22112211	-0.01011528
-701.18811881	-0.00412612
-701.15511551	0.00279326
-701.12211221	0.01001460
-701.08910891	0.01710738
-701.05610561	0.02300044
-701.02310231	0.02740232
-700.99009901	0.02947486
-700.95709571	0.02855743
-700.92409241	0.02441156
-700.89108911	0.01692256
-700.85808581	0.00701720
-700.82508251	-0.00459808
-700.79207921	-0.01621590
-700.75907591	-0.02636053
-700.72607261	-0.03351876
-700.69306931	-0.03643314
-700.66006601	-0.03508059
-700.62706271	-0.02906905
-700.59405941	-0.01866155
-700.56105611	-0.00491069
-700.52805281	0.01153820
-700.49504950	0.02949542
-700.46204620	0.04730265
-700.42904290	0.06330291
-700.39603960	0.07557085
-700.36303630	0.08222658
-700.33003300	0.08205476
-700.29702970	0.07483681
-700.26402640	0.06103544
-700.23102310	0.04244302
-700.19801980	0.02115665
-700.16501650	-0.00056537
-700.13201320	-0.02001408
-700.09900990	-0.03569014
-700.06600660	-0.04645697
-700.03300330	-0.05164087
-700.00000000	-0.05181908
-699.96699670	-0.04784262
-699.93399340	-0.04053817
-699.90099010	-0.03167472
-699.86798680	-0.02238362
-699.83498350	-0.01389447
-699.80198020	-0.00706153
-699.76897690	-0.00260726
-699.73597360	-0.00094875
-699.70297030	-0.00180524
-699.66996700	-0.00492457
-699.63696370	-0.00927906
-699.60396040	-0.01399624
-699.57095710	-0.01824909
-699.53795380	-0.02119849
-699.50495050	-0.02208619
-699.47194719	-0.02081464
-699.43894389	-0.01748852
-699.40594059	-0.01240846
-699.37293729	-0.00652737
-699.33993399	-0.00049186
-699.30693069	0.00476565
-699.27392739	0.00871193
-699.24092409	0.01092390
-699.20792079	0.01124648
-699.17491749	0.01055093
-699.14191419	0.00923395
-699.10891089	0.00762808
-699.07590759	0.00644898
-699.04290429	0.00599210
-699.00990099	0.00581784
-698.97689769	0.00603404
-698.94389439	0.00650604
-698.91089109	0.00700453
-698.87788779	0.00735245
-698.84488449	0.00788209
-698.81188119	0.00864726
-698.77887789	0.00979427
-698.74587459	0.01174676
-698.71287129	0.01413929
-698.67986799	0.01663825
-698.64686469	0.01880982
-698.61386139	0.01968346
-698.58085809	0.01901878
-698.54785479	0.01613880
-698.51485149	0.01095855
-698.48184818	0.00427919
-698.44884488	-0.00354444
-698.41584158	-0.01136385
-698.38283828	-0.01815507
-698.34983498	-0.02321998
-698.31683168	-0.02558404
-698.28382838	-0.02529209
-698.25082508	-0.02253100
-698.21782178	-0.01796331
-698.18481848	-0.01261059
-698.15181518	-0.00723834
-698.11881188	-0.00275543
-698.08580858	0.00038556
-698.05280528	0.00200406
-698.01980198	0.00213130
-697.98679868	0.00082575
-697.95379538	-0.00141076
-697.92079208	-0.00457817
-697.88778878	-0.00830614
-697.85478548	-0.01184451
-697.82178218	-0.01484008
-697.78877888	-0.01654352
-697.75577558	-0.01667351
-697.72277228	-0.01493707
-697.68976898	-0.01125285
-697.65676568	-0.00597898
-697.62376238	0.00025400
-697.59075908	0.00654206
-697.55775578	0.01198145
-697.52475248	0.01622155
-697.49174917	0.01824359
-697.45874587	0.01809535
-697.42574257	0.01601611
-697.39273927	0.01267503
-697.35973597	0.00832899
-697.32673267	0.00397332
-697.29372937	0.00000572
-697.26072607	-0.00364374
-697.22772277	-0.00632314
-697.19471947	-0.00829163
-697.16171617	-0.00930699
-697.12871287	-0.00923593
-697.09570957	-0.00799983
-697.06270627	-0.00536690
-697.02970297	-0.00139067
-696.99669967	0.00393676
-696.96369637	0.01023463
-696.93069307	0.01686869
-696.89768977	0.02333423
-696.86468647	0.02852295
-696.83168317	0.03175954
-696.79867987	0.03262982
-696.76567657	0.03041429
-696.73267327	0.02551678
-696.69966997	0.01802932
-696.66666667	0.00887985
-696.63366337	-0.00106249
-696.60066007	-0.01093498
-696.56765677	-0.01923167
-696.53465347	-0.02554373
-696.50165017	-0.02866644
-696.46864686	-0.02848857
-696.43564356	-0.02515430
-696.40264026	-0.01890400
-696.36963696	-0.01080802
-696.33663366	-0.00183620
-696.30363036	0.00696081
-696.27062706	0.01420554
-696.23762376	0.01892770
-696.20462046	0.02044276
-696.17161716	0.01832641
-696.13861386	0.01326285
-696.10561056	0.00592208
-696.07260726	-0.00239035
-696.03960396	-0.01054170
-696.00660066	-0.01762314
-695.97359736	-0.02281362
-695.94059406	-0.02596443
-695.90759076	-0.02718788
-695.87458746	-0.02686853
-695.84158416	-0.02496359
-695.80858086	-0.02212734
-695.77557756	-0.01840348
-695.74257426	-0.01368289
-695.70957096	-0.00879999
-695.67656766	-0.00366510
-695.64356436	0.00138110
-695.61056106	0.00546177
-695.57755776	0.00848420
-695.54455446	0.01022020
-695.51155116	0.01045553
-695.47854785	0.00984627
-695.44554455	0.00888140
-695.41254125	0.00823353
-695.37953795	0.00878836
-695.34653465	0.01105234
-695.31353135	0.01499191
-695.28052805	0.02006920
-695.24752475	0.02551854
-695.21452145	0.03008669
-695.18151815	0.03291453
-695.14851485	0.03295975
-695.11551155	0.02987917
-695.08250825	0.02384624
-695.04950495	0.01518702
-695.01650165	0.00498619
-694.98349835	-0.00596264
-694.95049505	-0.01666846
-694.91749175	-0.02580542
-694.88448845	-0.03279294
-694.85148515	-0.03670216
-694.81848185	-0.03709369
-694.78547855	-0.03396934
-694.75247525	-0.02776245
-694.71947195	-0.01918486
-694.68646865	-0.00961292
-694.65346535	-0.00043517
-694.62046205	0.00665856
-694.58745875	0.01072762
-694.55445545	0.01104181
-694.52145215	0.00756237
-694.48844884	0.00122542
-694.45544554	-0.00694246
-694.42244224	-0.01526874
-694.38943894	-0.02259309
-694.35643564	-0.02769383
-694.32343234	-0.03013263
-694.29042904	-0.02976215
-694.25742574	-0.02705376
-694.22442244	-0.02243455
-694.19141914	-0.01658148
-694.15841584	-0.01039605
-694.12541254	-0.00421880
-694.09240924	0.00190530
-694.05940594	0.00757437
-694.02640264	0.01272456
-693.99339934	0.01765340
-693.96039604	0.02195167
-693.92739274	0.02586158
-693.89438944	0.02869952
-693.86138614	0.03071603
-693.82838284	0.03176156
-693.79537954	0.03129700
-693.76237624	0.02986799
-693.72937294	0.02741348
-693.69636964	0.02411121
-693.66336634	0.02075118
-693.63036304	0.01769292
-693.59735974	0.01521021
-693.56435644	0.01424657
-693.53135314	0.01443832
-693.49834983	0.01564894
-693.46534653	0.01768229
-693.43234323	0.01969570
-693.39933993	0.02089480
-693.36633663	0.02097537
-693.33333333	0.01920794
-693.30033003	0.01557184
-693.26732673	0.01044105
-693.23432343	0.00414563
-693.20132013	-0.00256535
-693.16831683	-0.00885363
-693.13531353	-0.01361669
-693.10231023	-0.01663759
-693.06930693	-0.01734597
-693.03630363	-0.01544681
-693.00330033	-0.01153262
-692.97029703	-0.00594932
-692.93729373	0.00071893
-692.90429043	0.00730316
-692.87128713	0.01335700
-692.83828383	0.01789782
-692.80528053	0.02031524
-692.77227723	0.02077571
-692.73927393	0.01897163
-692.70627063	0.01566876
-692.67326733	0.01109755
-692.64026403	0.00594493
-692.60726073	0.00070096
-692.57425743	-0.00411635
-692.54125413	-0.00832454
-692.50825083	-0.01176185
-692.47524752	-0.01403760
-692.44224422	-0.01565082
-692.40924092	-0.01654626
-692.37623762	-0.01716569
-692.34323432	-0.01771302
-692.31023102	-0.01813376
-692.27722772	-0.01838765
-692.24422442	-0.01803218
-692.21122112	-0.01679270
-692.17821782	-0.01448972
-692.14521452	-0.01056917
-692.11221122	-0.00545319
-692.07920792	0.00098290
-692.04620462	0.00811734
-692.01320132	0.01568965
-691.98019802	0.02288263
-691.94719472	0.02928607
-691.91419142	0.03444771
-691.88118812	0.03723992
-691.84818482	0.03794110
-691.81518152	0.03630778
-691.78217822	0.03200165
-691.74917492	0.02595389
-691.71617162	0.01832131
-691.68316832	0.00981880
-691.65016502	0.00137554
-691.61716172	-0.00639222
-691.58415842	-0.01289201
-691.55115512	-0.01739124
-691.51815182	-0.01996279
-691.48514851	-0.02063718
-691.45214521	-0.01951042
-691.41914191	-0.01711499
-691.38613861	-0.01381947
-691.35313531	-0.00974635
-691.32013201	-0.00509853
-691.28712871	-0.00024799
-691.25412541	0.00526552
-691.22112211	0.01101248
-691.18811881	0.01697234
-691.15511551	0.02269247
-691.12211221	0.02753320
-691.08910891	0.03102938
-691.05610561	0.03262658
-691.02310231	0.03164048
-690.99009901	0.02815901
-690.95709571	0.02211140
-690.92409241	0.01394685
-690.89108911	0.00445113
-690.85808581	-0.00541715
-690.82508251	-0.01476313
-690.79207921	-0.02292091
-690.75907591	-0.02902558
-690.72607261	-0.03306238
-690.69306931	-0.03479571
-690.66006601	-0.03492425
-690.62706271	-0.03376186
-690.59405941	-0.03189472
-690.56105611	-0.02989164
-690.52805281	-0.02793991
-690.49504950	-0.02597988
-690.46204620	-0.02431002
-690.42904290	-0.02226451
-690.39603960	-0.01975394
-690.36303630	-0.01624590
-690.33003300	-0.01158100
-690.29702970	-0.00582369
-690.26402640	0.00095903
-690.23102310	0.00800521
-690.19801980	0.01449337
-690.16501650	0.01966156
-690.13201320	0.02246154
-690.09900990	0.02252750
-690.06600660	0.01992108
-690.03300330	0.01521279
-690.00000000	0.00929197
-689.96699670	0.00303822
-689.93399340	-0.00230122
-689.90099010	-0.00607543
-689.86798680	-0.00804122
-689.83498350	-0.00789805
-689.80198020	-0.00616952
-689.76897690	-0.00350199
-689.73597360	-0.00066567
-689.70297030	0.00169626
-689.66996700	0.00341599
-689.63696370	0.00375076
-689.60396040	0.00274490
-689.57095710	0.00093038
-689.53795380	-0.00173092
-689.50495050	-0.00439999
-689.47194719	-0.00645990
-689.43894389	-0.00762404
-689.40594059	-0.00755208
-689.37293729	-0.00617287
-689.33993399	-0.00367947
-689.30693069	-0.00086714
-689.27392739	0.00144177
-689.24092409	0.00285440
-689.20792079	0.00230779
-689.17491749	-0.00008587
-689.14191419	-0.00384208
-689.10891089	-0.00849688
-689.07590759	-0.01321546
-689.04290429	-0.01706305
-689.00990099	-0.01949541
-688.97689769	-0.02066216
-688.94389439	-0.02073147
-688.91089109	-0.01997111
-688.87788779	-0.01919962
-688.84488449	-0.01877815
-688.81188119	-0.01872858
-688.77887789	-0.01918740
-688.74587459	-0.01976918
-688.71287129	-0.02002948
-688.67986799	-0.01936729
-688.64686469	-0.01753011
-688.61386139	-0.01400242
-688.58085809	-0.00907901
-688.54785479	-0.00236695
-688.51485149	0.00548452
-688.48184818	0.01394496
-688.44884488	0.02263742
-688.41584158	0.03042050
-688.38283828	0.03699807
-688.34983498	0.04137543
-688.31683168	0.04313285
-688.28382838	0.04219467
-688.25082508	0.03866462
-688.21782178	0.03278682
-688.18481848	0.02561954
-688.15181518	0.01775659
-688.11881188	0.00985721
-688.08580858	0.00315708
-688.05280528	-0.00227425
-688.01980198	-0.00572492
-687.98679868	-0.00706083
-687.95379538	-0.00685489
-687.92079208	-0.00511906
-687.88778878	-0.00213950
-687.85478548	0.00123807
-687.82178218	0.00449563
-687.78877888	0.00784135
-687.75577558	0.01091539
-687.72277228	0.01373720
-687.68976898	0.01619967
-687.65676568	0.01862447
-687.62376238	0.02048137
-687.59075908	0.02182378
-687.55775578	0.02244370
-687.52475248	0.02194098
-687.49174917	0.02043960
-687.45874587	0.01768528
-687.42574257	0.01360567
-687.39273927	0.00836986
-687.35973597	0.00201698
-687.32673267	-0.00503857
-687.29372937	-0.01224535
-687.26072607	-0.01900329
-687.22772277	-0.02439135
-687.19471947	-0.02777013
-687.16171617	-0.02858695
-687.12871287	-0.02708456
-687.09570957	-0.02304586
-687.06270627	-0.01743244
-687.02970297	-0.01139000
-686.99669967	-0.00530279
-686.96369637	-0.00023524
-686.93069307	0.00314650
-686.89768977	0.00469217
-686.86468647	0.00401224
-686.83168317	0.00160258
-686.79867987	-0.00232209
-686.76567657	-0.00696706
-686.73267327	-0.01149724
-686.69966997	-0.01520038
-686.66666667	-0.01721122
-686.63366337	-0.01745900
-686.60066007	-0.01548528
-686.56765677	-0.01206228
-686.53465347	-0.00744801
-686.50165017	-0.00256998
-686.46864686	0.00169564
-686.43564356	0.00462709
-686.40264026	0.00597715
-686.36963696	0.00525289
-686.33663366	0.00269048
-686.30363036	-0.00090090
-686.27062706	-0.00496137
-686.23762376	-0.00850821
-686.20462046	-0.01079284
-686.17161716	-0.01120733
-686.13861386	-0.00972233
-686.10561056	-0.00645726
-686.07260726	-0.00211617
-686.03960396	0.00296845
-686.00660066	0.00771813
-685.97359736	0.01188392
-685.94059406	0.01497558
-685.90759076	0.01651186
-685.87458746	0.01669828
-685.84158416	0.01542102
-685.80858086	0.01301448
-685.77557756	0.00994306
-685.74257426	0.00676242
-685.70957096	0.00378429
-685.67656766	0.00128538
-685.64356436	-0.00051731
-685.61056106	-0.00144355
-685.57755776	-0.00183796
-685.54455446	-0.00187544
-685.51155116	-0.00185611
-685.47854785	-0.00177436
-685.44554455	-0.00238197
-685.41254125	-0.00335197
-685.37953795	-0.00500759
-685.34653465	-0.00723131
-685.31353135	-0.00969482
-685.28052805	-0.01223268
-685.24752475	-0.01462377
-685.21452145	-0.01653906
-685.18151815	-0.01805302
-685.14851485	-0.01905505
-685.11551155	-0.01975251
-685.08250825	-0.02010891
-685.04950495	-0.01998377
-685.01650165	-0.01923928
-684.98349835	-0.01764281
-684.95049505	-0.01491919
-684.91749175	-0.01082997
-684.88448845	-0.00540632
-684.85148515	0.00118089
-684.81848185	0.00813227
-684.78547855	0.01520695
-684.75247525	0.02124309
-684.71947195	0.02543483
-684.68646865	0.02781326
-684.65346535	0.02768330
-684.62046205	0.02551452
-684.58745875	0.02180149
-684.55445545	0.01672870
-684.52145215	0.01148690
-684.48844884	0.00627071
-684.45544554	0.00140804
-684.42244224	-0.00252162
-684.38943894	-0.00508403
-684.35643564	-0.00640688
-684.32343234	-0.00622376
-684.29042904	-0.00442656
-684.25742574	-0.00160028
-684.22442244	0.00227218
-684.19141914	0.00643265
-684.15841584	0.01030487
-684.12541254	0.01350107
-684.09240924	0.01542152
-684.05940594	0.01587548
-684.02640264	0.01493253
-683.99339934	0.01262364
-683.96039604	0.00949156
-683.92739274	0.00571091
-683.89438944	0.00195374
-683.86138614	-0.00171978
-683.82838284	-0.00514691
-683.79537954	-0.00815964
-683.76237624	-0.01108317
-683.72937294	-0.01339384
-683.69636964	-0.01553342
-683.66336634	-0.01723628
-683.63036304	-0.01836008
-683.59735974	-0.01869462
-683.56435644	-0.01842674
-683.53135314	-0.01728565
-683.49834983	-0.01553610
-683.46534653	-0.01345693
-683.43234323	-0.01122609
-683.39933993	-0.00922517
-683.36633663	-0.00778597
-683.33333333	-0.00674247
-683.30033003	-0.00665747
-683.26732673	-0.00728393
-683.23432343	-0.00823862
-683.20132013	-0.00983587
-683.16831683	-0.01105115
-683.13531353	-0.01224131
-683.10231023	-0.01249412
-683.06930693	-0.01175234
-683.03630363	-0.01002936
-683.00330033	-0.00725303
-682.97029703	-0.00333104
-682.93729373	0.00122011
-682.90429043	0.00618124
-682.87128713	0.01099491
-682.83828383	0.01525179
-682.80528053	0.01842695
-682.77227723	0.02044523
-682.73927393	0.02080373
-682.70627063	0.01994177
-682.67326733	0.01800270
-682.64026403	0.01564378
-682.60726073	0.01316894
-682.57425743	0.01115490
-682.54125413	0.00979807
-682.50825083	0.00906677
-682.47524752	0.00934913
-682.44224422	0.01057032
-682.40924092	0.01235342
-682.37623762	0.01456383
-682.34323432	0.01718383
-682.31023102	0.01954432
-682.27722772	0.02168197
-682.24422442	0.02316393
-682.21122112	0.02435577
-682.17821782	0.02497784
-682.14521452	0.02551080
-682.11221122	0.02588940
-682.07920792	0.02606143
-682.04620462	0.02666611
-682.01320132	0.02762153
-681.98019802	0.02875118
-681.94719472	0.03031176
-681.91419142	0.03226180
-681.88118812	0.03412363
-681.84818482	0.03567884
-681.81518152	0.03644266
-681.78217822	0.03619301
-681.74917492	0.03456516
-681.71617162	0.03177085
-681.68316832	0.02775639
-681.65016502	0.02294602
-681.61716172	0.01762646
-681.58415842	0.01250250
-681.55115512	0.00779954
-681.51815182	0.00429709
-681.48514851	0.00190529
-681.45214521	0.00101781
-681.41914191	0.00122243
-681.38613861	0.00258794
-681.35313531	0.00433508
-681.32013201	0.00636292
-681.28712871	0.00819096
-681.25412541	0.00963751
-681.22112211	0.01049074
-681.18811881	0.01092703
-681.15511551	0.01051693
-681.12211221	0.00953922
-681.08910891	0.00796179
-681.05610561	0.00571003
-681.02310231	0.00296262
-680.99009901	-0.00003488
-680.95709571	-0.00311042
-680.92409241	-0.00596383
-680.89108911	-0.00841552
-680.85808581	-0.01028560
-680.82508251	-0.01109630
-680.79207921	-0.01108916
-680.75907591	-0.00992916
-680.72607261	-0.00778256
-680.69306931	-0.00466916
-680.66006601	-0.00110970
-680.62706271	0.00249771
-680.59405941	0.00530159
-680.56105611	0.00656957
-680.52805281	0.00591413
-680.49504950	0.00280088
-680.46204620	-0.00237197
-680.42904290	-0.00943720
-680.39603960	-0.01722539
-680.36303630	-0.02508090
-680.33003300	-0.03171634
-680.29702970	-0.03649965
-680.26402640	-0.03866008
-680.23102310	-0.03842566
-680.19801980	-0.03556510
-680.16501650	-0.03102492
-680.13201320	-0.02542899
-680.09900990	-0.01990419
-680.06600660	-0.01534840
-680.03300330	-0.01256630
-680.00000000	-0.01213979
-679.96699670	-0.01383151
-679.93399340	-0.01765310
-679.90099010	-0.02247807
-679.86798680	-0.02754959
-679.83498350	-0.03160978
-679.80198020	-0.03428068
-679.76897690	-0.03466069
-679.73597360	-0.03326958
-679.70297030	-0.03018220
-679.66996700	-0.02638702
-679.63696370	-0.02254909
-679.60396040	-0.01964578
-679.57095710	-0.01810575
-679.53795380	-0.01832203
-679.50495050	-0.02044091
-679.47194719	-0.02354121
-679.43894389	-0.02758584
-679.40594059	-0.03122663
-679.37293729	-0.03385987
-679.33993399	-0.03447750
-679.30693069	-0.03287333
-679.27392739	-0.02886053
-679.24092409	-0.02298977
-679.20792079	-0.01572201
-679.17491749	-0.00800547
-679.14191419	-0.00036936
-679.10891089	0.00606749
-679.07590759	0.01133195
-679.04290429	0.01504204
-679.00990099	0.01682238
-678.97689769	0.01703343
-678.94389439	0.01569129
-678.91089109	0.01305776
-678.87788779	0.00955581
-678.84488449	0.00508150
-678.81188119	0.00037782
-678.77887789	-0.00494125
-678.74587459	-0.01028914
-678.71287129	-0.01551181
-678.67986799	-0.02019591
-678.64686469	-0.02402412
-678.61386139	-0.02639941
-678.58085809	-0.02702622
-678.54785479	-0.02578712
-678.51485149	-0.02279971
-678.48184818	-0.01833330
-678.44884488	-0.01295482
-678.41584158	-0.00727908
-678.38283828	-0.00194510
-678.34983498	0.00243373
-678.31683168	0.00535984
-678.28382838	0.00672292
-678.25082508	0.00669895
-678.21782178	0.00522276
-678.18481848	0.00305785
-678.15181518	0.00038293
-678.11881188	-0.00208096
-678.08580858	-0.00423280
-678.05280528	-0.00561573
-678.01980198	-0.00599121
-677.98679868	-0.00537690
-677.95379538	-0.00372108
-677.92079208	-0.00163680
-677.88778878	0.00087255
-677.85478548	0.00295368
-677.82178218	0.00457043
-677.78877888	0.00484773
-677.75577558	0.00451575
-677.72277228	0.00326103
-677.68976898	0.00184826
-677.65676568	0.00057497
-677.62376238	0.00025402
-677.59075908	0.00052296
-677.55775578	0.00179347
-677.52475248	0.00358755
-677.49174917	0.00574337
-677.45874587	0.00786226
-677.42574257	0.00977884
-677.39273927	0.01131483
-677.35973597	0.01278840
-677.32673267	0.01398815
-677.29372937	0.01541041
-677.26072607	0.01687650
-677.22772277	0.01833980
-677.19471947	0.01957108
-677.16171617	0.02047902
-677.12871287	0.02063410
-677.09570957	0.01968053
-677.06270627	0.01779849
-677.02970297	0.01486981
-676.99669967	0.01104637
-676.96369637	0.00675704
-676.93069307	0.00232306
-676.89768977	-0.00171289
-676.86468647	-0.00540275
-676.83168317	-0.00817985
-676.79867987	-0.01013331
-676.76567657	-0.01072064
-676.73267327	-0.01023939
-676.69966997	-0.00831948
-676.66666667	-0.00506668
-676.63366337	-0.00048180
-676.60066007	0.00505441
-676.56765677	0.01116227
-676.53465347	0.01733815
-676.50165017	0.02313709
-676.46864686	0.02803050
-676.43564356	0.03131818
-676.40264026	0.03312054
-676.36963696	0.03303633
-676.33663366	0.03145417
-676.30363036	0.02822733
-676.27062706	0.02411666
-676.23762376	0.01906843
-676.20462046	0.01387472
-676.17161716	0.00875521
-676.13861386	0.00410985
-676.10561056	0.00004728
-676.07260726	-0.00281521
-676.03960396	-0.00464782
-676.00660066	-0.00540915
-675.97359736	-0.00503539
-675.94059406	-0.00404312
-675.90759076	-0.00228263
-675.87458746	-0.00035691
-675.84158416	0.00220557
-675.80858086	0.00495317
-675.77557756	0.00831718
-675.74257426	0.01229168
-675.70957096	0.01669504
-675.67656766	0.02161233
-675.64356436	0.02646901
-675.61056106	0.03113332
-675.57755776	0.03530040
-675.54455446	0.03841241
-675.51155116	0.04014881
-675.47854785	0.04049306
-675.44554455	0.03911106
-675.41254125	0.03624705
-675.37953795	0.03172782
-675.34653465	0.02607049
-675.31353135	0.01942046
-675.28052805	0.01226108
-675.24752475	0.00487009
-675.21452145	-0.00242075
-675.18151815	-0.00929908
-675.14851485	-0.01531268
-675.11551155	-0.02016054
-675.08250825	-0.02355021
-675.04950495	-0.02505583
-675.01650165	-0.02490525
-674.98349835	-0.02281160
-674.95049505	-0.01901056
-674.91749175	-0.01391016
-674.88448845	-0.00794155
-674.85148515	-0.00146410
-674.81848185	0.00463722
-674.78547855	0.00989675
-674.75247525	0.01354476
-674.71947195	0.01552165
-674.68646865	0.01523986
-674.65346535	0.01282154
-674.62046205	0.00857322
-674.58745875	0.00292103
-674.55445545	-0.00383462
-674.52145215	-0.01086454
-674.48844884	-0.01748313
-674.45544554	-0.02323210
-674.42244224	-0.02749068
-674.38943894	-0.02978806
-674.35643564	-0.03002102
-674.32343234	-0.02844353
-674.29042904	-0.02508645
-674.25742574	-0.02092688
-674.22442244	-0.01616657
-674.19141914	-0.01161345
-674.15841584	-0.00737379
-674.12541254	-0.00388724
-674.09240924	-0.00074781
-674.05940594	0.00180653
-674.02640264	0.00428420
-673.99339934	0.00648963
-673.96039604	0.00889792
-673.92739274	0.01125205
-673.89438944	0.01391279
-673.86138614	0.01630476
-673.82838284	0.01892909
-673.79537954	0.02117657
-673.76237624	0.02277771
-673.72937294	0.02379617
-673.69636964	0.02367931
-673.66336634	0.02269582
-673.63036304	0.02040362
-673.59735974	0.01753215
-673.56435644	0.01397189
-673.53135314	0.00994547
-673.49834983	0.00602005
-673.46534653	0.00170824
-673.43234323	-0.00254655
-673.39933993	-0.00652666
-673.36633663	-0.01048191
-673.33333333	-0.01383504
-673.30033003	-0.01665014
-673.26732673	-0.01845350
-673.23432343	-0.01926576
-673.20132013	-0.01879747
-673.16831683	-0.01690254
-673.13531353	-0.01388718
-673.10231023	-0.01014056
-673.06930693	-0.00546580
-673.03630363	-0.00090466
-673.00330033	0.00375736
-672.97029703	0.00754491
-672.93729373	0.01064122
-672.90429043	0.01236490
-672.87128713	0.01290471
-672.83828383	0.01214804
-672.80528053	0.01032233
-672.77227723	0.00808686
-672.73927393	0.00568707
-672.70627063	0.00354200
-672.67326733	0.00217342
-672.64026403	0.00142640
-672.60726073	0.00133214
-672.57425743	0.00145863
-672.54125413	0.00162942
-672.50825083	0.00150327
-672.47524752	0.00117108
-672.44224422	0.00042086
-672.40924092	-0.00031111
-672.37623762	-0.00111607
-672.34323432	-0.00141587
-672.31023102	-0.00122283
-672.27722772	-0.00020864
-672.24422442	0.00160745
-672.21122112	0.00441096
-672.17821782	0.00786150
-672.14521452	0.01174597
-672.11221122	0.01554516
-672.07920792	0.01909815
-672.04620462	0.02198780
-672.01320132	0.02345805
-671.98019802	0.02420348
-671.94719472	0.02344158
-671.91419142	0.02140896
-671.88118812	0.01841450
-671.84818482	0.01414902
-671.81518152	0.00952254
-671.78217822	0.00443647
-671.74917492	-0.00051835
-671.71617162	-0.00491607
-671.68316832	-0.00847479
-671.65016502	-0.01114563
-671.61716172	-0.01249482
-671.58415842	-0.01331791
-671.55115512	-0.01313771
-671.51815182	-0.01252453
-671.48514851	-0.01143413
-671.45214521	-0.00982325
-671.41914191	-0.00798661
-671.38613861	-0.00564242
-671.35313531	-0.00289471
-671.32013201	0.00001632
-671.28712871	0.00276260
-671.25412541	0.00527783
-671.22112211	0.00684046
-671.18811881	0.00717499
-671.15511551	0.00610224
-671.12211221	0.00362958
-671.08910891	0.00008491
-671.05610561	-0.00408481
-671.02310231	-0.00834958
-670.99009901	-0.01199776
-670.95709571	-0.01441681
-670.92409241	-0.01554284
-670.89108911	-0.01484724
-670.85808581	-0.01283150
-670.82508251	-0.00948259
-670.79207921	-0.00520308
-670.75907591	-0.00047502
-670.72607261	0.00388006
-670.69306931	0.00762764
-670.66006601	0.01009807
-670.62706271	0.01103754
-670.59405941	0.01044345
-670.56105611	0.00844304
-670.52805281	0.00546851
-670.49504950	0.00237011
-670.46204620	-0.00050975
-670.42904290	-0.00248574
-670.39603960	-0.00323149
-670.36303630	-0.00291164
-670.33003300	-0.00165769
-670.29702970	-0.00007797
-670.26402640	0.00147740
-670.23102310	0.00261576
-670.19801980	0.00307832
-670.16501650	0.00245968
-670.13201320	0.00140212
-670.09900990	-0.00015767
-670.06600660	-0.00177099
-670.03300330	-0.00347513
-670.00000000	-0.00479212
-669.96699670	-0.00593266
-669.93399340	-0.00690698
-669.90099010	-0.00787812
-669.86798680	-0.00892955
-669.83498350	-0.01010676
-669.80198020	-0.01155893
-669.76897690	-0.01295701
-669.73597360	-0.01443432
-669.70297030	-0.01557963
-669.66996700	-0.01662186
-669.63696370	-0.01724216
-669.60396040	-0.01759137
-669.57095710	-0.01766565
-669.53795380	-0.01725893
-669.50495050	-0.01691353
-669.47194719	-0.01631162
-669.43894389	-0.01573902
-669.40594059	-0.01497329
-669.37293729	-0.01405066
-669.33993399	-0.01279476
-669.30693069	-0.01106046
-669.27392739	-0.00910815
-669.24092409	-0.00678360
-669.20792079	-0.00428353
-669.17491749	-0.00185935
-669.14191419	0.00064717
-669.10891089	0.00294532
-669.07590759	0.00483858
-669.04290429	0.00670005
-669.00990099	0.00791095
-668.97689769	0.00877581
-668.94389439	0.00903206
-668.91089109	0.00835506
-668.87788779	0.00724479
-668.84488449	0.00517649
-668.81188119	0.00255927
-668.77887789	-0.00045817
-668.74587459	-0.00377030
-668.71287129	-0.00680759
-668.67986799	-0.00937873
-668.64686469	-0.01096675
-668.61386139	-0.01192517
-668.58085809	-0.01154514
-668.54785479	-0.01034404
-668.51485149	-0.00836798
-668.48184818	-0.00596515
-668.44884488	-0.00346251
-668.41584158	-0.00122506
-668.38283828	0.00037697
-668.34983498	0.00120862
-668.31683168	0.00116173
-668.28382838	0.00034649
-668.25082508	-0.00117362
-668.21782178	-0.00323773
-668.18481848	-0.00569596
-668.15181518	-0.00818727
-668.11881188	-0.01071175
-668.08580858	-0.01312834
-668.05280528	-0.01475679
-668.01980198	-0.01621630
-667.98679868	-0.01696584
-667.95379538	-0.01693773
-667.92079208	-0.01655754
-667.88778878	-0.01510210
-667.85478548	-0.01352815
-667.82178218	-0.01172290
-667.78877888	-0.00989220
-667.75577558	-0.00850094
-667.72277228	-0.00749393
-667.68976898	-0.00709270
-667.65676568	-0.00724397
-667.62376238	-0.00795546
-667.59075908	-0.00881747
-667.55775578	-0.00978677
-667.52475248	-0.01028386
-667.49174917	-0.00994744
-667.45874587	-0.00891162
-667.42574257	-0.00657910
-667.39273927	-0.00324725
-667.35973597	0.00099745
-667.32673267	0.00599855
-667.29372937	0.01109315
-667.26072607	0.01618067
-667.22772277	0.02077723
-667.19471947	0.02474332
-667.16171617	0.02750695
-667.12871287	0.02895976
-667.09570957	0.02928616
-667.06270627	0.02807395
-667.02970297	0.02550206
-666.99669967	0.02196216
-666.96369637	0.01744195
-666.93069307	0.01241828
-666.89768977	0.00736091
-666.86468647	0.00259265
-666.83168317	-0.00157345
-666.79867987	-0.00449716
-666.76567657	-0.00641850
-666.73267327	-0.00703138
-666.69966997	-0.00679233
-666.66666667	-0.00554730
-666.63366337	-0.00421689
-666.60066007	-0.00299150
-666.56765677	-0.00210311
-666.53465347	-0.00186120
-666.50165017	-0.00200175
-666.46864686	-0.00237893
-666.43564356	-0.00258793
-666.40264026	-0.00230306
-666.36963696	-0.00162459
-666.33663366	-0.00040485
-666.30363036	0.00151260
-666.27062706	0.00364531
-666.23762376	0.00574629
-666.20462046	0.00763933
-666.17161716	0.00932680
-666.13861386	0.01034939
-666.10561056	0.01081154
-666.07260726	0.01078305
-666.03960396	0.01028511
-666.00660066	0.00936911
-665.97359736	0.00870506
-665.94059406	0.00789790
-665.90759076	0.00742280
-665.87458746	0.00711292
-665.84158416	0.00704405
-665.80858086	0.00688779
-665.77557756	0.00690639
-665.74257426	0.00682495
-665.70957096	0.00669576
-665.67656766	0.00629150
-665.64356436	0.00582269
-665.61056106	0.00504109
-665.57755776	0.00407446
-665.54455446	0.00269988
-665.51155116	0.00087483
-665.47854785	-0.00106496
-665.44554455	-0.00335470
-665.41254125	-0.00556746
-665.37953795	-0.00776550
-665.34653465	-0.00976429
-665.31353135	-0.01161643
-665.28052805	-0.01287183
-665.24752475	-0.01378972
-665.21452145	-0.01443669
-665.18151815	-0.01456467
-665.14851485	-0.01409412
-665.11551155	-0.01309917
-665.08250825	-0.01161935
-665.04950495	-0.00987716
-665.01650165	-0.00776891
-664.98349835	-0.00548595
-664.95049505	-0.00298735
-664.91749175	-0.00026653
-664.88448845	0.00254606
-664.85148515	0.00564407
-664.81848185	0.00906783
-664.78547855	0.01266437
-664.75247525	0.01614593
-664.71947195	0.01962723
-664.68646865	0.02268248
-664.65346535	0.02506346
-664.62046205	0.02642493
-664.58745875	0.02660693
-664.55445545	0.02592063
-664.52145215	0.02432739
-664.48844884	0.02204923
-664.45544554	0.01948335
-664.42244224	0.01674594
-664.38943894	0.01420243
-664.35643564	0.01204884
-664.32343234	0.01014650
-664.29042904	0.00865144
-664.25742574	0.00750518
-664.22442244	0.00645591
-664.19141914	0.00546028
-664.15841584	0.00473962
-664.12541254	0.00397952
-664.09240924	0.00313127
-664.05940594	0.00233755
-664.02640264	0.00155001
-663.99339934	0.00045882
-663.96039604	-0.00080516
-663.92739274	-0.00220308
-663.89438944	-0.00373081
-663.86138614	-0.00555843
-663.82838284	-0.00729711
-663.79537954	-0.00872861
-663.76237624	-0.00996152
-663.72937294	-0.01073468
-663.69636964	-0.01077548
-663.66336634	-0.01010154
-663.63036304	-0.00887556
-663.59735974	-0.00706438
-663.56435644	-0.00466691
-663.53135314	-0.00210102
-663.49834983	0.00045120
-663.46534653	0.00270774
-663.43234323	0.00449805
-663.39933993	0.00557703
-663.36633663	0.00571123
-663.33333333	0.00488056
-663.30033003	0.00339094
-663.26732673	0.00138262
-663.23432343	-0.00078166
-663.20132013	-0.00266534
-663.16831683	-0.00377520
-663.13531353	-0.00361945
-663.10231023	-0.00198487
-663.06930693	0.00107357
-663.03630363	0.00533346
-663.00330033	0.01038374
-662.97029703	0.01563764
-662.93729373	0.02074192
-662.90429043	0.02458773
-662.87128713	0.02697427
-662.83828383	0.02763070
-662.80528053	0.02619206
-662.77227723	0.02293803
-662.73927393	0.01821974
-662.70627063	0.01230459
-662.67326733	0.00607164
-662.64026403	-0.00019193
-662.60726073	-0.00584705
-662.57425743	-0.01037898
-662.54125413	-0.01366727
-662.50825083	-0.01595789
-662.47524752	-0.01705762
-662.44224422	-0.01744973
-662.40924092	-0.01717696
-662.37623762	-0.01673748
-662.34323432	-0.01599315
-662.31023102	-0.01557721
-662.27722772	-0.01516021
-662.24422442	-0.01494049
-662.21122112	-0.01467080
-662.17821782	-0.01415208
-662.14521452	-0.01301099
-662.11221122	-0.01139870
-662.07920792	-0.00916808
-662.04620462	-0.00645672
-662.01320132	-0.00345228
-661.98019802	-0.00046865
-661.94719472	0.00218125
-661.91419142	0.00451348
-661.88118812	0.00612498
-661.84818482	0.00690990
-661.81518152	0.00724492
-661.78217822	0.00675355
-661.74917492	0.00572257
-661.71617162	0.00452317
-661.68316832	0.00284529
-661.65016502	0.00137388
-661.61716172	-0.00001637
-661.58415842	-0.00108890
-661.55115512	-0.00185150
-661.51815182	-0.00225798
-661.48514851	-0.00204355
-661.45214521	-0.00162216
-661.41914191	-0.00083904
-661.38613861	0.00000807
-661.35313531	0.00058636
-661.32013201	0.00082830
-661.28712871	0.00075025
-661.25412541	0.00037637
-661.22112211	-0.00015590
-661.18811881	-0.00053399
-661.15511551	-0.00045656
-661.12211221	0.00014878
-661.08910891	0.00136793
-661.05610561	0.00322139
-661.02310231	0.00546768
-660.99009901	0.00801096
-660.95709571	0.01036112
-660.92409241	0.01228971
-660.89108911	0.01341322
-660.85808581	0.01361096
-660.82508251	0.01269279
-660.79207921	0.01069863
-660.75907591	0.00798379
-660.72607261	0.00467964
-660.69306931	0.00120997
-660.66006601	-0.00224917
-660.62706271	-0.00540062
-660.59405941	-0.00809051
-660.56105611	-0.01043302
-660.52805281	-0.01229184
-660.49504950	-0.01371662
-660.46204620	-0.01462697
-660.42904290	-0.01504555
-660.39603960	-0.01485011
-660.36303630	-0.01390033
-660.33003300	-0.01262328
-660.29702970	-0.01065208
-660.26402640	-0.00811929
-660.23102310	-0.00543237
-660.19801980	-0.00249617
-660.16501650	0.00011836
-660.13201320	0.00232424
-660.09900990	0.00383152
-660.06600660	0.00431992
-660.03300330	0.00396475
-660.00000000	0.00289095
