# Menlo Systems GmbH ScanControl
# Program Version 1.14.3
# Start: -740.00000000 ps, Average over 1000 waveforms. Timestamp: 2026-02-11T13:11:15
# User time axis shift: 0 ps
# Time axis offset: 0 ps
# Time [ps]	THz Signal [a.u.]
-740.00000000	-0.00001203
-739.96699670	0.00005692
-739.93399340	0.00004318
-739.90099010	-0.00004521
-739.86798680	0.00009527
-739.83498350	-0.00005855
-739.80198020	0.00007117
-739.76897690	-0.00004285
-739.73597360	0.00008752
-739.70297030	0.00002236
-739.66996700	0.00004097
-739.63696370	0.00003838
-739.60396040	0.00004620
-739.57095710	0.00000325
-739.53795380	0.00004631
-739.50495050	-0.00007140
-739.47194719	0.00009434
-739.43894389	0.00003946
-739.40594059	-0.00003225
-739.37293729	0.00001222
-739.33993399	-0.00000253
-739.30693069	-0.00003194
-739.27392739	-0.00002219
-739.24092409	-0.00002372
-739.20792079	0.00001631
-739.17491749	-0.00002741
-739.14191419	-0.00010470
-739.10891089	-0.00015601
-739.07590759	-0.00006643
-739.04290429	-0.00001665
-739.00990099	-0.00003053
-738.97689769	-0.00007034
-738.94389439	-0.00005698
-738.91089109	-0.00002654
-738.87788779	-0.00007806
-738.84488449	0.00000537
-738.81188119	0.00003489
-738.77887789	0.00010253
-738.74587459	0.00008431
-738.71287129	0.00009223
-738.67986799	0.00003722
-738.64686469	-0.00000000
-738.61386139	0.00005502
-738.58085809	0.00012198
-738.54785479	0.00010897
-738.51485149	0.00011074
-738.48184818	0.00011811
-738.44884488	0.00012637
-738.41584158	0.00009243
-738.38283828	0.00007084
-738.34983498	0.00012467
-738.31683168	0.00013230
-738.28382838	0.00008883
-738.25082508	0.00013225
-738.21782178	0.00009831
-738.18481848	0.00011033
-738.15181518	0.00014118
-738.11881188	0.00010669
-738.08580858	0.00017540
-738.05280528	0.00018074
-738.01980198	0.00007577
-737.98679868	0.00008022
-737.95379538	0.00014315
-737.92079208	0.00014035
-737.88778878	0.00011926
-737.85478548	0.00006488
-737.82178218	0.00013317
-737.78877888	0.00015677
-737.75577558	0.00007281
-737.72277228	0.00016304
-737.68976898	0.00007230
-737.65676568	0.00022856
-737.62376238	0.00014983
-737.59075908	0.00016130
-737.55775578	0.00011476
-737.52475248	0.00014357
-737.49174917	0.00013951
-737.45874587	0.00015840
-737.42574257	0.00020769
-737.39273927	0.00026144
-737.35973597	0.00023934
-737.32673267	0.00014877
-737.29372937	0.00017729
-737.26072607	0.00010640
-737.22772277	0.00015433
-737.19471947	0.00016886
-737.16171617	0.00011748
-737.12871287	0.00010304
-737.09570957	0.00003995
-737.06270627	0.00000292
-737.02970297	0.00000240
-736.99669967	0.00001453
-736.96369637	0.00012066
-736.93069307	-0.00002267
-736.89768977	-0.00013390
-736.86468647	-0.00007155
-736.83168317	-0.00016529
-736.79867987	-0.00010295
-736.76567657	-0.00012122
-736.73267327	-0.00004914
-736.69966997	-0.00014968
-736.66666667	-0.00006409
-736.63366337	-0.00015174
-736.60066007	-0.00006712
-736.56765677	-0.00012693
-736.53465347	-0.00012951
-736.50165017	-0.00012285
-736.46864686	-0.00017208
-736.43564356	-0.00005938
-736.40264026	-0.00003715
-736.36963696	-0.00009207
-736.33663366	-0.00005959
-736.30363036	-0.00012474
-736.27062706	-0.00001624
-736.23762376	0.00000094
-736.20462046	-0.00000910
-736.17161716	0.00003732
-736.13861386	0.00005948
-736.10561056	0.00008571
-736.07260726	0.00011827
-736.03960396	0.00013121
-736.00660066	0.00020894
-735.97359736	0.00021949
-735.94059406	0.00017969
-735.90759076	0.00018171
-735.87458746	0.00024465
-735.84158416	0.00027349
-735.80858086	0.00028348
-735.77557756	0.00031932
-735.74257426	0.00038851
-735.70957096	0.00045674
-735.67656766	0.00038956
-735.64356436	0.00042656
-735.61056106	0.00048397
-735.57755776	0.00047758
-735.54455446	0.00053151
-735.51155116	0.00052632
-735.47854785	0.00051047
-735.44554455	0.00067943
-735.41254125	0.00059799
-735.37953795	0.00067697
-735.34653465	0.00064998
-735.31353135	0.00068840
-735.28052805	0.00070972
-735.24752475	0.00070086
-735.21452145	0.00068068
-735.18151815	0.00064574
-735.14851485	0.00084749
-735.11551155	0.00067956
-735.08250825	0.00060118
-735.04950495	0.00067341
-735.01650165	0.00065902
-734.98349835	0.00064463
-734.95049505	0.00069736
-734.91749175	0.00059930
-734.88448845	0.00055767
-734.85148515	0.00063450
-734.81848185	0.00056491
-734.78547855	0.00059568
-734.75247525	0.00050456
-734.71947195	0.00053625
-734.68646865	0.00057592
-734.65346535	0.00049995
-734.62046205	0.00045206
-734.58745875	0.00042391
-734.55445545	0.00042077
-734.52145215	0.00040202
-734.48844884	0.00039060
-734.45544554	0.00045583
-734.42244224	0.00037945
-734.38943894	0.00034061
-734.35643564	0.00031392
-734.32343234	0.00030469
-734.29042904	0.00025104
-734.25742574	0.00029337
-734.22442244	0.00017413
-734.19141914	0.00021860
-734.15841584	0.00029154
-734.12541254	0.00028478
-734.09240924	0.00015991
-734.05940594	0.00024848
-734.02640264	0.00031302
-733.99339934	0.00016919
-733.96039604	0.00029021
-733.92739274	0.00026130
-733.89438944	0.00028824
-733.86138614	0.00014776
-733.82838284	0.00022811
-733.79537954	0.00027594
-733.76237624	0.00033816
-733.72937294	0.00035880
-733.69636964	0.00030240
-733.66336634	0.00034842
-733.63036304	0.00038982
-733.59735974	0.00036474
-733.56435644	0.00042565
-733.53135314	0.00046042
-733.49834983	0.00044829
-733.46534653	0.00050281
-733.43234323	0.00040114
-733.39933993	0.00058927
-733.36633663	0.00046518
-733.33333333	0.00066122
-733.30033003	0.00053989
-733.26732673	0.00048125
-733.23432343	0.00072488
-733.20132013	0.00071272
-733.16831683	0.00057737
-733.13531353	0.00062076
-733.10231023	0.00070580
-733.06930693	0.00068120
-733.03630363	0.00064325
-733.00330033	0.00076501
-732.97029703	0.00064534
-732.93729373	0.00071730
-732.90429043	0.00066334
-732.87128713	0.00066016
-732.83828383	0.00064152
-732.80528053	0.00071162
-732.77227723	0.00063958
-732.73927393	0.00062004
-732.70627063	0.00062352
-732.67326733	0.00065961
-732.64026403	0.00054154
-732.60726073	0.00061294
-732.57425743	0.00058463
-732.54125413	0.00062569
-732.50825083	0.00060629
-732.47524752	0.00050816
-732.44224422	0.00055709
-732.40924092	0.00052845
-732.37623762	0.00053044
-732.34323432	0.00049546
-732.31023102	0.00054965
-732.27722772	0.00053740
-732.24422442	0.00049259
-732.21122112	0.00053949
-732.17821782	0.00047171
-732.14521452	0.00058389
-732.11221122	0.00045645
-732.07920792	0.00055149
-732.04620462	0.00044714
-732.01320132	0.00049136
-731.98019802	0.00049086
-731.94719472	0.00041008
-731.91419142	0.00050170
-731.88118812	0.00043582
-731.84818482	0.00049680
-731.81518152	0.00042832
-731.78217822	0.00046031
-731.74917492	0.00049257
-731.71617162	0.00040716
-731.68316832	0.00047192
-731.65016502	0.00033271
-731.61716172	0.00050996
-731.58415842	0.00044020
-731.55115512	0.00033070
-731.51815182	0.00043604
-731.48514851	0.00040202
-731.45214521	0.00042738
-731.41914191	0.00037177
-731.38613861	0.00046734
-731.35313531	0.00043808
-731.32013201	0.00039836
-731.28712871	0.00050287
-731.25412541	0.00044932
-731.22112211	0.00042524
-731.18811881	0.00052596
-731.15511551	0.00048608
-731.12211221	0.00052702
-731.08910891	0.00057260
-731.05610561	0.00052731
-731.02310231	0.00053288
-730.99009901	0.00062432
-730.95709571	0.00064980
-730.92409241	0.00062321
-730.89108911	0.00072489
-730.85808581	0.00081104
-730.82508251	0.00080452
-730.79207921	0.00075985
-730.75907591	0.00083828
-730.72607261	0.00082845
-730.69306931	0.00096380
-730.66006601	0.00092001
-730.62706271	0.00092390
-730.59405941	0.00092386
-730.56105611	0.00100957
-730.52805281	0.00093808
-730.49504950	0.00100187
-730.46204620	0.00091734
-730.42904290	0.00096809
-730.39603960	0.00088067
-730.36303630	0.00083405
-730.33003300	0.00079644
-730.29702970	0.00063024
-730.26402640	0.00059650
-730.23102310	0.00054004
-730.19801980	0.00034093
-730.16501650	0.00029287
-730.13201320	0.00004952
-730.09900990	-0.00015426
-730.06600660	-0.00023634
-730.03300330	-0.00041865
-730.00000000	-0.00062146
-729.96699670	-0.00082203
-729.93399340	-0.00091260
-729.90099010	-0.00109884
-729.86798680	-0.00129836
-729.83498350	-0.00141470
-729.80198020	-0.00140939
-729.76897690	-0.00150698
-729.73597360	-0.00160718
-729.70297030	-0.00168693
-729.66996700	-0.00171527
-729.63696370	-0.00171819
-729.60396040	-0.00173372
-729.57095710	-0.00173984
-729.53795380	-0.00167280
-729.50495050	-0.00145716
-729.47194719	-0.00145227
-729.43894389	-0.00124365
-729.40594059	-0.00092971
-729.37293729	-0.00072606
-729.33993399	-0.00027380
-729.30693069	0.00004027
-729.27392739	0.00052179
-729.24092409	0.00094152
-729.20792079	0.00127004
-729.17491749	0.00162643
-729.14191419	0.00182198
-729.10891089	0.00210532
-729.07590759	0.00214010
-729.04290429	0.00232572
-729.00990099	0.00223009
-728.97689769	0.00211746
-728.94389439	0.00213354
-728.91089109	0.00183042
-728.87788779	0.00173980
-728.84488449	0.00156450
-728.81188119	0.00134856
-728.77887789	0.00119418
-728.74587459	0.00109506
-728.71287129	0.00097578
-728.67986799	0.00085593
-728.64686469	0.00076998
-728.61386139	0.00077986
-728.58085809	0.00065870
-728.54785479	0.00066759
-728.51485149	0.00065999
-728.48184818	0.00052741
-728.44884488	0.00055337
-728.41584158	0.00054646
-728.38283828	0.00050651
-728.34983498	0.00044137
-728.31683168	0.00047234
-728.28382838	0.00043897
-728.25082508	0.00043871
-728.21782178	0.00036625
-728.18481848	0.00037129
-728.15181518	0.00026853
-728.11881188	0.00035470
-728.08580858	0.00034403
-728.05280528	0.00030449
-728.01980198	0.00032185
-727.98679868	0.00030820
-727.95379538	0.00034796
-727.92079208	0.00038415
-727.88778878	0.00037189
-727.85478548	0.00044856
-727.82178218	0.00041244
-727.78877888	0.00039671
-727.75577558	0.00046295
-727.72277228	0.00048643
-727.68976898	0.00054142
-727.65676568	0.00052931
-727.62376238	0.00048474
-727.59075908	0.00065805
-727.55775578	0.00050646
-727.52475248	0.00059250
-727.49174917	0.00059786
-727.45874587	0.00059954
-727.42574257	0.00061081
-727.39273927	0.00057263
-727.35973597	0.00071422
-727.32673267	0.00064761
-727.29372937	0.00066696
-727.26072607	0.00065292
-727.22772277	0.00075590
-727.19471947	0.00071097
-727.16171617	0.00069494
-727.12871287	0.00073521
-727.09570957	0.00067256
-727.06270627	0.00073354
-727.02970297	0.00067291
-726.99669967	0.00071016
-726.96369637	0.00068754
-726.93069307	0.00061499
-726.89768977	0.00062187
-726.86468647	0.00059306
-726.83168317	0.00061217
-726.79867987	0.00050016
-726.76567657	0.00055563
-726.73267327	0.00047514
-726.69966997	0.00044693
-726.66666667	0.00048086
-726.63366337	0.00043144
-726.60066007	0.00043284
-726.56765677	0.00039309
-726.53465347	0.00041434
-726.50165017	0.00035511
-726.46864686	0.00035941
-726.43564356	0.00036870
-726.40264026	0.00031974
-726.36963696	0.00038165
-726.33663366	0.00024928
-726.30363036	0.00043246
-726.27062706	0.00028400
-726.23762376	0.00031859
-726.20462046	0.00037640
-726.17161716	0.00036097
-726.13861386	0.00035585
-726.10561056	0.00041067
-726.07260726	0.00034112
-726.03960396	0.00047185
-726.00660066	0.00041715
-725.97359736	0.00052035
-725.94059406	0.00053530
-725.90759076	0.00054538
-725.87458746	0.00060767
-725.84158416	0.00056048
-725.80858086	0.00072420
-725.77557756	0.00059743
-725.74257426	0.00063521
-725.70957096	0.00059411
-725.67656766	0.00037493
-725.64356436	0.00032041
-725.61056106	0.00003436
-725.57755776	-0.00026845
-725.54455446	-0.00075790
-725.51155116	-0.00130664
-725.47854785	-0.00193037
-725.44554455	-0.00264730
-725.41254125	-0.00334087
-725.37953795	-0.00408804
-725.34653465	-0.00466477
-725.31353135	-0.00515220
-725.28052805	-0.00542852
-725.24752475	-0.00541511
-725.21452145	-0.00530229
-725.18151815	-0.00464554
-725.14851485	-0.00417009
-725.11551155	-0.00308162
-725.08250825	-0.00220960
-725.04950495	-0.00109369
-725.01650165	-0.00017557
-724.98349835	0.00077024
-724.95049505	0.00152947
-724.91749175	0.00214568
-724.88448845	0.00263123
-724.85148515	0.00299791
-724.81848185	0.00304348
-724.78547855	0.00334434
-724.75247525	0.00329337
-724.71947195	0.00335943
-724.68646865	0.00322007
-724.65346535	0.00326951
-724.62046205	0.00309088
-724.58745875	0.00309501
-724.55445545	0.00298021
-724.52145215	0.00285659
-724.48844884	0.00282980
-724.45544554	0.00283091
-724.42244224	0.00265136
-724.38943894	0.00275621
-724.35643564	0.00259978
-724.32343234	0.00263861
-724.29042904	0.00254532
-724.25742574	0.00267870
-724.22442244	0.00246589
-724.19141914	0.00261252
-724.15841584	0.00247610
-724.12541254	0.00259053
-724.09240924	0.00244826
-724.05940594	0.00239313
-724.02640264	0.00238475
-723.99339934	0.00235446
-723.96039604	0.00216271
-723.92739274	0.00228326
-723.89438944	0.00215358
-723.86138614	0.00209015
-723.82838284	0.00214432
-723.79537954	0.00205286
-723.76237624	0.00206280
-723.72937294	0.00203260
-723.69636964	0.00203659
-723.66336634	0.00200182
-723.63036304	0.00194835
-723.59735974	0.00191192
-723.56435644	0.00189301
-723.53135314	0.00174304
-723.49834983	0.00173751
-723.46534653	0.00158606
-723.43234323	0.00150497
-723.39933993	0.00122674
-723.36633663	0.00130242
-723.33333333	0.00100576
-723.30033003	0.00101711
-723.26732673	0.00082597
-723.23432343	0.00081795
-723.20132013	0.00065940
-723.16831683	0.00061487
-723.13531353	0.00057658
-723.10231023	0.00050077
-723.06930693	0.00041411
-723.03630363	0.00041585
-723.00330033	0.00038550
-722.97029703	0.00025627
-722.93729373	0.00018532
-722.90429043	-0.00001022
-722.87128713	-0.00013501
-722.83828383	-0.00036566
-722.80528053	-0.00052432
-722.77227723	-0.00078468
-722.73927393	-0.00107330
-722.70627063	-0.00120409
-722.67326733	-0.00153353
-722.64026403	-0.00169199
-722.60726073	-0.00190103
-722.57425743	-0.00200124
-722.54125413	-0.00217764
-722.50825083	-0.00216702
-722.47524752	-0.00226225
-722.44224422	-0.00228059
-722.40924092	-0.00233564
-722.37623762	-0.00237004
-722.34323432	-0.00261752
-722.31023102	-0.00281512
-722.27722772	-0.00316700
-722.24422442	-0.00364721
-722.21122112	-0.00407138
-722.17821782	-0.00458705
-722.14521452	-0.00500421
-722.11221122	-0.00527855
-722.07920792	-0.00525726
-722.04620462	-0.00506836
-722.01320132	-0.00442805
-721.98019802	-0.00334222
-721.94719472	-0.00194160
-721.91419142	-0.00013606
-721.88118812	0.00171258
-721.84818482	0.00387390
-721.81518152	0.00583216
-721.78217822	0.00763089
-721.74917492	0.00915058
-721.71617162	0.01017277
-721.68316832	0.01085954
-721.65016502	0.01120541
-721.61716172	0.01133418
-721.58415842	0.01115865
-721.55115512	0.01109008
-721.51815182	0.01099737
-721.48514851	0.01105418
-721.45214521	0.01113481
-721.41914191	0.01139149
-721.38613861	0.01145020
-721.35313531	0.01171029
-721.32013201	0.01156117
-721.28712871	0.01148599
-721.25412541	0.01096651
-721.22112211	0.01029662
-721.18811881	0.00932201
-721.15511551	0.00817435
-721.12211221	0.00676190
-721.08910891	0.00513990
-721.05610561	0.00343526
-721.02310231	0.00157798
-720.99009901	-0.00017321
-720.95709571	-0.00200772
-720.92409241	-0.00391518
-720.89108911	-0.00565806
-720.85808581	-0.00739380
-720.82508251	-0.00920676
-720.79207921	-0.01098426
-720.75907591	-0.01284118
-720.72607261	-0.01478230
-720.69306931	-0.01689644
-720.66006601	-0.01938142
-720.62706271	-0.02189978
-720.59405941	-0.02473631
-720.56105611	-0.02762272
-720.52805281	-0.03044907
-720.49504950	-0.03331303
-720.46204620	-0.03581615
-720.42904290	-0.03785837
-720.39603960	-0.03897810
-720.36303630	-0.03944906
-720.33003300	-0.03886720
-720.29702970	-0.03729217
-720.26402640	-0.03478633
-720.23102310	-0.03168663
-720.19801980	-0.02809675
-720.16501650	-0.02429168
-720.13201320	-0.02108655
-720.09900990	-0.01798818
-720.06600660	-0.01589332
-720.03300330	-0.01446174
-720.00000000	-0.01388592
-719.96699670	-0.01389159
-719.93399340	-0.01418723
-719.90099010	-0.01485058
-719.86798680	-0.01516022
-719.83498350	-0.01569487
-719.80198020	-0.01552463
-719.76897690	-0.01532006
-719.73597360	-0.01470970
-719.70297030	-0.01388185
-719.66996700	-0.01281014
-719.63696370	-0.01146072
-719.60396040	-0.01002593
-719.57095710	-0.00829068
-719.53795380	-0.00635223
-719.50495050	-0.00446762
-719.47194719	-0.00229297
-719.43894389	-0.00023098
-719.40594059	0.00218465
-719.37293729	0.00462626
-719.33993399	0.00723106
-719.30693069	0.00996169
-719.27392739	0.01280161
-719.24092409	0.01593613
-719.20792079	0.01911366
-719.17491749	0.02253207
-719.14191419	0.02617102
-719.10891089	0.02992316
-719.07590759	0.03402487
-719.04290429	0.03844668
-719.00990099	0.04310978
-718.97689769	0.04813923
-718.94389439	0.05357292
-718.91089109	0.05931030
-718.87788779	0.06548398
-718.84488449	0.07206933
-718.81188119	0.07872819
-718.77887789	0.08588296
-718.74587459	0.09318233
-718.71287129	0.10030646
-718.67986799	0.10779405
-718.64686469	0.11499531
-718.61386139	0.12227641
-718.58085809	0.12945250
-718.54785479	0.13647196
-718.51485149	0.14360226
-718.48184818	0.15119063
-718.44884488	0.15898916
-718.41584158	0.16801082
-718.38283828	0.17785797
-718.34983498	0.18954727
-718.31683168	0.20294501
-718.28382838	0.21870288
-718.25082508	0.23688364
-718.21782178	0.25795176
-718.18481848	0.28152637
-718.15181518	0.30737355
-718.11881188	0.33539839
-718.08580858	0.36456065
-718.05280528	0.39390012
-718.01980198	0.42210166
-717.98679868	0.44763517
-717.95379538	0.46882434
-717.92079208	0.48371012
-717.88778878	0.49036824
-717.85478548	0.48711795
-717.82178218	0.47233673
-717.78877888	0.44544897
-717.75577558	0.40553776
-717.72277228	0.35332854
-717.68976898	0.28978037
-717.65676568	0.21693303
-717.62376238	0.13704573
-717.59075908	0.05289670
-717.55775578	-0.03279609
-717.52475248	-0.11801678
-717.49174917	-0.20108415
-717.45874587	-0.28253068
-717.42574257	-0.36354812
-717.39273927	-0.44764316
-717.35973597	-0.53912761
-717.32673267	-0.64351707
-717.29372937	-0.76600796
-717.26072607	-0.91073820
-717.22772277	-1.07984322
-717.19471947	-1.27194738
-717.16171617	-1.48158005
-717.12871287	-1.69854342
-717.09570957	-1.90771906
-717.06270627	-2.09052200
-717.02970297	-2.22639531
-716.99669967	-2.29473003
-716.96369637	-2.27845844
-716.93069307	-2.16611899
-716.89768977	-1.95357751
-716.86468647	-1.64693672
-716.83168317	-1.26204678
-716.79867987	-0.82388464
-716.76567657	-0.36327449
-716.73267327	0.08710735
-716.69966997	0.49721859
-716.66666667	0.84430320
-716.63366337	1.11442321
-716.60066007	1.30431752
-716.56765677	1.41933240
-716.53465347	1.47017197
-716.50165017	1.47048965
-716.46864686	1.43366611
-716.43564356	1.37054781
-716.40264026	1.29019126
-716.36963696	1.19889947
-716.33663366	1.10175959
-716.30363036	1.00341106
-716.27062706	0.90722423
-716.23762376	0.81605291
-716.20462046	0.73134954
-716.17161716	0.65274739
-716.13861386	0.57977353
-716.10561056	0.51140537
-716.07260726	0.44749425
-716.03960396	0.38842790
-716.00660066	0.33522493
-715.97359736	0.28818169
-715.94059406	0.24724544
-715.90759076	0.21050360
-715.87458746	0.17627195
-715.84158416	0.14275770
-715.80858086	0.10892371
-715.77557756	0.07498003
-715.74257426	0.04170335
-715.70957096	0.01038229
-715.67656766	-0.01809128
-715.64356436	-0.04277500
-715.61056106	-0.06288170
-715.57755776	-0.07725246
-715.54455446	-0.08541861
-715.51155116	-0.08687608
-715.47854785	-0.08211376
-715.44554455	-0.07198169
-715.41254125	-0.05756092
-715.37953795	-0.04101505
-715.34653465	-0.02369968
-715.31353135	-0.00715658
-715.28052805	0.00680309
-715.24752475	0.01724191
-715.21452145	0.02321143
-715.18151815	0.02465091
-715.14851485	0.02185632
-715.11551155	0.01600953
-715.08250825	0.00817642
-715.04950495	-0.00062742
-715.01650165	-0.00895230
-714.98349835	-0.01649585
-714.95049505	-0.02246515
-714.91749175	-0.02621869
-714.88448845	-0.02792114
-714.85148515	-0.02704804
-714.81848185	-0.02415682
-714.78547855	-0.01956507
-714.75247525	-0.01389168
-714.71947195	-0.00797410
-714.68646865	-0.00245727
-714.65346535	0.00185965
-714.62046205	0.00424994
-714.58745875	0.00485879
-714.55445545	0.00361574
-714.52145215	0.00066381
-714.48844884	-0.00310120
-714.45544554	-0.00756527
-714.42244224	-0.01189347
-714.38943894	-0.01599006
-714.35643564	-0.01955559
-714.32343234	-0.02277881
-714.29042904	-0.02575959
-714.25742574	-0.02844347
-714.22442244	-0.03051226
-714.19141914	-0.03196243
-714.15841584	-0.03250540
-714.12541254	-0.03194798
-714.09240924	-0.03075150
-714.05940594	-0.02891889
-714.02640264	-0.02710476
-713.99339934	-0.02535632
-713.96039604	-0.02382251
-713.92739274	-0.02314400
-713.89438944	-0.02281951
-713.86138614	-0.02283100
-713.82838284	-0.02313016
-713.79537954	-0.02312901
-713.76237624	-0.02189498
-713.72937294	-0.01942330
-713.69636964	-0.01481084
-713.66336634	-0.00830332
-713.63036304	-0.00000069
-713.59735974	0.00919428
-713.56435644	0.01818989
-713.53135314	0.02610503
-713.49834983	0.03253279
-713.46534653	0.03669459
-713.43234323	0.03862502
-713.39933993	0.03826421
-713.36633663	0.03532517
-713.33333333	0.03006592
-713.30033003	0.02257276
-713.26732673	0.01294034
-713.23432343	0.00167406
-713.20132013	-0.01040602
-713.16831683	-0.02295317
-713.13531353	-0.03476904
-713.10231023	-0.04506564
-713.06930693	-0.05297406
-713.03630363	-0.05749623
-713.00330033	-0.05888994
-712.97029703	-0.05701450
-712.93729373	-0.05225454
-712.90429043	-0.04589538
-712.87128713	-0.03878685
-712.83828383	-0.03184895
-712.80528053	-0.02623374
-712.77227723	-0.02211209
-712.73927393	-0.02032730
-712.70627063	-0.02076156
-712.67326733	-0.02305579
-712.64026403	-0.02665890
-712.60726073	-0.03120637
-712.57425743	-0.03521870
-712.54125413	-0.03846202
-712.50825083	-0.04041355
-712.47524752	-0.04051055
-712.44224422	-0.03896371
-712.40924092	-0.03603541
-712.37623762	-0.03209118
-712.34323432	-0.02733502
-712.31023102	-0.02228715
-712.27722772	-0.01733985
-712.24422442	-0.01277451
-712.21122112	-0.00906879
-712.17821782	-0.00587601
-712.14521452	-0.00348745
-712.11221122	-0.00170583
-712.07920792	-0.00026113
-712.04620462	0.00087858
-712.01320132	0.00153809
-711.98019802	0.00167552
-711.94719472	0.00170530
-711.91419142	0.00078678
-711.88118812	-0.00034530
-711.84818482	-0.00171040
-711.81518152	-0.00298113
-711.78217822	-0.00388006
-711.74917492	-0.00409124
-711.71617162	-0.00338881
-711.68316832	-0.00174382
-711.65016502	0.00058277
-711.61716172	0.00273762
-711.58415842	0.00402762
-711.55115512	0.00395864
-711.51815182	0.00174258
-711.48514851	-0.00244052
-711.45214521	-0.00782232
-711.41914191	-0.01403268
-711.38613861	-0.01975772
-711.35313531	-0.02423998
-711.32013201	-0.02720420
-711.28712871	-0.02844145
-711.25412541	-0.02807830
-711.22112211	-0.02659621
-711.18811881	-0.02449124
-711.15511551	-0.02183905
-711.12211221	-0.01911648
-711.08910891	-0.01700001
-711.05610561	-0.01488344
-711.02310231	-0.01322912
-710.99009901	-0.01215860
-710.95709571	-0.01150244
-710.92409241	-0.01128788
-710.89108911	-0.01160487
-710.85808581	-0.01219348
-710.82508251	-0.01296024
-710.79207921	-0.01374748
-710.75907591	-0.01412983
-710.72607261	-0.01355984
-710.69306931	-0.01192618
-710.66006601	-0.00871542
-710.62706271	-0.00413229
-710.59405941	0.00125931
-710.56105611	0.00715089
-710.52805281	0.01216698
-710.49504950	0.01586068
-710.46204620	0.01795428
-710.42904290	0.01798576
-710.39603960	0.01728680
-710.36303630	0.01574832
-710.33003300	0.01420801
-710.29702970	0.01328857
-710.26402640	0.01291009
-710.23102310	0.01307382
-710.19801980	0.01408458
-710.16501650	0.01557396
-710.13201320	0.01769580
-710.09900990	0.02025679
-710.06600660	0.02329971
-710.03300330	0.02657025
-710.00000000	0.02955668
-709.96699670	0.03243159
-709.93399340	0.03481865
-709.90099010	0.03685510
-709.86798680	0.03862443
-709.83498350	0.04009469
-709.80198020	0.04096382
-709.76897690	0.04121248
-709.73597360	0.04024356
-709.70297030	0.03774691
-709.66996700	0.03404348
-709.63696370	0.02876043
-709.60396040	0.02286055
-709.57095710	0.01681895
-709.53795380	0.01157065
-709.50495050	0.00754658
-709.47194719	0.00530079
-709.43894389	0.00474136
-709.40594059	0.00579285
-709.37293729	0.00790942
-709.33993399	0.01053821
-709.30693069	0.01297448
-709.27392739	0.01474698
-709.24092409	0.01594199
-709.20792079	0.01619124
-709.17491749	0.01607123
-709.14191419	0.01588188
-709.10891089	0.01593705
-709.07590759	0.01674188
-709.04290429	0.01817994
-709.00990099	0.02009343
-708.97689769	0.02189029
-708.94389439	0.02308445
-708.91089109	0.02289069
-708.87788779	0.02113865
-708.84488449	0.01772107
-708.81188119	0.01293263
-708.77887789	0.00732512
-708.74587459	0.00144807
-708.71287129	-0.00474989
-708.67986799	-0.01149575
-708.64686469	-0.01910698
-708.61386139	-0.02899127
-708.58085809	-0.04161501
-708.54785479	-0.05808839
-708.51485149	-0.07909990
-708.48184818	-0.10450815
-708.44884488	-0.13417210
-708.41584158	-0.16723875
-708.38283828	-0.20217354
-708.34983498	-0.23702219
-708.31683168	-0.26949157
-708.28382838	-0.29661064
-708.25082508	-0.31516045
-708.21782178	-0.32262609
-708.18481848	-0.31659622
-708.15181518	-0.29550498
-708.11881188	-0.25885471
-708.08580858	-0.20825878
-708.05280528	-0.14593744
-708.01980198	-0.07655062
-707.98679868	-0.00503958
-707.95379538	0.06311050
-707.92079208	0.12277063
-707.88778878	0.17035236
-707.85478548	0.20339577
-707.82178218	0.22244146
-707.78877888	0.22854934
-707.75577558	0.22488983
-707.72277228	0.21478629
-707.68976898	0.20056961
-707.65676568	0.18490369
-707.62376238	0.16875999
-707.59075908	0.15286288
-707.55775578	0.13725280
-707.52475248	0.12194883
-707.49174917	0.10723100
-707.45874587	0.09321941
-707.42574257	0.08021357
-707.39273927	0.06875158
-707.35973597	0.05805871
-707.32673267	0.04871442
-707.29372937	0.04006200
-707.26072607	0.03219977
-707.22772277	0.02542221
-707.19471947	0.01952152
-707.16171617	0.01437930
-707.12871287	0.00995511
-707.09570957	0.00583850
-707.06270627	0.00200028
-707.02970297	-0.00163886
-706.99669967	-0.00523088
-706.96369637	-0.00807644
-706.93069307	-0.01037702
-706.89768977	-0.01199213
-706.86468647	-0.01335252
-706.83168317	-0.01402160
-706.79867987	-0.01439609
-706.76567657	-0.01491830
-706.73267327	-0.01520159
-706.69966997	-0.01547301
-706.66666667	-0.01569405
-706.63366337	-0.01565050
-706.60066007	-0.01493098
-706.56765677	-0.01341389
-706.53465347	-0.01110645
-706.50165017	-0.00766645
-706.46864686	-0.00359216
-706.43564356	0.00030162
-706.40264026	0.00375720
-706.36963696	0.00638354
-706.33663366	0.00780869
-706.30363036	0.00819911
-706.27062706	0.00774126
-706.23762376	0.00667972
-706.20462046	0.00518746
-706.17161716	0.00378137
-706.13861386	0.00265767
-706.10561056	0.00193280
-706.07260726	0.00168585
-706.03960396	0.00188284
-706.00660066	0.00211311
-705.97359736	0.00236514
-705.94059406	0.00246517
-705.90759076	0.00220675
-705.87458746	0.00183644
-705.84158416	0.00126489
-705.80858086	0.00042836
-705.77557756	-0.00035334
-705.74257426	-0.00119133
-705.70957096	-0.00220322
-705.67656766	-0.00300619
-705.64356436	-0.00393889
-705.61056106	-0.00484475
-705.57755776	-0.00572940
-705.54455446	-0.00694713
-705.51155116	-0.00865048
-705.47854785	-0.01075459
-705.44554455	-0.01337786
-705.41254125	-0.01648532
-705.37953795	-0.01977584
-705.34653465	-0.02277780
-705.31353135	-0.02523772
-705.28052805	-0.02685708
-705.24752475	-0.02761771
-705.21452145	-0.02751874
-705.18151815	-0.02659832
-705.14851485	-0.02545531
-705.11551155	-0.02418751
-705.08250825	-0.02295890
-705.04950495	-0.02202265
-705.01650165	-0.02163012
-704.98349835	-0.02160973
-704.95049505	-0.02175618
-704.91749175	-0.02211131
-704.88448845	-0.02240007
-704.85148515	-0.02245554
-704.81848185	-0.02247335
-704.78547855	-0.02226914
-704.75247525	-0.02194639
-704.71947195	-0.02171134
-704.68646865	-0.02128770
-704.65346535	-0.01997669
-704.62046205	-0.01802755
-704.58745875	-0.01467861
-704.55445545	-0.00977982
-704.52145215	-0.00327729
-704.48844884	0.00458426
-704.45544554	0.01360803
-704.42244224	0.02362694
-704.38943894	0.03416217
-704.35643564	0.04550415
-704.32343234	0.05695815
-704.29042904	0.06889771
-704.25742574	0.08151453
-704.22442244	0.09427279
-704.19141914	0.10755969
-704.15841584	0.12103807
-704.12541254	0.13404522
-704.09240924	0.14620917
-704.05940594	0.15643264
-704.02640264	0.16340261
-703.99339934	0.16630381
-703.96039604	0.16400747
-703.92739274	0.15585569
-703.89438944	0.14208222
-703.86138614	0.12301597
-703.82838284	0.09954953
-703.79537954	0.07307264
-703.76237624	0.04513340
-703.72937294	0.01650042
-703.69636964	-0.01115039
-703.66336634	-0.03684029
-703.63036304	-0.06000155
-703.59735974	-0.07977445
-703.56435644	-0.09551276
-703.53135314	-0.10725029
-703.49834983	-0.11463557
-703.46534653	-0.11767281
-703.43234323	-0.11710917
-703.39933993	-0.11332293
-703.36633663	-0.10693948
-703.33333333	-0.09852655
-703.30033003	-0.08862080
-703.26732673	-0.07789235
-703.23432343	-0.06697219
-703.20132013	-0.05622922
-703.16831683	-0.04669649
-703.13531353	-0.03828642
-703.10231023	-0.03127319
-703.06930693	-0.02594001
-703.03630363	-0.02186283
-703.00330033	-0.01903400
-702.97029703	-0.01695655
-702.93729373	-0.01561932
-702.90429043	-0.01461527
-702.87128713	-0.01386418
-702.83828383	-0.01307817
-702.80528053	-0.01195077
-702.77227723	-0.01008144
-702.73927393	-0.00743802
-702.70627063	-0.00365873
-702.67326733	0.00094967
-702.64026403	0.00622294
-702.60726073	0.01190959
-702.57425743	0.01733410
-702.54125413	0.02189924
-702.50825083	0.02532069
-702.47524752	0.02710872
-702.44224422	0.02687799
-702.40924092	0.02450898
-702.37623762	0.02005047
-702.34323432	0.01395655
-702.31023102	0.00671325
-702.27722772	-0.00107567
-702.24422442	-0.00853517
-702.21122112	-0.01489199
-702.17821782	-0.01958407
-702.14521452	-0.02247476
-702.11221122	-0.02353544
-702.07920792	-0.02319502
-702.04620462	-0.02182732
-702.01320132	-0.01981671
-701.98019802	-0.01759216
-701.94719472	-0.01515723
-701.91419142	-0.01305509
-701.88118812	-0.01141646
-701.84818482	-0.01056303
-701.81518152	-0.01054730
-701.78217822	-0.01137849
-701.74917492	-0.01272574
-701.71617162	-0.01430086
-701.68316832	-0.01564368
-701.65016502	-0.01587627
-701.61716172	-0.01465921
-701.58415842	-0.01186335
-701.55115512	-0.00720873
-701.51815182	-0.00097343
-701.48514851	0.00615727
-701.45214521	0.01346567
-701.41914191	0.02024578
-701.38613861	0.02547867
-701.35313531	0.02849637
-701.32013201	0.02923650
-701.28712871	0.02765120
-701.25412541	0.02372043
-701.22112211	0.01821273
-701.18811881	0.01202104
-701.15511551	0.00572466
-701.12211221	-0.00004735
-701.08910891	-0.00459331
-701.05610561	-0.00780849
-701.02310231	-0.00945259
-700.99009901	-0.00955480
-700.95709571	-0.00843334
-700.92409241	-0.00581207
-700.89108911	-0.00201411
-700.85808581	0.00304264
-700.82508251	0.00909866
-700.79207921	0.01565569
-700.75907591	0.02204974
-700.72607261	0.02714551
-700.69306931	0.03005455
-700.66006601	0.03009375
-700.62706271	0.02698785
-700.59405941	0.02089399
-700.56105611	0.01260092
-700.52805281	0.00307678
-700.49504950	-0.00633052
-700.46204620	-0.01471075
-700.42904290	-0.02113149
-700.39603960	-0.02520693
-700.36303630	-0.02641603
-700.33003300	-0.02535698
-700.29702970	-0.02247091
-700.26402640	-0.01853254
-700.23102310	-0.01406045
-700.19801980	-0.00975319
-700.16501650	-0.00599164
-700.13201320	-0.00300913
-700.09900990	-0.00089942
-700.06600660	0.00050226
-700.03300330	0.00157504
-700.00000000	0.00238727
-699.96699670	0.00308043
-699.93399340	0.00358970
-699.90099010	0.00378173
-699.86798680	0.00374460
-699.83498350	0.00294475
-699.80198020	0.00167070
-699.76897690	-0.00014945
-699.73597360	-0.00260721
-699.70297030	-0.00572178
-699.66996700	-0.00949387
-699.63696370	-0.01405022
-699.60396040	-0.01903957
-699.57095710	-0.02463434
-699.53795380	-0.03030120
-699.50495050	-0.03561021
-699.47194719	-0.04024477
-699.43894389	-0.04363666
-699.40594059	-0.04555962
-699.37293729	-0.04538805
-699.33993399	-0.04302542
-699.30693069	-0.03844267
-699.27392739	-0.03168824
-699.24092409	-0.02319307
-699.20792079	-0.01349528
-699.17491749	-0.00337984
-699.14191419	0.00725285
-699.10891089	0.01703500
-699.07590759	0.02588383
-699.04290429	0.03342989
-699.00990099	0.03935322
-698.97689769	0.04349570
-698.94389439	0.04571793
-698.91089109	0.04610481
-698.87788779	0.04476746
-698.84488449	0.04141696
-698.81188119	0.03660833
-698.77887789	0.03047594
-698.74587459	0.02310753
-698.71287129	0.01537281
-698.67986799	0.00755320
-698.64686469	0.00028728
-698.61386139	-0.00544119
-698.58085809	-0.00968749
-698.54785479	-0.01182297
-698.51485149	-0.01197546
-698.48184818	-0.01063586
-698.44884488	-0.00786807
-698.41584158	-0.00437285
-698.38283828	-0.00063795
-698.34983498	0.00275209
-698.31683168	0.00506424
-698.28382838	0.00632155
-698.25082508	0.00605914
-698.21782178	0.00460004
-698.18481848	0.00228657
-698.15181518	-0.00042098
-698.11881188	-0.00311017
-698.08580858	-0.00485314
-698.05280528	-0.00578525
-698.01980198	-0.00554392
-697.98679868	-0.00425577
-697.95379538	-0.00230985
-697.92079208	0.00012344
-697.88778878	0.00272420
-697.85478548	0.00541789
-697.82178218	0.00780824
-697.78877888	0.00967866
-697.75577558	0.01129973
-697.72277228	0.01191208
-697.68976898	0.01122158
-697.65676568	0.00939549
-697.62376238	0.00630889
-697.59075908	0.00186030
-697.55775578	-0.00304237
-697.52475248	-0.00774390
-697.49174917	-0.01158216
-697.45874587	-0.01382752
-697.42574257	-0.01413825
-697.39273927	-0.01225388
-697.35973597	-0.00848511
-697.32673267	-0.00293005
-697.29372937	0.00405305
-697.26072607	0.01170043
-697.22772277	0.01962595
-697.19471947	0.02713533
-697.16171617	0.03348664
-697.12871287	0.03765046
-697.09570957	0.03914404
-697.06270627	0.03799327
-697.02970297	0.03410628
-696.99669967	0.02809866
-696.96369637	0.02087904
-696.93069307	0.01321366
-696.89768977	0.00627544
-696.86468647	0.00090701
-696.83168317	-0.00245543
-696.79867987	-0.00357027
-696.76567657	-0.00249105
-696.73267327	0.00071306
-696.69966997	0.00523898
-696.66666667	0.01075335
-696.63366337	0.01682558
-696.60066007	0.02272294
-696.56765677	0.02799889
-696.53465347	0.03267321
-696.50165017	0.03633025
-696.46864686	0.03919805
-696.43564356	0.04173336
-696.40264026	0.04341236
-696.36963696	0.04489241
-696.33663366	0.04632857
-696.30363036	0.04797585
-696.27062706	0.04986558
-696.23762376	0.05260752
-696.20462046	0.05601630
-696.17161716	0.05977716
-696.13861386	0.06374471
-696.10561056	0.06713494
-696.07260726	0.06916436
-696.03960396	0.06917840
-696.00660066	0.06644514
-695.97359736	0.06097556
-695.94059406	0.05267582
-695.90759076	0.04203407
-695.87458746	0.02986041
-695.84158416	0.01654008
-695.80858086	0.00283507
-695.77557756	-0.01102351
-695.74257426	-0.02477019
-695.70957096	-0.03840690
-695.67656766	-0.05221071
-695.64356436	-0.06631607
-695.61056106	-0.08072057
-695.57755776	-0.09565713
-695.54455446	-0.11117237
-695.51155116	-0.12739023
-695.47854785	-0.14403720
-695.44554455	-0.16147321
-695.41254125	-0.17963879
-695.37953795	-0.19847100
-695.34653465	-0.21748257
-695.31353135	-0.23603760
-695.28052805	-0.25299806
-695.24752475	-0.26680553
-695.21452145	-0.27578614
-695.18151815	-0.27806968
-695.14851485	-0.27185842
-695.11551155	-0.25630259
-695.08250825	-0.23027951
-695.04950495	-0.19488674
-695.01650165	-0.15124511
-694.98349835	-0.10151096
-694.95049505	-0.04896426
-694.91749175	0.00347441
-694.88448845	0.05279163
-694.85148515	0.09647504
-694.81848185	0.13272860
-694.78547855	0.16053153
-694.75247525	0.17974030
-694.71947195	0.19069199
-694.68646865	0.19436716
-694.65346535	0.19184394
-694.62046205	0.18465237
-694.58745875	0.17431695
-694.55445545	0.16227883
-694.52145215	0.14963684
-694.48844884	0.13737628
-694.45544554	0.12585820
-694.42244224	0.11551107
-694.38943894	0.10647061
-694.35643564	0.09824913
-694.32343234	0.09052519
-694.29042904	0.08313894
-694.25742574	0.07578258
-694.22442244	0.06775279
-694.19141914	0.05941368
-694.15841584	0.05041632
-694.12541254	0.04140237
-694.09240924	0.03220269
-694.05940594	0.02346342
-694.02640264	0.01539369
-693.99339934	0.00828206
-693.96039604	0.00208573
-693.92739274	-0.00265938
-693.89438944	-0.00620668
-693.86138614	-0.00853630
-693.82838284	-0.00951294
-693.79537954	-0.00924880
-693.76237624	-0.00783544
-693.72937294	-0.00537775
-693.69636964	-0.00211637
-693.66336634	0.00142492
-693.63036304	0.00484671
-693.59735974	0.00785266
-693.56435644	0.00980879
-693.53135314	0.01045668
-693.49834983	0.00977754
-693.46534653	0.00762767
-693.43234323	0.00437854
-693.39933993	0.00004432
-693.36633663	-0.00465580
-693.33333333	-0.00918438
-693.30033003	-0.01313511
-693.26732673	-0.01579096
-693.23432343	-0.01675890
-693.20132013	-0.01604891
-693.16831683	-0.01358955
-693.13531353	-0.00977925
-693.10231023	-0.00517689
-693.06930693	-0.00041110
-693.03630363	0.00375257
-693.00330033	0.00670177
-692.97029703	0.00801653
-692.93729373	0.00749501
-692.90429043	0.00540877
-692.87128713	0.00223474
-692.83828383	-0.00134957
-692.80528053	-0.00492240
-692.77227723	-0.00770633
-692.73927393	-0.00949362
-692.70627063	-0.01051257
-692.67326733	-0.01065041
-692.64026403	-0.01041156
-692.60726073	-0.00971026
-692.57425743	-0.00882896
-692.54125413	-0.00790606
-692.50825083	-0.00655849
-692.47524752	-0.00527050
-692.44224422	-0.00386100
-692.40924092	-0.00231369
-692.37623762	-0.00130584
-692.34323432	-0.00055379
-692.31023102	-0.00038070
-692.27722772	-0.00083427
-692.24422442	-0.00186455
-692.21122112	-0.00281233
-692.17821782	-0.00354562
-692.14521452	-0.00346999
-692.11221122	-0.00217554
-692.07920792	0.00040055
-692.04620462	0.00415517
-692.01320132	0.00853799
-691.98019802	0.01338418
-691.94719472	0.01754442
-691.91419142	0.02050179
-691.88118812	0.02196434
-691.84818482	0.02164148
-691.81518152	0.01961633
-691.78217822	0.01623059
-691.74917492	0.01217045
-691.71617162	0.00762278
-691.68316832	0.00323300
-691.65016502	-0.00065202
-691.61716172	-0.00391745
-691.58415842	-0.00635769
-691.55115512	-0.00754744
-691.51815182	-0.00760735
-691.48514851	-0.00675012
-691.45214521	-0.00487854
-691.41914191	-0.00262433
-691.38613861	-0.00091093
-691.35313531	-0.00001421
-691.32013201	-0.00035731
-691.28712871	-0.00224857
-691.25412541	-0.00566759
-691.22112211	-0.01003121
-691.18811881	-0.01469217
-691.15511551	-0.01923062
-691.12211221	-0.02331613
-691.08910891	-0.02633758
-691.05610561	-0.02827898
-691.02310231	-0.02935112
-690.99009901	-0.02944728
-690.95709571	-0.02880638
-690.92409241	-0.02752131
-690.89108911	-0.02556387
-690.85808581	-0.02316576
-690.82508251	-0.02026595
-690.79207921	-0.01701231
-690.75907591	-0.01333446
-690.72607261	-0.00941990
-690.69306931	-0.00549395
-690.66006601	-0.00159441
-690.62706271	0.00197627
-690.59405941	0.00521788
-690.56105611	0.00777216
-690.52805281	0.00983610
-690.49504950	0.01122067
-690.46204620	0.01229235
-690.42904290	0.01308682
-690.39603960	0.01374091
-690.36303630	0.01446615
-690.33003300	0.01535605
-690.29702970	0.01633041
-690.26402640	0.01756250
-690.23102310	0.01878456
-690.19801980	0.01993979
-690.16501650	0.02088235
-690.13201320	0.02135605
-690.09900990	0.02123281
-690.06600660	0.02018959
-690.03300330	0.01795102
-690.00000000	0.01469695
-689.96699670	0.01063950
-689.93399340	0.00592959
-689.90099010	0.00138636
-689.86798680	-0.00280366
-689.83498350	-0.00594761
-689.80198020	-0.00789515
-689.76897690	-0.00827836
-689.73597360	-0.00771199
-689.70297030	-0.00592988
-689.66996700	-0.00374676
-689.63696370	-0.00149475
-689.60396040	0.00047928
-689.57095710	0.00181062
-689.53795380	0.00242457
-689.50495050	0.00237022
-689.47194719	0.00155684
-689.43894389	0.00030988
-689.40594059	-0.00118700
-689.37293729	-0.00281083
-689.33993399	-0.00405897
-689.30693069	-0.00540758
-689.27392739	-0.00625828
-689.24092409	-0.00683295
-689.20792079	-0.00734815
-689.17491749	-0.00739762
-689.14191419	-0.00754489
-689.10891089	-0.00744654
-689.07590759	-0.00710637
-689.04290429	-0.00656894
-689.00990099	-0.00543034
-688.97689769	-0.00400654
-688.94389439	-0.00204112
-688.91089109	0.00014464
-688.87788779	0.00237673
-688.84488449	0.00474085
-688.81188119	0.00681075
-688.77887789	0.00886115
-688.74587459	0.01058870
-688.71287129	0.01193767
-688.67986799	0.01312515
-688.64686469	0.01380774
-688.61386139	0.01397230
-688.58085809	0.01358354
-688.54785479	0.01282195
-688.51485149	0.01171577
-688.48184818	0.01038122
-688.44884488	0.00893957
-688.41584158	0.00729648
-688.38283828	0.00590630
-688.34983498	0.00447787
-688.31683168	0.00348710
-688.28382838	0.00253271
-688.25082508	0.00221728
-688.21782178	0.00216969
-688.18481848	0.00246799
-688.15181518	0.00307788
-688.11881188	0.00357057
-688.08580858	0.00435291
-688.05280528	0.00501751
-688.01980198	0.00593765
-687.98679868	0.00716887
-687.95379538	0.00841168
-687.92079208	0.01023370
-687.88778878	0.01217750
-687.85478548	0.01430797
-687.82178218	0.01602028
-687.78877888	0.01711710
-687.75577558	0.01730926
-687.72277228	0.01646715
-687.68976898	0.01464658
-687.65676568	0.01178976
-687.62376238	0.00863349
-687.59075908	0.00514805
-687.55775578	0.00216597
-687.52475248	0.00009802
-687.49174917	-0.00100221
-687.45874587	-0.00097397
-687.42574257	-0.00018623
-687.39273927	0.00135423
-687.35973597	0.00291416
-687.32673267	0.00409785
-687.29372937	0.00461796
-687.26072607	0.00455062
-687.22772277	0.00387037
-687.19471947	0.00283822
-687.16171617	0.00163641
-687.12871287	0.00051923
-687.09570957	-0.00011753
-687.06270627	-0.00036847
-687.02970297	-0.00053298
-686.99669967	-0.00088742
-686.96369637	-0.00154935
-686.93069307	-0.00330663
-686.89768977	-0.00640410
-686.86468647	-0.01073616
-686.83168317	-0.01658410
-686.79867987	-0.02348731
-686.76567657	-0.03095932
-686.73267327	-0.03890656
-686.69966997	-0.04669354
-686.66666667	-0.05419462
-686.63366337	-0.06123440
-686.60066007	-0.06771904
-686.56765677	-0.07331904
-686.53465347	-0.07818494
-686.50165017	-0.08203458
-686.46864686	-0.08437388
-686.43564356	-0.08499811
-686.40264026	-0.08359293
-686.36963696	-0.07969072
-686.33663366	-0.07319632
-686.30363036	-0.06437937
-686.27062706	-0.05314233
-686.23762376	-0.03972999
-686.20462046	-0.02521010
-686.17161716	-0.00979613
-686.13861386	0.00560340
-686.10561056	0.02009739
-686.07260726	0.03307768
-686.03960396	0.04404348
-686.00660066	0.05182541
-685.97359736	0.05660496
-685.94059406	0.05832199
-685.90759076	0.05724121
-685.87458746	0.05385755
-685.84158416	0.04911439
-685.80858086	0.04376386
-685.77557756	0.03826135
-685.74257426	0.03343141
-685.70957096	0.02945581
-685.67656766	0.02621797
-685.64356436	0.02340994
-685.61056106	0.02107216
-685.57755776	0.01869277
-685.54455446	0.01611809
-685.51155116	0.01331809
-685.47854785	0.01041963
-685.44554455	0.00805942
-685.41254125	0.00585911
-685.37953795	0.00442236
-685.34653465	0.00389017
-685.31353135	0.00412597
-685.28052805	0.00528418
-685.24752475	0.00701337
-685.21452145	0.00923010
-685.18151815	0.01168977
-685.14851485	0.01391103
-685.11551155	0.01549584
-685.08250825	0.01615101
-685.04950495	0.01568909
-685.01650165	0.01437795
-684.98349835	0.01199461
-684.95049505	0.00907461
-684.91749175	0.00614826
-684.88448845	0.00339326
-684.85148515	0.00128787
-684.81848185	-0.00001896
-684.78547855	-0.00068266
-684.75247525	-0.00044974
-684.71947195	0.00015903
-684.68646865	0.00116299
-684.65346535	0.00243849
-684.62046205	0.00358615
-684.58745875	0.00469751
-684.55445545	0.00575637
-684.52145215	0.00671284
-684.48844884	0.00743330
-684.45544554	0.00841301
-684.42244224	0.00932143
-684.38943894	0.01013353
-684.35643564	0.01069711
-684.32343234	0.01110490
-684.29042904	0.01098717
-684.25742574	0.01017508
-684.22442244	0.00882377
-684.19141914	0.00696772
-684.15841584	0.00457646
-684.12541254	0.00199570
-684.09240924	-0.00101751
-684.05940594	-0.00383933
-684.02640264	-0.00664129
-683.99339934	-0.00898338
-683.96039604	-0.01084351
-683.92739274	-0.01200646
-683.89438944	-0.01222290
-683.86138614	-0.01174255
-683.82838284	-0.01053231
-683.79537954	-0.00889525
-683.76237624	-0.00737754
-683.72937294	-0.00606024
-683.69636964	-0.00524452
-683.66336634	-0.00537074
-683.63036304	-0.00602100
-683.59735974	-0.00750285
-683.56435644	-0.00947211
-683.53135314	-0.01157872
-683.49834983	-0.01365305
-683.46534653	-0.01516442
-683.43234323	-0.01617536
-683.39933993	-0.01636705
-683.36633663	-0.01570734
-683.33333333	-0.01437258
-683.30033003	-0.01254778
-683.26732673	-0.01039087
-683.23432343	-0.00833834
-683.20132013	-0.00696228
-683.16831683	-0.00607247
-683.13531353	-0.00642920
-683.10231023	-0.00750252
-683.06930693	-0.00911883
-683.03630363	-0.01110415
-683.00330033	-0.01281433
-682.97029703	-0.01397022
-682.93729373	-0.01373685
-682.90429043	-0.01253538
-682.87128713	-0.00997976
-682.83828383	-0.00657241
-682.80528053	-0.00229892
-682.77227723	0.00215316
-682.73927393	0.00696686
-682.70627063	0.01129149
-682.67326733	0.01528898
-682.64026403	0.01860686
-682.60726073	0.02119141
-682.57425743	0.02335501
-682.54125413	0.02492137
-682.50825083	0.02638530
-682.47524752	0.02778968
-682.44224422	0.02940003
-682.40924092	0.03118380
-682.37623762	0.03328894
-682.34323432	0.03539654
-682.31023102	0.03748235
-682.27722772	0.03922571
-682.24422442	0.04058321
-682.21122112	0.04135467
-682.17821782	0.04128568
-682.14521452	0.04004818
-682.11221122	0.03742818
-682.07920792	0.03352250
-682.04620462	0.02803281
-682.01320132	0.02148553
-681.98019802	0.01390299
-681.94719472	0.00592427
-681.91419142	-0.00221689
-681.88118812	-0.00994988
-681.84818482	-0.01688025
-681.81518152	-0.02298336
-681.78217822	-0.02771125
-681.74917492	-0.03103097
-681.71617162	-0.03272667
-681.68316832	-0.03270949
-681.65016502	-0.03131221
-681.61716172	-0.02869562
-681.58415842	-0.02484534
-681.55115512	-0.02074600
-681.51815182	-0.01650774
-681.48514851	-0.01264577
-681.45214521	-0.00950454
-681.41914191	-0.00735502
-681.38613861	-0.00597262
-681.35313531	-0.00574876
-681.32013201	-0.00592409
-681.28712871	-0.00695551
-681.25412541	-0.00816576
-681.22112211	-0.00938932
-681.18811881	-0.01037978
-681.15511551	-0.01087401
-681.12211221	-0.01064220
-681.08910891	-0.00940795
-681.05610561	-0.00746507
-681.02310231	-0.00443276
-680.99009901	-0.00091247
-680.95709571	0.00265534
-680.92409241	0.00625056
-680.89108911	0.00906488
-680.85808581	0.01108419
-680.82508251	0.01197696
-680.79207921	0.01179007
-680.75907591	0.01056176
-680.72607261	0.00852360
-680.69306931	0.00599737
-680.66006601	0.00344613
-680.62706271	0.00099276
-680.59405941	-0.00105905
-680.56105611	-0.00283832
-680.52805281	-0.00434753
-680.49504950	-0.00563381
-680.46204620	-0.00677998
-680.42904290	-0.00806150
-680.39603960	-0.00917646
-680.36303630	-0.01005339
-680.33003300	-0.01062603
-680.29702970	-0.01085570
-680.26402640	-0.01063919
-680.23102310	-0.01032357
-680.19801980	-0.00979644
-680.16501650	-0.00954995
-680.13201320	-0.00942741
-680.09900990	-0.00974880
-680.06600660	-0.01037944
-680.03300330	-0.01119500
-680.00000000	-0.01204434
-679.96699670	-0.01268655
-679.93399340	-0.01291122
-679.90099010	-0.01231871
-679.86798680	-0.01131726
-679.83498350	-0.00956216
-679.80198020	-0.00754269
-679.76897690	-0.00525921
-679.73597360	-0.00294330
-679.70297030	-0.00070502
-679.66996700	0.00138761
-679.63696370	0.00311162
-679.60396040	0.00447755
-679.57095710	0.00558077
-679.53795380	0.00617717
-679.50495050	0.00627025
-679.47194719	0.00602204
-679.43894389	0.00543885
-679.40594059	0.00471834
-679.37293729	0.00400359
-679.33993399	0.00359639
-679.30693069	0.00357411
-679.27392739	0.00426755
-679.24092409	0.00546179
-679.20792079	0.00743033
-679.17491749	0.01022478
-679.14191419	0.01333128
-679.10891089	0.01662387
-679.07590759	0.01962076
-679.04290429	0.02193624
-679.00990099	0.02341679
-678.97689769	0.02385957
-678.94389439	0.02359207
-678.91089109	0.02288028
-678.87788779	0.02191479
-678.84488449	0.02104594
-678.81188119	0.02052070
-678.77887789	0.02037695
-678.74587459	0.02058402
-678.71287129	0.02097647
-678.67986799	0.02173693
-678.64686469	0.02242123
-678.61386139	0.02327586
-678.58085809	0.02359016
-678.54785479	0.02358428
-678.51485149	0.02294032
-678.48184818	0.02178016
-678.44884488	0.01978712
-678.41584158	0.01759913
-678.38283828	0.01497028
-678.34983498	0.01223790
-678.31683168	0.00958274
-678.28382838	0.00744279
-678.25082508	0.00554002
-678.21782178	0.00441756
-678.18481848	0.00384539
-678.15181518	0.00370290
-678.11881188	0.00407121
-678.08580858	0.00413329
-678.05280528	0.00435316
-678.01980198	0.00396701
-677.98679868	0.00295237
-677.95379538	0.00138558
-677.92079208	-0.00098778
-677.88778878	-0.00394491
-677.85478548	-0.00762214
-677.82178218	-0.01157962
-677.78877888	-0.01580894
-677.75577558	-0.01999804
-677.72277228	-0.02364504
-677.68976898	-0.02710296
-677.65676568	-0.02943247
-677.62376238	-0.03083712
-677.59075908	-0.03096137
-677.55775578	-0.02984282
-677.52475248	-0.02735306
-677.49174917	-0.02367802
-677.45874587	-0.01892987
-677.42574257	-0.01354117
-677.39273927	-0.00807591
-677.35973597	-0.00278188
-677.32673267	0.00166343
-677.29372937	0.00495750
-677.26072607	0.00668701
-677.22772277	0.00682528
-677.19471947	0.00528553
-677.16171617	0.00255757
-677.12871287	-0.00128891
-677.09570957	-0.00547123
-677.06270627	-0.00944651
-677.02970297	-0.01255106
-676.99669967	-0.01445288
-676.96369637	-0.01493371
-676.93069307	-0.01407733
-676.89768977	-0.01219051
-676.86468647	-0.00981359
-676.83168317	-0.00757600
-676.79867987	-0.00613435
-676.76567657	-0.00565242
-676.73267327	-0.00669729
-676.69966997	-0.00859735
-676.66666667	-0.01156354
-676.63366337	-0.01459601
-676.60066007	-0.01768090
-676.56765677	-0.01973972
-676.53465347	-0.02097582
-676.50165017	-0.02093909
-676.46864686	-0.01974267
-676.43564356	-0.01783530
-676.40264026	-0.01554287
-676.36963696	-0.01333902
-676.33663366	-0.01171546
-676.30363036	-0.01090389
-676.27062706	-0.01086840
-676.23762376	-0.01153286
-676.20462046	-0.01289801
-676.17161716	-0.01413603
-676.13861386	-0.01543952
-676.10561056	-0.01623343
-676.07260726	-0.01643973
-676.03960396	-0.01592480
-676.00660066	-0.01479612
-675.97359736	-0.01318684
-675.94059406	-0.01114641
-675.90759076	-0.00897488
-675.87458746	-0.00659099
-675.84158416	-0.00457661
-675.80858086	-0.00258597
-675.77557756	-0.00118401
-675.74257426	-0.00000007
-675.70957096	0.00062188
-675.67656766	0.00082456
-675.64356436	0.00091139
-675.61056106	0.00101007
-675.57755776	0.00061679
-675.54455446	0.00035527
-675.51155116	-0.00028546
-675.47854785	-0.00130485
-675.44554455	-0.00261951
-675.41254125	-0.00417953
-675.37953795	-0.00563951
-675.34653465	-0.00687211
-675.31353135	-0.00734966
-675.28052805	-0.00723363
-675.24752475	-0.00627459
-675.21452145	-0.00470326
-675.18151815	-0.00264283
-675.14851485	-0.00032663
-675.11551155	0.00176516
-675.08250825	0.00352928
-675.04950495	0.00486357
-675.01650165	0.00551756
-674.98349835	0.00542133
-674.95049505	0.00480091
-674.91749175	0.00397661
-674.88448845	0.00288034
-674.85148515	0.00194426
-674.81848185	0.00101907
-674.78547855	0.00053307
-674.75247525	0.00017910
-674.71947195	0.00024121
-674.68646865	0.00086443
-674.65346535	0.00184596
-674.62046205	0.00342540
-674.58745875	0.00519226
-674.55445545	0.00726996
-674.52145215	0.00918072
-674.48844884	0.01088930
-674.45544554	0.01217474
-674.42244224	0.01288689
-674.38943894	0.01325837
-674.35643564	0.01298469
-674.32343234	0.01262223
-674.29042904	0.01206767
-674.25742574	0.01138146
-674.22442244	0.01057332
-674.19141914	0.00990406
-674.15841584	0.00921866
-674.12541254	0.00856704
-674.09240924	0.00789392
-674.05940594	0.00730280
-674.02640264	0.00676102
-673.99339934	0.00618940
-673.96039604	0.00569188
-673.92739274	0.00526651
-673.89438944	0.00448789
-673.86138614	0.00370891
-673.82838284	0.00234170
-673.79537954	0.00041311
-673.76237624	-0.00218378
-673.72937294	-0.00544132
-673.69636964	-0.00924270
-673.66336634	-0.01313105
-673.63036304	-0.01722943
-673.59735974	-0.02085959
-673.56435644	-0.02387709
-673.53135314	-0.02620298
-673.49834983	-0.02725932
-673.46534653	-0.02745678
-673.43234323	-0.02603634
-673.39933993	-0.02361559
-673.36633663	-0.01992345
-673.33333333	-0.01534294
-673.30033003	-0.00994522
-673.26732673	-0.00425635
-673.23432343	0.00161674
-673.20132013	0.00741073
-673.16831683	0.01265615
-673.13531353	0.01743308
-673.10231023	0.02140710
-673.06930693	0.02446706
-673.03630363	0.02662225
-673.00330033	0.02784605
-672.97029703	0.02814679
-672.93729373	0.02809376
-672.90429043	0.02759317
-672.87128713	0.02718762
-672.83828383	0.02681645
-672.80528053	0.02675528
-672.77227723	0.02691355
-672.73927393	0.02725361
-672.70627063	0.02769781
-672.67326733	0.02795637
-672.64026403	0.02815802
-672.60726073	0.02799180
-672.57425743	0.02755810
-672.54125413	0.02670886
-672.50825083	0.02584355
-672.47524752	0.02478384
-672.44224422	0.02369856
-672.40924092	0.02283624
-672.37623762	0.02205443
-672.34323432	0.02161349
-672.31023102	0.02130335
-672.27722772	0.02100182
-672.24422442	0.02072448
-672.21122112	0.02013760
-672.17821782	0.01915921
-672.14521452	0.01756905
-672.11221122	0.01543486
-672.07920792	0.01260263
-672.04620462	0.00948544
-672.01320132	0.00618006
-671.98019802	0.00269672
-671.94719472	-0.00051552
-671.91419142	-0.00346926
-671.88118812	-0.00602013
-671.84818482	-0.00826577
-671.81518152	-0.00994654
-671.78217822	-0.01104608
-671.74917492	-0.01157584
-671.71617162	-0.01158293
-671.68316832	-0.01053670
-671.65016502	-0.00924935
-671.61716172	-0.00720343
-671.58415842	-0.00464374
-671.55115512	-0.00217887
-671.51815182	0.00034726
-671.48514851	0.00203541
-671.45214521	0.00296713
-671.41914191	0.00296105
-671.38613861	0.00161014
-671.35313531	-0.00062455
-671.32013201	-0.00344801
-671.28712871	-0.00661121
-671.25412541	-0.00957837
-671.22112211	-0.01199984
-671.18811881	-0.01368441
-671.15511551	-0.01435334
-671.12211221	-0.01401165
-671.08910891	-0.01307718
-671.05610561	-0.01130016
-671.02310231	-0.00924735
-670.99009901	-0.00698579
-670.95709571	-0.00475335
-670.92409241	-0.00251334
-670.89108911	-0.00053057
-670.85808581	0.00130556
-670.82508251	0.00293528
-670.79207921	0.00423824
-670.75907591	0.00523377
-670.72607261	0.00580829
-670.69306931	0.00633510
-670.66006601	0.00654515
-670.62706271	0.00667976
-670.59405941	0.00696973
-670.56105611	0.00728206
-670.52805281	0.00788862
-670.49504950	0.00860258
-670.46204620	0.00914044
-670.42904290	0.00969312
-670.39603960	0.00996816
-670.36303630	0.00991437
-670.33003300	0.00939462
-670.29702970	0.00868598
-670.26402640	0.00751607
-670.23102310	0.00616062
-670.19801980	0.00471543
-670.16501650	0.00286156
-670.13201320	0.00119696
-670.09900990	-0.00039848
-670.06600660	-0.00212352
-670.03300330	-0.00347288
-670.00000000	-0.00452887
-669.96699670	-0.00505254
-669.93399340	-0.00506703
-669.90099010	-0.00443917
-669.86798680	-0.00297816
-669.83498350	-0.00107883
-669.80198020	0.00111723
-669.76897690	0.00348478
-669.73597360	0.00572146
-669.70297030	0.00712611
-669.66996700	0.00791299
-669.63696370	0.00791101
-669.60396040	0.00715758
-669.57095710	0.00572982
-669.53795380	0.00394165
-669.50495050	0.00182293
-669.47194719	-0.00020106
-669.43894389	-0.00201580
-669.40594059	-0.00345938
-669.37293729	-0.00445106
-669.33993399	-0.00490749
-669.30693069	-0.00536091
-669.27392739	-0.00534045
-669.24092409	-0.00540913
-669.20792079	-0.00552217
-669.17491749	-0.00555637
-669.14191419	-0.00573443
-669.10891089	-0.00569771
-669.07590759	-0.00556934
-669.04290429	-0.00522605
-669.00990099	-0.00446164
-668.97689769	-0.00347114
-668.94389439	-0.00205662
-668.91089109	-0.00027573
-668.87788779	0.00151358
-668.84488449	0.00352075
-668.81188119	0.00529910
-668.77887789	0.00680578
-668.74587459	0.00793348
-668.71287129	0.00860325
-668.67986799	0.00870042
-668.64686469	0.00834118
-668.61386139	0.00775216
-668.58085809	0.00683933
-668.54785479	0.00560007
-668.51485149	0.00418987
-668.48184818	0.00256514
-668.44884488	0.00100846
-668.41584158	-0.00083427
-668.38283828	-0.00271462
-668.34983498	-0.00450511
-668.31683168	-0.00610159
-668.28382838	-0.00738778
-668.25082508	-0.00833099
-668.21782178	-0.00875861
-668.18481848	-0.00856519
-668.15181518	-0.00794251
-668.11881188	-0.00684850
-668.08580858	-0.00548190
-668.05280528	-0.00395816
-668.01980198	-0.00240154
-667.98679868	-0.00156496
-667.95379538	-0.00102416
-667.92079208	-0.00130492
-667.88778878	-0.00220254
-667.85478548	-0.00365761
-667.82178218	-0.00536725
-667.78877888	-0.00716296
-667.75577558	-0.00868939
-667.72277228	-0.00970407
-667.68976898	-0.00993464
-667.65676568	-0.00961020
-667.62376238	-0.00835641
-667.59075908	-0.00660022
-667.55775578	-0.00456341
-667.52475248	-0.00217143
-667.49174917	0.00022408
-667.45874587	0.00211083
-667.42574257	0.00367347
-667.39273927	0.00457354
-667.35973597	0.00501679
-667.32673267	0.00474145
-667.29372937	0.00408469
-667.26072607	0.00333027
-667.22772277	0.00259889
-667.19471947	0.00196074
-667.16171617	0.00179980
-667.12871287	0.00190511
-667.09570957	0.00243928
-667.06270627	0.00290295
-667.02970297	0.00337040
-666.99669967	0.00350881
-666.96369637	0.00327308
-666.93069307	0.00251637
-666.89768977	0.00137619
-666.86468647	-0.00001932
-666.83168317	-0.00172507
-666.79867987	-0.00350763
-666.76567657	-0.00539761
-666.73267327	-0.00704756
-666.69966997	-0.00877194
-666.66666667	-0.01056892
-666.63366337	-0.01207537
-666.60066007	-0.01349794
-666.56765677	-0.01484726
-666.53465347	-0.01598020
-666.50165017	-0.01665549
-666.46864686	-0.01722099
-666.43564356	-0.01746739
-666.40264026	-0.01740261
-666.36963696	-0.01690805
-666.33663366	-0.01614723
-666.30363036	-0.01507361
-666.27062706	-0.01360863
-666.23762376	-0.01195361
-666.20462046	-0.01031819
-666.17161716	-0.00871265
-666.13861386	-0.00704142
-666.10561056	-0.00567624
-666.07260726	-0.00432041
-666.03960396	-0.00335641
-666.00660066	-0.00218116
-665.97359736	-0.00111432
-665.94059406	-0.00003442
-665.90759076	0.00112800
-665.87458746	0.00239656
-665.84158416	0.00354156
-665.80858086	0.00462353
-665.77557756	0.00547263
-665.74257426	0.00600856
-665.70957096	0.00596258
-665.67656766	0.00550027
-665.64356436	0.00454086
-665.61056106	0.00311762
-665.57755776	0.00136877
-665.54455446	-0.00036164
-665.51155116	-0.00221643
-665.47854785	-0.00387160
-665.44554455	-0.00547755
-665.41254125	-0.00673935
-665.37953795	-0.00783801
-665.34653465	-0.00867551
-665.31353135	-0.00910158
-665.28052805	-0.00924207
-665.24752475	-0.00918265
-665.21452145	-0.00892335
-665.18151815	-0.00857530
-665.14851485	-0.00849163
-665.11551155	-0.00853630
-665.08250825	-0.00915504
-665.04950495	-0.01031119
-665.01650165	-0.01184632
-664.98349835	-0.01406025
-664.95049505	-0.01621929
-664.91749175	-0.01864046
-664.88448845	-0.02093729
-664.85148515	-0.02273229
-664.81848185	-0.02414565
-664.78547855	-0.02496032
-664.75247525	-0.02508609
-664.71947195	-0.02476514
-664.68646865	-0.02366122
-664.65346535	-0.02228637
-664.62046205	-0.02044473
-664.58745875	-0.01833822
-664.55445545	-0.01599376
-664.52145215	-0.01355724
-664.48844884	-0.01087223
-664.45544554	-0.00821234
-664.42244224	-0.00552332
-664.38943894	-0.00256956
-664.35643564	0.00025886
-664.32343234	0.00296020
-664.29042904	0.00571827
-664.25742574	0.00827365
-664.22442244	0.01077010
-664.19141914	0.01331428
-664.15841584	0.01572492
-664.12541254	0.01828230
-664.09240924	0.02083225
-664.05940594	0.02350176
-664.02640264	0.02608392
-663.99339934	0.02842536
-663.96039604	0.03034565
-663.92739274	0.03165013
-663.89438944	0.03240786
-663.86138614	0.03242614
-663.82838284	0.03154839
-663.79537954	0.02968013
-663.76237624	0.02745064
-663.72937294	0.02453969
-663.69636964	0.02129042
-663.66336634	0.01792245
-663.63036304	0.01486221
-663.59735974	0.01209485
-663.56435644	0.00980840
-663.53135314	0.00807499
-663.49834983	0.00671318
-663.46534653	0.00567083
-663.43234323	0.00470432
-663.39933993	0.00366788
-663.36633663	0.00237633
-663.33333333	0.00108426
-663.30033003	-0.00038098
-663.26732673	-0.00211111
-663.23432343	-0.00359566
-663.20132013	-0.00481517
-663.16831683	-0.00568967
-663.13531353	-0.00582864
-663.10231023	-0.00541189
-663.06930693	-0.00430093
-663.03630363	-0.00236448
-663.00330033	-0.00011238
-662.97029703	0.00265288
-662.93729373	0.00567558
-662.90429043	0.00850057
-662.87128713	0.01098521
-662.83828383	0.01306085
-662.80528053	0.01449247
-662.77227723	0.01548003
-662.73927393	0.01564688
-662.70627063	0.01515746
-662.67326733	0.01425176
-662.64026403	0.01290150
-662.60726073	0.01118187
-662.57425743	0.00940892
-662.54125413	0.00750689
-662.50825083	0.00565721
-662.47524752	0.00395294
-662.44224422	0.00242367
-662.40924092	0.00094670
-662.37623762	-0.00027412
-662.34323432	-0.00141651
-662.31023102	-0.00247163
-662.27722772	-0.00336407
-662.24422442	-0.00423083
-662.21122112	-0.00508567
-662.17821782	-0.00589528
-662.14521452	-0.00676853
-662.11221122	-0.00739578
-662.07920792	-0.00807479
-662.04620462	-0.00876439
-662.01320132	-0.00933515
-661.98019802	-0.00970200
-661.94719472	-0.00983626
-661.91419142	-0.00966196
-661.88118812	-0.00904398
-661.84818482	-0.00814062
-661.81518152	-0.00678939
-661.78217822	-0.00532775
-661.74917492	-0.00372805
-661.71617162	-0.00208417
-661.68316832	-0.00050828
-661.65016502	0.00088212
-661.61716172	0.00212662
-661.58415842	0.00324122
-661.55115512	0.00425583
-661.51815182	0.00519136
-661.48514851	0.00608956
-661.45214521	0.00696482
-661.41914191	0.00771929
-661.38613861	0.00829844
-661.35313531	0.00848472
-661.32013201	0.00851803
-661.28712871	0.00803522
-661.25412541	0.00748198
-661.22112211	0.00675759
-661.18811881	0.00617673
-661.15511551	0.00557986
-661.12211221	0.00543941
-661.08910891	0.00568197
-661.05610561	0.00611368
-661.02310231	0.00672583
-660.99009901	0.00734618
-660.95709571	0.00789875
-660.92409241	0.00835155
-660.89108911	0.00828700
-660.85808581	0.00807565
-660.82508251	0.00758312
-660.79207921	0.00704501
-660.75907591	0.00640709
-660.72607261	0.00565083
-660.69306931	0.00488763
-660.66006601	0.00407152
-660.62706271	0.00342091
-660.59405941	0.00269801
-660.56105611	0.00209362
-660.52805281	0.00151518
-660.49504950	0.00092258
-660.46204620	0.00046962
-660.42904290	-0.00016698
-660.39603960	-0.00083815
-660.36303630	-0.00154164
-660.33003300	-0.00215039
-660.29702970	-0.00268017
-660.26402640	-0.00307906
-660.23102310	-0.00313893
-660.19801980	-0.00318672
-660.16501650	-0.00313710
-660.13201320	-0.00310731
-660.09900990	-0.00296021
-660.06600660	-0.00300346
-660.03300330	-0.00326802
-660.00000000	-0.00354314
