# Menlo Systems GmbH ScanControl
# Program Version 1.14.3
# Start: -740.00000000 ps, Average over 1000 waveforms. Timestamp: 2026-02-06T13:11:48
# User time axis shift: 0 ps
# Time axis offset: 0 ps
# Time [ps]	THz Signal [a.u.]
-740.00000000	-0.00008154
-739.96699670	-0.00022177
-739.93399340	-0.00017651
-739.90099010	-0.00013708
-739.86798680	-0.00017618
-739.83498350	-0.00023186
-739.80198020	-0.00009987
-739.76897690	-0.00018121
-739.73597360	-0.00018211
-739.70297030	-0.00015882
-739.66996700	-0.00016903
-739.63696370	-0.00005042
-739.60396040	-0.00009920
-739.57095710	-0.00000840
-739.53795380	-0.00010220
-739.50495050	-0.00012771
-739.47194719	0.00001512
-739.43894389	0.00000713
-739.40594059	-0.00007769
-739.37293729	0.00001367
-739.33993399	0.00002419
-739.30693069	0.00015290
-739.27392739	0.00011692
-739.24092409	0.00022344
-739.20792079	0.00021996
-739.17491749	0.00023586
-739.14191419	0.00020347
-739.10891089	0.00043052
-739.07590759	0.00034192
-739.04290429	0.00029651
-739.00990099	0.00036106
-738.97689769	0.00036237
-738.94389439	0.00043696
-738.91089109	0.00054233
-738.87788779	0.00049870
-738.84488449	0.00060296
-738.81188119	0.00065058
-738.77887789	0.00068336
-738.74587459	0.00064603
-738.71287129	0.00065623
-738.67986799	0.00077421
-738.64686469	0.00084532
-738.61386139	0.00070621
-738.58085809	0.00073972
-738.54785479	0.00081405
-738.51485149	0.00081239
-738.48184818	0.00087643
-738.44884488	0.00082286
-738.41584158	0.00093637
-738.38283828	0.00090713
-738.34983498	0.00094572
-738.31683168	0.00088559
-738.28382838	0.00081254
-738.25082508	0.00079278
-738.21782178	0.00084413
-738.18481848	0.00085970
-738.15181518	0.00087527
-738.11881188	0.00082756
-738.08580858	0.00080364
-738.05280528	0.00079662
-738.01980198	0.00077988
-737.98679868	0.00075351
-737.95379538	0.00074107
-737.92079208	0.00072024
-737.88778878	0.00065731
-737.85478548	0.00073447
-737.82178218	0.00069421
-737.78877888	0.00061271
-737.75577558	0.00066498
-737.72277228	0.00057201
-737.68976898	0.00052099
-737.65676568	0.00053128
-737.62376238	0.00052189
-737.59075908	0.00048050
-737.55775578	0.00038591
-737.52475248	0.00044441
-737.49174917	0.00033989
-737.45874587	0.00042149
-737.42574257	0.00034440
-737.39273927	0.00024448
-737.35973597	0.00027535
-737.32673267	0.00032600
-737.29372937	0.00030144
-737.26072607	0.00030627
-737.22772277	0.00030012
-737.19471947	0.00024888
-737.16171617	0.00030879
-737.12871287	0.00033617
-737.09570957	0.00028498
-737.06270627	0.00028105
-737.02970297	0.00037834
-736.99669967	0.00038395
-736.96369637	0.00036838
-736.93069307	0.00041346
-736.89768977	0.00046083
-736.86468647	0.00043161
-736.83168317	0.00040044
-736.79867987	0.00043934
-736.76567657	0.00051147
-736.73267327	0.00049810
-736.69966997	0.00053522
-736.66666667	0.00057677
-736.63366337	0.00056981
-736.60066007	0.00058232
-736.56765677	0.00061524
-736.53465347	0.00067568
-736.50165017	0.00065148
-736.46864686	0.00072177
-736.43564356	0.00061201
-736.40264026	0.00066196
-736.36963696	0.00061584
-736.33663366	0.00070772
-736.30363036	0.00070616
-736.27062706	0.00075320
-736.23762376	0.00071102
-736.20462046	0.00070301
-736.17161716	0.00068191
-736.13861386	0.00069857
-736.10561056	0.00072542
-736.07260726	0.00073265
-736.03960396	0.00069247
-736.00660066	0.00065236
-735.97359736	0.00068023
-735.94059406	0.00063356
-735.90759076	0.00064504
-735.87458746	0.00065195
-735.84158416	0.00056458
-735.80858086	0.00057475
-735.77557756	0.00070640
-735.74257426	0.00054319
-735.70957096	0.00057300
-735.67656766	0.00060537
-735.64356436	0.00054406
-735.61056106	0.00050153
-735.57755776	0.00060582
-735.54455446	0.00056198
-735.51155116	0.00056667
-735.47854785	0.00057234
-735.44554455	0.00057954
-735.41254125	0.00063299
-735.37953795	0.00052443
-735.34653465	0.00050791
-735.31353135	0.00053759
-735.28052805	0.00057558
-735.24752475	0.00056635
-735.21452145	0.00053970
-735.18151815	0.00063318
-735.14851485	0.00053756
-735.11551155	0.00058108
-735.08250825	0.00054147
-735.04950495	0.00058782
-735.01650165	0.00063899
-734.98349835	0.00057509
-734.95049505	0.00057300
-734.91749175	0.00052437
-734.88448845	0.00062558
-734.85148515	0.00050785
-734.81848185	0.00060101
-734.78547855	0.00054542
-734.75247525	0.00060479
-734.71947195	0.00058418
-734.68646865	0.00064471
-734.65346535	0.00056901
-734.62046205	0.00059368
-734.58745875	0.00065499
-734.55445545	0.00069073
-734.52145215	0.00068629
-734.48844884	0.00074122
-734.45544554	0.00077915
-734.42244224	0.00067154
-734.38943894	0.00077782
-734.35643564	0.00080615
-734.32343234	0.00083007
-734.29042904	0.00087464
-734.25742574	0.00090129
-734.22442244	0.00090825
-734.19141914	0.00100295
-734.15841584	0.00104276
-734.12541254	0.00105833
-734.09240924	0.00113801
-734.05940594	0.00121579
-734.02640264	0.00117146
-733.99339934	0.00123755
-733.96039604	0.00121349
-733.92739274	0.00121193
-733.89438944	0.00139761
-733.86138614	0.00128864
-733.82838284	0.00134000
-733.79537954	0.00137385
-733.76237624	0.00127689
-733.72937294	0.00116823
-733.69636964	0.00129145
-733.66336634	0.00127720
-733.63036304	0.00110070
-733.59735974	0.00096477
-733.56435644	0.00093741
-733.53135314	0.00084853
-733.49834983	0.00064384
-733.46534653	0.00041899
-733.43234323	0.00030701
-733.39933993	0.00011768
-733.36633663	-0.00011588
-733.33333333	-0.00023557
-733.30033003	-0.00045550
-733.26732673	-0.00065974
-733.23432343	-0.00091283
-733.20132013	-0.00106538
-733.16831683	-0.00105479
-733.13531353	-0.00141487
-733.10231023	-0.00150870
-733.06930693	-0.00151662
-733.03630363	-0.00158283
-733.00330033	-0.00162844
-732.97029703	-0.00179314
-732.93729373	-0.00174330
-732.90429043	-0.00179244
-732.87128713	-0.00168110
-732.83828383	-0.00170398
-732.80528053	-0.00158095
-732.77227723	-0.00148212
-732.73927393	-0.00125644
-732.70627063	-0.00094478
-732.67326733	-0.00060878
-732.64026403	-0.00026443
-732.60726073	0.00027331
-732.57425743	0.00070990
-732.54125413	0.00110292
-732.50825083	0.00159291
-732.47524752	0.00208653
-732.44224422	0.00239817
-732.40924092	0.00258985
-732.37623762	0.00285924
-732.34323432	0.00291069
-732.31023102	0.00274533
-732.27722772	0.00289673
-732.24422442	0.00254457
-732.21122112	0.00249343
-732.17821782	0.00226961
-732.14521452	0.00204744
-732.11221122	0.00179888
-732.07920792	0.00162390
-732.04620462	0.00147303
-732.01320132	0.00125047
-731.98019802	0.00122653
-731.94719472	0.00111657
-731.91419142	0.00097362
-731.88118812	0.00101731
-731.84818482	0.00088417
-731.81518152	0.00089008
-731.78217822	0.00086689
-731.74917492	0.00076549
-731.71617162	0.00072004
-731.68316832	0.00077995
-731.65016502	0.00063374
-731.61716172	0.00064900
-731.58415842	0.00062818
-731.55115512	0.00061943
-731.51815182	0.00053059
-731.48514851	0.00048019
-731.45214521	0.00049478
-731.41914191	0.00041982
-731.38613861	0.00033935
-731.35313531	0.00045857
-731.32013201	0.00031312
-731.28712871	0.00041574
-731.25412541	0.00041482
-731.22112211	0.00036802
-731.18811881	0.00041987
-731.15511551	0.00045923
-731.12211221	0.00048746
-731.08910891	0.00045865
-731.05610561	0.00055813
-731.02310231	0.00054710
-730.99009901	0.00054883
-730.95709571	0.00063087
-730.92409241	0.00056101
-730.89108911	0.00053964
-730.85808581	0.00062120
-730.82508251	0.00059504
-730.79207921	0.00055240
-730.75907591	0.00067380
-730.72607261	0.00056084
-730.69306931	0.00063657
-730.66006601	0.00058398
-730.62706271	0.00062723
-730.59405941	0.00064241
-730.56105611	0.00060747
-730.52805281	0.00079205
-730.49504950	0.00064467
-730.46204620	0.00067971
-730.42904290	0.00080179
-730.39603960	0.00068927
-730.36303630	0.00076338
-730.33003300	0.00069358
-730.29702970	0.00072451
-730.26402640	0.00070014
-730.23102310	0.00067354
-730.19801980	0.00065181
-730.16501650	0.00067024
-730.13201320	0.00065090
-730.09900990	0.00067570
-730.06600660	0.00064194
-730.03300330	0.00062219
-730.00000000	0.00068204
-729.96699670	0.00058388
-729.93399340	0.00066325
-729.90099010	0.00054442
-729.86798680	0.00070920
-729.83498350	0.00062034
-729.80198020	0.00066813
-729.76897690	0.00070783
-729.73597360	0.00072980
-729.70297030	0.00064576
-729.66996700	0.00078464
-729.63696370	0.00082873
-729.60396040	0.00084205
-729.57095710	0.00093864
-729.53795380	0.00090540
-729.50495050	0.00105810
-729.47194719	0.00106680
-729.43894389	0.00112650
-729.40594059	0.00114500
-729.37293729	0.00123585
-729.33993399	0.00137462
-729.30693069	0.00135964
-729.27392739	0.00147169
-729.24092409	0.00160443
-729.20792079	0.00154725
-729.17491749	0.00174646
-729.14191419	0.00171221
-729.10891089	0.00187444
-729.07590759	0.00190395
-729.04290429	0.00184492
-729.00990099	0.00182517
-728.97689769	0.00172428
-728.94389439	0.00154463
-728.91089109	0.00121777
-728.87788779	0.00083168
-728.84488449	0.00035412
-728.81188119	-0.00031023
-728.77887789	-0.00109595
-728.74587459	-0.00194961
-728.71287129	-0.00281752
-728.67986799	-0.00378053
-728.64686469	-0.00462143
-728.61386139	-0.00527080
-728.58085809	-0.00584694
-728.54785479	-0.00602332
-728.51485149	-0.00602472
-728.48184818	-0.00550881
-728.44884488	-0.00499723
-728.41584158	-0.00406807
-728.38283828	-0.00298485
-728.34983498	-0.00183126
-728.31683168	-0.00084951
-728.28382838	0.00017278
-728.25082508	0.00115453
-728.21782178	0.00182407
-728.18481848	0.00221391
-728.15181518	0.00269944
-728.11881188	0.00286787
-728.08580858	0.00293542
-728.05280528	0.00286241
-728.01980198	0.00291906
-727.98679868	0.00270219
-727.95379538	0.00258748
-727.92079208	0.00237371
-727.88778878	0.00223112
-727.85478548	0.00213037
-727.82178218	0.00184117
-727.78877888	0.00184476
-727.75577558	0.00167354
-727.72277228	0.00157648
-727.68976898	0.00136193
-727.65676568	0.00135980
-727.62376238	0.00122529
-727.59075908	0.00110270
-727.55775578	0.00107205
-727.52475248	0.00101548
-727.49174917	0.00097367
-727.45874587	0.00083322
-727.42574257	0.00084681
-727.39273927	0.00069134
-727.35973597	0.00060532
-727.32673267	0.00051722
-727.29372937	0.00047154
-727.26072607	0.00030646
-727.22772277	0.00028935
-727.19471947	0.00025424
-727.16171617	0.00016725
-727.12871287	0.00007519
-727.09570957	0.00010853
-727.06270627	0.00012987
-727.02970297	0.00013822
-726.99669967	0.00007737
-726.96369637	0.00022811
-726.93069307	0.00023212
-726.89768977	0.00017751
-726.86468647	0.00027622
-726.83168317	0.00026650
-726.79867987	0.00022744
-726.76567657	0.00024942
-726.73267327	0.00019417
-726.69966997	0.00014722
-726.66666667	0.00010575
-726.63366337	0.00007240
-726.60066007	0.00004010
-726.56765677	0.00001225
-726.53465347	0.00004853
-726.50165017	0.00001973
-726.46864686	0.00007447
-726.43564356	0.00017838
-726.40264026	0.00018864
-726.36963696	0.00024048
-726.33663366	0.00031232
-726.30363036	0.00031474
-726.27062706	0.00035716
-726.23762376	0.00036205
-726.20462046	0.00022947
-726.17161716	0.00009983
-726.13861386	-0.00000375
-726.10561056	-0.00021418
-726.07260726	-0.00046180
-726.03960396	-0.00075716
-726.00660066	-0.00108604
-725.97359736	-0.00138598
-725.94059406	-0.00149173
-725.90759076	-0.00198050
-725.87458746	-0.00213056
-725.84158416	-0.00233129
-725.80858086	-0.00247850
-725.77557756	-0.00260390
-725.74257426	-0.00284709
-725.70957096	-0.00284278
-725.67656766	-0.00328609
-725.64356436	-0.00348189
-725.61056106	-0.00401342
-725.57755776	-0.00450357
-725.54455446	-0.00535251
-725.51155116	-0.00610855
-725.47854785	-0.00699598
-725.44554455	-0.00783150
-725.41254125	-0.00846864
-725.37953795	-0.00905546
-725.34653465	-0.00906278
-725.31353135	-0.00895607
-725.28052805	-0.00802216
-725.24752475	-0.00700432
-725.21452145	-0.00534098
-725.18151815	-0.00346136
-725.14851485	-0.00139725
-725.11551155	0.00060902
-725.08250825	0.00234171
-725.04950495	0.00376909
-725.01650165	0.00472809
-724.98349835	0.00532059
-724.95049505	0.00542227
-724.91749175	0.00519027
-724.88448845	0.00494588
-724.85148515	0.00455688
-724.81848185	0.00440426
-724.78547855	0.00427296
-724.75247525	0.00444841
-724.71947195	0.00468747
-724.68646865	0.00512735
-724.65346535	0.00548662
-724.62046205	0.00591069
-724.58745875	0.00609665
-724.55445545	0.00616790
-724.52145215	0.00595632
-724.48844884	0.00556896
-724.45544554	0.00503634
-724.42244224	0.00407170
-724.38943894	0.00319279
-724.35643564	0.00213136
-724.32343234	0.00098644
-724.29042904	-0.00007561
-724.25742574	-0.00112688
-724.22442244	-0.00217904
-724.19141914	-0.00294871
-724.15841584	-0.00384915
-724.12541254	-0.00464424
-724.09240924	-0.00539746
-724.05940594	-0.00642501
-724.02640264	-0.00726458
-723.99339934	-0.00861616
-723.96039604	-0.00997889
-723.92739274	-0.01183710
-723.89438944	-0.01383733
-723.86138614	-0.01598885
-723.82838284	-0.01840351
-723.79537954	-0.02061049
-723.76237624	-0.02264164
-723.72937294	-0.02403463
-723.69636964	-0.02484054
-723.66336634	-0.02455972
-723.63036304	-0.02324558
-723.59735974	-0.02081293
-723.56435644	-0.01746641
-723.53135314	-0.01313067
-723.49834983	-0.00856781
-723.46534653	-0.00385787
-723.43234323	0.00061284
-723.39933993	0.00405124
-723.36633663	0.00691743
-723.33333333	0.00839366
-723.30033003	0.00895478
-723.26732673	0.00864277
-723.23432343	0.00771624
-723.20132013	0.00656590
-723.16831683	0.00522276
-723.13531353	0.00404659
-723.10231023	0.00298014
-723.06930693	0.00231680
-723.03630363	0.00178751
-723.00330033	0.00153853
-722.97029703	0.00146409
-722.93729373	0.00174523
-722.90429043	0.00194627
-722.87128713	0.00263865
-722.83828383	0.00328525
-722.80528053	0.00414679
-722.77227723	0.00500599
-722.73927393	0.00601723
-722.70627063	0.00713236
-722.67326733	0.00840211
-722.64026403	0.00981761
-722.60726073	0.01145719
-722.57425743	0.01333970
-722.54125413	0.01531809
-722.50825083	0.01762092
-722.47524752	0.02014035
-722.44224422	0.02298221
-722.40924092	0.02607539
-722.37623762	0.02971677
-722.34323432	0.03385584
-722.31023102	0.03847793
-722.27722772	0.04385704
-722.24422442	0.04960375
-722.21122112	0.05623611
-722.17821782	0.06324654
-722.14521452	0.07101866
-722.11221122	0.07926619
-722.07920792	0.08797249
-722.04620462	0.09688075
-722.01320132	0.10613304
-721.98019802	0.11541023
-721.94719472	0.12486149
-721.91419142	0.13413141
-721.88118812	0.14337100
-721.84818482	0.15267644
-721.81518152	0.16205435
-721.78217822	0.17171852
-721.74917492	0.18202508
-721.71617162	0.19337495
-721.68316832	0.20591678
-721.65016502	0.22035075
-721.61716172	0.23702626
-721.58415842	0.25623551
-721.55115512	0.27835832
-721.51815182	0.30369090
-721.48514851	0.33210100
-721.45214521	0.36329703
-721.41914191	0.39695430
-721.38613861	0.43201524
-721.35313531	0.46752490
-721.32013201	0.50177680
-721.28712871	0.53312577
-721.25412541	0.55966176
-721.22112211	0.57884201
-721.18811881	0.58879924
-721.15511551	0.58714170
-721.12211221	0.57221927
-721.08910891	0.54285196
-721.05610561	0.49833494
-721.02310231	0.43901743
-720.99009901	0.36627116
-720.95709571	0.28184772
-720.92409241	0.18878948
-720.89108911	0.09008147
-720.85808581	-0.01087437
-720.82508251	-0.11159499
-720.79207921	-0.21022366
-720.75907591	-0.30675312
-720.72607261	-0.40244373
-720.69306931	-0.50127744
-720.66006601	-0.60839199
-720.62706271	-0.72986836
-720.59405941	-0.87216686
-720.56105611	-1.04046836
-720.52805281	-1.23760775
-720.49504950	-1.46274262
-720.46204620	-1.71017680
-720.42904290	-1.96841814
-720.39603960	-2.22064418
-720.36303630	-2.44505064
-720.33003300	-2.61712575
-720.29702970	-2.71259054
-720.26402640	-2.71038950
-720.23102310	-2.59569528
-720.19801980	-2.36197744
-720.16501650	-2.01498447
-720.13201320	-1.57181414
-720.09900990	-1.06103891
-720.06600660	-0.51877106
-720.03300330	0.01609441
-720.00000000	0.50663368
-719.96699670	0.92454349
-719.93399340	1.25168141
-719.90099010	1.48382768
-719.86798680	1.62608749
-719.83498350	1.69209070
-719.80198020	1.69733250
-719.76897690	1.65786454
-719.73597360	1.58693278
-719.70297030	1.49471782
-719.66996700	1.38911223
-719.63696370	1.27614039
-719.60396040	1.16115480
-719.57095710	1.04889517
-719.53795380	0.94286494
-719.50495050	0.84469116
-719.47194719	0.75423246
-719.43894389	0.67042703
-719.40594059	0.59179454
-719.37293729	0.51787920
-719.33993399	0.44952375
-719.30693069	0.38799601
-719.27392739	0.33429560
-719.24092409	0.28814554
-719.20792079	0.24771928
-719.17491749	0.21023123
-719.14191419	0.17336199
-719.10891089	0.13565542
-719.07590759	0.09690249
-719.04290429	0.05852977
-719.00990099	0.02178829
-718.97689769	-0.01173240
-718.94389439	-0.04087601
-718.91089109	-0.06453235
-718.87788779	-0.08187291
-718.84488449	-0.09160237
-718.81188119	-0.09351923
-718.77887789	-0.08738103
-718.74587459	-0.07432905
-718.71287129	-0.05617672
-718.67986799	-0.03451450
-718.64686469	-0.01176591
-718.61386139	0.01017664
-718.58085809	0.02927360
-718.54785479	0.04363200
-718.51485149	0.05229134
-718.48184818	0.05467418
-718.44884488	0.05105183
-718.41584158	0.04293741
-718.38283828	0.03150152
-718.34983498	0.01854657
-718.31683168	0.00564822
-718.28382838	-0.00650547
-718.25082508	-0.01671368
-718.21782178	-0.02409675
-718.18481848	-0.02859076
-718.15181518	-0.02959960
-718.11881188	-0.02749792
-718.08580858	-0.02266018
-718.05280528	-0.01594085
-718.01980198	-0.00847177
-717.98679868	-0.00149390
-717.95379538	0.00400477
-717.92079208	0.00700328
-717.88778878	0.00721619
-717.85478548	0.00477350
-717.82178218	0.00001357
-717.78877888	-0.00610161
-717.75577558	-0.01275531
-717.72277228	-0.01959600
-717.68976898	-0.02570504
-717.65676568	-0.03102432
-717.62376238	-0.03563966
-717.59075908	-0.03949032
-717.55775578	-0.04299676
-717.52475248	-0.04561249
-717.49174917	-0.04687539
-717.45874587	-0.04709349
-717.42574257	-0.04552833
-717.39273927	-0.04290456
-717.35973597	-0.03941416
-717.32673267	-0.03560454
-717.29372937	-0.03208694
-717.26072607	-0.02894810
-717.22772277	-0.02654314
-717.19471947	-0.02487618
-717.16171617	-0.02393250
-717.12871287	-0.02350940
-717.09570957	-0.02252594
-717.06270627	-0.02062582
-717.02970297	-0.01678626
-716.99669967	-0.01012016
-716.96369637	-0.00095110
-716.93069307	0.01083819
-716.89768977	0.02398297
-716.86468647	0.03711298
-716.83168317	0.04930874
-716.79867987	0.05911470
-716.76567657	0.06640009
-716.73267327	0.07058546
-716.69966997	0.07161792
-716.66666667	0.06939995
-716.63366337	0.06387426
-716.60066007	0.05496938
-716.56765677	0.04313330
-716.53465347	0.02856816
-716.50165017	0.01249066
-716.46864686	-0.00444702
-716.43564356	-0.02073815
-716.40264026	-0.03506412
-716.36963696	-0.04637349
-716.33663366	-0.05315605
-716.30363036	-0.05518602
-716.27062706	-0.05285600
-716.23762376	-0.04677937
-716.20462046	-0.03787906
-716.17161716	-0.02804877
-716.13861386	-0.01845299
-716.10561056	-0.01051796
-716.07260726	-0.00519146
-716.03960396	-0.00279060
-716.00660066	-0.00364275
-715.97359736	-0.00753397
-715.94059406	-0.01344378
-715.90759076	-0.02063470
-715.87458746	-0.02780808
-715.84158416	-0.03384414
-715.80858086	-0.03803240
-715.77557756	-0.03983967
-715.74257426	-0.03928326
-715.70957096	-0.03681034
-715.67656766	-0.03265227
-715.64356436	-0.02737860
-715.61056106	-0.02168467
-715.57755776	-0.01589579
-715.54455446	-0.01055779
-715.51155116	-0.00617519
-715.47854785	-0.00268742
-715.44554455	-0.00025762
-715.41254125	0.00131086
-715.37953795	0.00236767
-715.34653465	0.00301072
-715.31353135	0.00301593
-715.28052805	0.00266181
-715.24752475	0.00154906
-715.21452145	-0.00013955
-715.18151815	-0.00245065
-715.14851485	-0.00490223
-715.11551155	-0.00717735
-715.08250825	-0.00889772
-715.04950495	-0.00942091
-715.01650165	-0.00881337
-714.98349835	-0.00671866
-714.95049505	-0.00378126
-714.91749175	-0.00078060
-714.88448845	0.00121343
-714.85148515	0.00077933
-714.81848185	-0.00234733
-714.78547855	-0.00860226
-714.75247525	-0.01704040
-714.71947195	-0.02640340
-714.68646865	-0.03526494
-714.65346535	-0.04244743
-714.62046205	-0.04713605
-714.58745875	-0.04921676
-714.55445545	-0.04871011
-714.52145215	-0.04638161
-714.48844884	-0.04302615
-714.45544554	-0.03885069
-714.42244224	-0.03488208
-714.38943894	-0.03107205
-714.35643564	-0.02770921
-714.32343234	-0.02504615
-714.29042904	-0.02309452
-714.25742574	-0.02181868
-714.22442244	-0.02121900
-714.19141914	-0.02119274
-714.15841584	-0.02173581
-714.12541254	-0.02256232
-714.09240924	-0.02349060
-714.05940594	-0.02395598
-714.02640264	-0.02350971
-713.99339934	-0.02162701
-713.96039604	-0.01776837
-713.92739274	-0.01199450
-713.89438944	-0.00494296
-713.86138614	0.00258842
-713.82838284	0.00928355
-713.79537954	0.01434649
-713.76237624	0.01680287
-713.72937294	0.01690627
-713.69636964	0.01515770
-713.66336634	0.01257036
-713.63036304	0.01011537
-713.59735974	0.00804139
-713.56435644	0.00700465
-713.53135314	0.00682795
-713.49834983	0.00712330
-713.46534653	0.00843723
-713.43234323	0.01017693
-713.39933993	0.01272773
-713.36633663	0.01594237
-713.33333333	0.01921634
-713.30033003	0.02258992
-713.26732673	0.02515297
-713.23432343	0.02728411
-713.20132013	0.02883153
-713.16831683	0.02988040
-713.13531353	0.03076782
-713.10231023	0.03101631
-713.06930693	0.03041429
-713.03630363	0.02840016
-713.00330033	0.02454443
-712.97029703	0.01827645
-712.93729373	0.00989759
-712.90429043	0.00025842
-712.87128713	-0.01008398
-712.83828383	-0.02010484
-712.80528053	-0.02889633
-712.77227723	-0.03576594
-712.73927393	-0.04074415
-712.70627063	-0.04389017
-712.67326733	-0.04600013
-712.64026403	-0.04765475
-712.60726073	-0.04964700
-712.57425743	-0.05229759
-712.54125413	-0.05570819
-712.50825083	-0.06004824
-712.47524752	-0.06414227
-712.44224422	-0.06757154
-712.40924092	-0.06919345
-712.37623762	-0.06834502
-712.34323432	-0.06450192
-712.31023102	-0.05785207
-712.27722772	-0.04858151
-712.24422442	-0.03804417
-712.21122112	-0.02678380
-712.17821782	-0.01555132
-712.14521452	-0.00499538
-712.11221122	0.00468342
-712.07920792	0.01408523
-712.04620462	0.02288181
-712.01320132	0.03132346
-711.98019802	0.03898877
-711.94719472	0.04508574
-711.91419142	0.04921863
-711.88118812	0.05081879
-711.84818482	0.04985726
-711.81518152	0.04673595
-711.78217822	0.04215861
-711.74917492	0.03699200
-711.71617162	0.03225972
-711.68316832	0.02868794
-711.65016502	0.02686873
-711.61716172	0.02688627
-711.58415842	0.02861354
-711.55115512	0.03168847
-711.51815182	0.03552866
-711.48514851	0.03922526
-711.45214521	0.04258690
-711.41914191	0.04478089
-711.38613861	0.04595089
-711.35313531	0.04609944
-711.32013201	0.04517646
-711.28712871	0.04322239
-711.25412541	0.04053275
-711.22112211	0.03605048
-711.18811881	0.03047001
-711.15511551	0.02330779
-711.12211221	0.01495915
-711.08910891	0.00612877
-711.05610561	-0.00267365
-711.02310231	-0.01035404
-710.99009901	-0.01676242
-710.95709571	-0.02121801
-710.92409241	-0.02385781
-710.89108911	-0.02527071
-710.85808581	-0.02578170
-710.82508251	-0.02612210
-710.79207921	-0.02643804
-710.75907591	-0.02687437
-710.72607261	-0.02735405
-710.69306931	-0.02763438
-710.66006601	-0.02772779
-710.62706271	-0.02711721
-710.59405941	-0.02613588
-710.56105611	-0.02488110
-710.52805281	-0.02331499
-710.49504950	-0.02191996
-710.46204620	-0.02076954
-710.42904290	-0.01983316
-710.39603960	-0.01901038
-710.36303630	-0.01811401
-710.33003300	-0.01697174
-710.29702970	-0.01519338
-710.26402640	-0.01276899
-710.23102310	-0.00997524
-710.19801980	-0.00682298
-710.16501650	-0.00356867
-710.13201320	-0.00090421
-710.09900990	0.00081973
-710.06600660	0.00175839
-710.03300330	0.00117637
-710.00000000	-0.00082293
-709.96699670	-0.00366444
-709.93399340	-0.00720708
-709.90099010	-0.01047411
-709.86798680	-0.01267898
-709.83498350	-0.01337945
-709.80198020	-0.01197506
-709.76897690	-0.00885314
-709.73597360	-0.00465772
-709.70297030	0.00018512
-709.66996700	0.00476342
-709.63696370	0.00871453
-709.60396040	0.01157752
-709.57095710	0.01334790
-709.53795380	0.01436539
-709.50495050	0.01460789
-709.47194719	0.01462357
-709.43894389	0.01452231
-709.40594059	0.01467935
-709.37293729	0.01508750
-709.33993399	0.01554328
-709.30693069	0.01597020
-709.27392739	0.01615178
-709.24092409	0.01607844
-709.20792079	0.01590735
-709.17491749	0.01563594
-709.14191419	0.01579169
-709.10891089	0.01628741
-709.07590759	0.01710785
-709.04290429	0.01836188
-709.00990099	0.01995292
-708.97689769	0.02165940
-708.94389439	0.02382136
-708.91089109	0.02566393
-708.87788779	0.02764205
-708.84488449	0.02962846
-708.81188119	0.03105395
-708.77887789	0.03206099
-708.74587459	0.03252774
-708.71287129	0.03252150
-708.67986799	0.03219045
-708.64686469	0.03205871
-708.61386139	0.03274334
-708.58085809	0.03441129
-708.54785479	0.03735723
-708.51485149	0.04161831
-708.48184818	0.04653091
-708.44884488	0.05191251
-708.41584158	0.05708568
-708.38283828	0.06127443
-708.34983498	0.06394028
-708.31683168	0.06517105
-708.28382838	0.06404283
-708.25082508	0.06055886
-708.21782178	0.05505498
-708.18481848	0.04716775
-708.15181518	0.03723773
-708.11881188	0.02545178
-708.08580858	0.01227595
-708.05280528	-0.00241970
-708.01980198	-0.01855386
-707.98679868	-0.03536419
-707.95379538	-0.05276826
-707.92079208	-0.06983637
-707.88778878	-0.08617165
-707.85478548	-0.10143398
-707.82178218	-0.11540208
-707.78877888	-0.12842348
-707.75577558	-0.14068349
-707.72277228	-0.15250667
-707.68976898	-0.16414353
-707.65676568	-0.17544835
-707.62376238	-0.18600480
-707.59075908	-0.19524740
-707.55775578	-0.20238909
-707.52475248	-0.20621443
-707.49174917	-0.20551351
-707.45874587	-0.19909099
-707.42574257	-0.18648183
-707.39273927	-0.16712000
-707.35973597	-0.14149589
-707.32673267	-0.11086215
-707.29372937	-0.07674063
-707.26072607	-0.04103841
-707.22772277	-0.00565038
-707.19471947	0.02773713
-707.16171617	0.05826475
-707.12871287	0.08497569
-707.09570957	0.10750483
-707.06270627	0.12569489
-707.02970297	0.13914418
-706.99669967	0.14814791
-706.96369637	0.15223474
-706.93069307	0.15190473
-706.89768977	0.14759764
-706.86468647	0.13991277
-706.83168317	0.12973161
-706.79867987	0.11840324
-706.76567657	0.10666411
-706.73267327	0.09519982
-706.69966997	0.08496298
-706.66666667	0.07617116
-706.63366337	0.06911897
-706.60066007	0.06386818
-706.56765677	0.06008472
-706.53465347	0.05729094
-706.50165017	0.05503234
-706.46864686	0.05255712
-706.43564356	0.04939169
-706.40264026	0.04522972
-706.36963696	0.04003530
-706.33663366	0.03402448
-706.30363036	0.02700640
-706.27062706	0.01957419
-706.23762376	0.01202836
-706.20462046	0.00436531
-706.17161716	-0.00300016
-706.13861386	-0.00933334
-706.10561056	-0.01416576
-706.07260726	-0.01692562
-706.03960396	-0.01716931
-706.00660066	-0.01456867
-705.97359736	-0.00952870
-705.94059406	-0.00245112
-705.90759076	0.00573802
-705.87458746	0.01422669
-705.84158416	0.02207359
-705.80858086	0.02844725
-705.77557756	0.03252695
-705.74257426	0.03416196
-705.70957096	0.03290470
-705.67656766	0.02869359
-705.64356436	0.02195103
-705.61056106	0.01324735
-705.57755776	0.00349311
-705.54455446	-0.00606065
-705.51155116	-0.01441619
-705.47854785	-0.02080670
-705.44554455	-0.02473830
-705.41254125	-0.02627357
-705.37953795	-0.02577418
-705.34653465	-0.02398282
-705.31353135	-0.02124314
-705.28052805	-0.01817215
-705.24752475	-0.01509381
-705.21452145	-0.01232963
-705.18151815	-0.01053447
-705.14851485	-0.01013457
-705.11551155	-0.01085784
-705.08250825	-0.01306816
-705.04950495	-0.01617082
-705.01650165	-0.01928555
-704.98349835	-0.02181747
-704.95049505	-0.02286601
-704.91749175	-0.02169236
-704.88448845	-0.01827716
-704.85148515	-0.01237488
-704.81848185	-0.00451146
-704.78547855	0.00438685
-704.75247525	0.01371635
-704.71947195	0.02205004
-704.68646865	0.02843148
-704.65346535	0.03217595
-704.62046205	0.03250333
-704.58745875	0.02957396
-704.55445545	0.02368829
-704.52145215	0.01552693
-704.48844884	0.00632078
-704.45544554	-0.00300266
-704.42244224	-0.01149389
-704.38943894	-0.01835124
-704.35643564	-0.02287902
-704.32343234	-0.02542495
-704.29042904	-0.02554863
-704.25742574	-0.02344447
-704.22442244	-0.01916995
-704.19141914	-0.01249281
-704.15841584	-0.00385609
-704.12541254	0.00666716
-704.09240924	0.01824002
-704.05940594	0.02955297
-704.02640264	0.03912196
-703.99339934	0.04532617
-703.96039604	0.04716502
-703.92739274	0.04403653
-703.89438944	0.03629308
-703.86138614	0.02491173
-703.82838284	0.01145437
-703.79537954	-0.00234602
-703.76237624	-0.01500968
-703.72937294	-0.02513624
-703.69636964	-0.03200084
-703.66336634	-0.03563289
-703.63036304	-0.03617143
-703.59735974	-0.03443308
-703.56435644	-0.03103204
-703.53135314	-0.02695084
-703.49834983	-0.02299103
-703.46534653	-0.01923238
-703.43234323	-0.01621864
-703.39933993	-0.01376274
-703.36633663	-0.01160939
-703.33333333	-0.00964061
-703.30033003	-0.00739928
-703.26732673	-0.00507653
-703.23432343	-0.00287739
-703.20132013	-0.00073309
-703.16831683	0.00100654
-703.13531353	0.00232522
-703.10231023	0.00356721
-703.06930693	0.00474864
-703.03630363	0.00578648
-703.00330033	0.00707272
-702.97029703	0.00824329
-702.93729373	0.00914955
-702.90429043	0.00948844
-702.87128713	0.00945658
-702.83828383	0.00876302
-702.80528053	0.00739797
-702.77227723	0.00531090
-702.73927393	0.00272664
-702.70627063	-0.00066369
-702.67326733	-0.00453404
-702.64026403	-0.00861612
-702.60726073	-0.01273767
-702.57425743	-0.01652054
-702.54125413	-0.01961801
-702.50825083	-0.02146285
-702.47524752	-0.02160801
-702.44224422	-0.01991548
-702.40924092	-0.01603243
-702.37623762	-0.01008724
-702.34323432	-0.00295640
-702.31023102	0.00520827
-702.27722772	0.01288904
-702.24422442	0.01955313
-702.21122112	0.02434634
-702.17821782	0.02659844
-702.14521452	0.02633613
-702.11221122	0.02353785
-702.07920792	0.01850879
-702.04620462	0.01178265
-702.01320132	0.00392908
-701.98019802	-0.00438569
-701.94719472	-0.01223321
-701.91419142	-0.01888108
-701.88118812	-0.02366414
-701.84818482	-0.02602763
-701.81518152	-0.02607719
-701.78217822	-0.02392708
-701.74917492	-0.01991511
-701.71617162	-0.01501042
-701.68316832	-0.00979683
-701.65016502	-0.00504968
-701.61716172	-0.00132362
-701.58415842	0.00076278
-701.55115512	0.00116493
-701.51815182	0.00016772
-701.48514851	-0.00217985
-701.45214521	-0.00503495
-701.41914191	-0.00796334
-701.38613861	-0.00980719
-701.35313531	-0.01051534
-701.32013201	-0.00969576
-701.28712871	-0.00751381
-701.25412541	-0.00441078
-701.22112211	-0.00036332
-701.18811881	0.00371714
-701.15511551	0.00781320
-701.12211221	0.01160632
-701.08910891	0.01466714
-701.05610561	0.01677407
-701.02310231	0.01768307
-700.99009901	0.01684581
-700.95709571	0.01409091
-700.92409241	0.00943753
-700.89108911	0.00332135
-700.85808581	-0.00370094
-700.82508251	-0.01025376
-700.79207921	-0.01570979
-700.75907591	-0.01910527
-700.72607261	-0.01980089
-700.69306931	-0.01766107
-700.66006601	-0.01295365
-700.62706271	-0.00627685
-700.59405941	0.00233888
-700.56105611	0.01199529
-700.52805281	0.02192969
-700.49504950	0.03150588
-700.46204620	0.03957946
-700.42904290	0.04507171
-700.39603960	0.04696621
-700.36303630	0.04504353
-700.33003300	0.03903920
-700.29702970	0.02973202
-700.26402640	0.01840341
-700.23102310	0.00625156
-700.19801980	-0.00542112
-700.16501650	-0.01531101
-700.13201320	-0.02247231
-700.09900990	-0.02673921
-700.06600660	-0.02806086
-700.03300330	-0.02668629
-700.00000000	-0.02316990
-699.96699670	-0.01828725
-699.93399340	-0.01287669
-699.90099010	-0.00753988
-699.86798680	-0.00312436
-699.83498350	-0.00012212
-699.80198020	0.00120076
-699.76897690	0.00099582
-699.73597360	-0.00069666
-699.70297030	-0.00355697
-699.66996700	-0.00703302
-699.63696370	-0.01056122
-699.60396040	-0.01375395
-699.57095710	-0.01608652
-699.53795380	-0.01698778
-699.50495050	-0.01612700
-699.47194719	-0.01330861
-699.43894389	-0.00914348
-699.40594059	-0.00408507
-699.37293729	0.00105706
-699.33993399	0.00547955
-699.30693069	0.00830639
-699.27392739	0.00960036
-699.24092409	0.00923550
-699.20792079	0.00754706
-699.17491749	0.00553545
-699.14191419	0.00337406
-699.10891089	0.00142632
-699.07590759	0.00025852
-699.04290429	-0.00055378
-699.00990099	-0.00108103
-698.97689769	-0.00138691
-698.94389439	-0.00164661
-698.91089109	-0.00157461
-698.87788779	-0.00139703
-698.84488449	-0.00062595
-698.81188119	0.00092556
-698.77887789	0.00324766
-698.74587459	0.00633120
-698.71287129	0.00958568
-698.67986799	0.01250225
-698.64686469	0.01422944
-698.61386139	0.01435318
-698.58085809	0.01253580
-698.54785479	0.00869568
-698.51485149	0.00358843
-698.48184818	-0.00244526
-698.44884488	-0.00847751
-698.41584158	-0.01329826
-698.38283828	-0.01654338
-698.34983498	-0.01763371
-698.31683168	-0.01635879
-698.28382838	-0.01354287
-698.25082508	-0.00984805
-698.21782178	-0.00575181
-698.18481848	-0.00206712
-698.15181518	0.00060120
-698.11881188	0.00244233
-698.08580858	0.00352575
-698.05280528	0.00361369
-698.01980198	0.00308268
-697.98679868	0.00177457
-697.95379538	-0.00021646
-697.92079208	-0.00281131
-697.88778878	-0.00552303
-697.85478548	-0.00804853
-697.82178218	-0.01000665
-697.78877888	-0.01071850
-697.75577558	-0.01021724
-697.72277228	-0.00833387
-697.68976898	-0.00509049
-697.65676568	-0.00106636
-697.62376238	0.00322690
-697.59075908	0.00724332
-697.55775578	0.01059920
-697.52475248	0.01247717
-697.49174917	0.01293049
-697.45874587	0.01197055
-697.42574257	0.00983130
-697.39273927	0.00685696
-697.35973597	0.00353771
-697.32673267	0.00026159
-697.29372937	-0.00255125
-697.26072607	-0.00478681
-697.22772277	-0.00618795
-697.19471947	-0.00698032
-697.16171617	-0.00670787
-697.12871287	-0.00566446
-697.09570957	-0.00371207
-697.06270627	-0.00088813
-697.02970297	0.00259022
-696.99669967	0.00650989
-696.96369637	0.01069405
-696.93069307	0.01441593
-696.89768977	0.01745851
-696.86468647	0.01914065
-696.83168317	0.01930062
-696.79867987	0.01772694
-696.76567657	0.01445662
-696.73267327	0.00958349
-696.69966997	0.00373150
-696.66666667	-0.00269485
-696.63366337	-0.00907923
-696.60066007	-0.01446235
-696.56765677	-0.01804516
-696.53465347	-0.01955263
-696.50165017	-0.01852839
-696.46864686	-0.01517648
-696.43564356	-0.01022681
-696.40264026	-0.00401750
-696.36963696	0.00248320
-696.33663366	0.00821090
-696.30363036	0.01238168
-696.27062706	0.01442317
-696.23762376	0.01394004
-696.20462046	0.01134916
-696.17161716	0.00683555
-696.13861386	0.00149533
-696.10561056	-0.00383157
-696.07260726	-0.00858156
-696.03960396	-0.01223979
-696.00660066	-0.01451774
-695.97359736	-0.01564279
-695.94059406	-0.01579601
-695.90759076	-0.01517170
-695.87458746	-0.01360153
-695.84158416	-0.01140527
-695.80858086	-0.00850740
-695.77557756	-0.00511132
-695.74257426	-0.00134602
-695.70957096	0.00256320
-695.67656766	0.00603029
-695.64356436	0.00854289
-695.61056106	0.00992818
-695.57755776	0.00987005
-695.54455446	0.00876913
-695.51155116	0.00677974
-695.47854785	0.00464901
-695.44554455	0.00324788
-695.41254125	0.00281796
-695.37953795	0.00378060
-695.34653465	0.00610338
-695.31353135	0.00906385
-695.28052805	0.01234221
-695.24752475	0.01512831
-695.21452145	0.01641976
-695.18151815	0.01621293
-695.14851485	0.01415735
-695.11551155	0.01026537
-695.08250825	0.00518590
-695.04950495	-0.00075148
-695.01650165	-0.00699116
-694.98349835	-0.01296841
-694.95049505	-0.01831762
-694.91749175	-0.02279380
-694.88448845	-0.02595084
-694.85148515	-0.02754044
-694.81848185	-0.02722249
-694.78547855	-0.02484580
-694.75247525	-0.02091318
-694.71947195	-0.01550296
-694.68646865	-0.00986334
-694.65346535	-0.00491709
-694.62046205	-0.00108232
-694.58745875	0.00082168
-694.55445545	0.00094788
-694.52145215	-0.00054297
-694.48844884	-0.00275008
-694.45544554	-0.00517919
-694.42244224	-0.00715954
-694.38943894	-0.00824948
-694.35643564	-0.00842317
-694.32343234	-0.00762967
-694.29042904	-0.00608493
-694.25742574	-0.00385466
-694.22442244	-0.00137713
-694.19141914	0.00150927
-694.15841584	0.00458094
-694.12541254	0.00760399
-694.09240924	0.01090337
-694.05940594	0.01421287
-694.02640264	0.01714050
-693.99339934	0.01987523
-693.96039604	0.02213241
-693.92739274	0.02344239
-693.89438944	0.02396807
-693.86138614	0.02355504
-693.82838284	0.02206051
-693.79537954	0.01983092
-693.76237624	0.01725024
-693.72937294	0.01421818
-693.69636964	0.01155141
-693.66336634	0.00942360
-693.63036304	0.00791613
-693.59735974	0.00735747
-693.56435644	0.00735841
-693.53135314	0.00826022
-693.49834983	0.00946752
-693.46534653	0.01092086
-693.43234323	0.01230396
-693.39933993	0.01322140
-693.36633663	0.01316096
-693.33333333	0.01205952
-693.30033003	0.00972046
-693.26732673	0.00657382
-693.23432343	0.00278472
-693.20132013	-0.00112723
-693.16831683	-0.00441819
-693.13531353	-0.00670917
-693.10231023	-0.00737495
-693.06930693	-0.00661653
-693.03630363	-0.00455213
-693.00330033	-0.00146650
-692.97029703	0.00223340
-692.93729373	0.00580220
-692.90429043	0.00889637
-692.87128713	0.01120984
-692.83828383	0.01231946
-692.80528053	0.01232336
-692.77227723	0.01153151
-692.73927393	0.00984555
-692.70627063	0.00751619
-692.67326733	0.00516429
-692.64026403	0.00264826
-692.60726073	0.00004009
-692.57425743	-0.00216159
-692.54125413	-0.00423026
-692.50825083	-0.00595535
-692.47524752	-0.00753161
-692.44224422	-0.00875810
-692.40924092	-0.00969499
-692.37623762	-0.01033328
-692.34323432	-0.01036967
-692.31023102	-0.00975769
-692.27722772	-0.00855976
-692.24422442	-0.00649058
-692.21122112	-0.00388917
-692.17821782	-0.00085100
-692.14521452	0.00258458
-692.11221122	0.00605057
-692.07920792	0.00951960
-692.04620462	0.01281016
-692.01320132	0.01553821
-691.98019802	0.01774154
-691.94719472	0.01886590
-691.91419142	0.01910021
-691.88118812	0.01829626
-691.84818482	0.01647889
-691.81518152	0.01388301
-691.78217822	0.01062455
-691.74917492	0.00711318
-691.71617162	0.00326538
-691.68316832	-0.00042244
-691.65016502	-0.00383884
-691.61716172	-0.00644883
-691.58415842	-0.00815664
-691.55115512	-0.00877244
-691.51815182	-0.00840551
-691.48514851	-0.00720920
-691.45214521	-0.00549693
-691.41914191	-0.00343974
-691.38613861	-0.00159713
-691.35313531	0.00022950
-691.32013201	0.00188344
-691.28712871	0.00357823
-691.25412541	0.00548874
-691.22112211	0.00775055
-691.18811881	0.01025488
-691.15511551	0.01246028
-691.12211221	0.01456798
-691.08910891	0.01578761
-691.05610561	0.01569424
-691.02310231	0.01417855
-690.99009901	0.01116271
-690.95709571	0.00683140
-690.92409241	0.00141908
-690.89108911	-0.00419697
-690.85808581	-0.00960912
-690.82508251	-0.01392423
-690.79207921	-0.01708786
-690.75907591	-0.01867665
-690.72607261	-0.01917050
-690.69306931	-0.01858381
-690.66006601	-0.01755826
-690.62706271	-0.01665278
-690.59405941	-0.01597253
-690.56105611	-0.01548297
-690.52805281	-0.01538632
-690.49504950	-0.01488283
-690.46204620	-0.01400002
-690.42904290	-0.01246199
-690.39603960	-0.00986268
-690.36303630	-0.00643446
-690.33003300	-0.00253244
-690.29702970	0.00163985
-690.26402640	0.00535027
-690.23102310	0.00803778
-690.19801980	0.00948130
-690.16501650	0.00933900
-690.13201320	0.00768263
-690.09900990	0.00476161
-690.06600660	0.00138483
-690.03300330	-0.00209638
-690.00000000	-0.00513822
-689.96699670	-0.00726088
-689.93399340	-0.00849957
-689.90099010	-0.00864431
-689.86798680	-0.00815478
-689.83498350	-0.00698802
-689.80198020	-0.00543324
-689.76897690	-0.00405027
-689.73597360	-0.00284836
-689.70297030	-0.00183799
-689.66996700	-0.00135283
-689.63696370	-0.00157388
-689.60396040	-0.00193412
-689.57095710	-0.00305262
-689.53795380	-0.00436359
-689.50495050	-0.00532853
-689.47194719	-0.00630689
-689.43894389	-0.00647764
-689.40594059	-0.00589705
-689.37293729	-0.00462810
-689.33993399	-0.00294508
-689.30693069	-0.00151238
-689.27392739	-0.00049140
-689.24092409	-0.00039651
-689.20792079	-0.00148588
-689.17491749	-0.00340033
-689.14191419	-0.00578297
-689.10891089	-0.00832344
-689.07590759	-0.01042354
-689.04290429	-0.01158856
-689.00990099	-0.01209815
-688.97689769	-0.01193271
-688.94389439	-0.01113316
-688.91089109	-0.01050408
-688.87788779	-0.01001485
-688.84488449	-0.00982812
-688.81188119	-0.01025968
-688.77887789	-0.01064271
-688.74587459	-0.01081166
-688.71287129	-0.01026555
-688.67986799	-0.00901008
-688.64686469	-0.00660753
-688.61386139	-0.00306042
-688.58085809	0.00107763
-688.54785479	0.00619799
-688.51485149	0.01145680
-688.48184818	0.01672962
-688.44884488	0.02146769
-688.41584158	0.02500560
-688.38283828	0.02712150
-688.34983498	0.02733708
-688.31683168	0.02580183
-688.28382838	0.02265101
-688.25082508	0.01838187
-688.21782178	0.01350533
-688.18481848	0.00902188
-688.15181518	0.00490956
-688.11881188	0.00185410
-688.08580858	0.00000785
-688.05280528	-0.00059127
-688.01980198	-0.00037810
-687.98679868	0.00071693
-687.95379538	0.00244469
-687.92079208	0.00432852
-687.88778878	0.00624393
-687.85478548	0.00836964
-687.82178218	0.01012294
-687.78877888	0.01203491
-687.75577558	0.01375577
-687.72277228	0.01499667
-687.68976898	0.01629040
-687.65676568	0.01704076
-687.62376238	0.01718678
-687.59075908	0.01664211
-687.55775578	0.01535758
-687.52475248	0.01324263
-687.49174917	0.01059463
-687.45874587	0.00761106
-687.42574257	0.00433834
-687.39273927	0.00071528
-687.35973597	-0.00268864
-687.32673267	-0.00630841
-687.29372937	-0.00945776
-687.26072607	-0.01207264
-687.22772277	-0.01388839
-687.19471947	-0.01449981
-687.16171617	-0.01396503
-687.12871287	-0.01226837
-687.09570957	-0.01000745
-687.06270627	-0.00744259
-687.02970297	-0.00507941
-686.99669967	-0.00355822
-686.96369637	-0.00269597
-686.93069307	-0.00309605
-686.89768977	-0.00427270
-686.86468647	-0.00627726
-686.83168317	-0.00836125
-686.79867987	-0.01041750
-686.76567657	-0.01191478
-686.73267327	-0.01253452
-686.69966997	-0.01236546
-686.66666667	-0.01115788
-686.63366337	-0.00936432
-686.60066007	-0.00700723
-686.56765677	-0.00450283
-686.53465347	-0.00236090
-686.50165017	-0.00085593
-686.46864686	-0.00020263
-686.43564356	-0.00085457
-686.40264026	-0.00228262
-686.36963696	-0.00467260
-686.33663366	-0.00727137
-686.30363036	-0.00950448
-686.27062706	-0.01084343
-686.23762376	-0.01119035
-686.20462046	-0.01005064
-686.17161716	-0.00764481
-686.13861386	-0.00455892
-686.10561056	-0.00078120
-686.07260726	0.00321480
-686.03960396	0.00655473
-686.00660066	0.00925424
-685.97359736	0.01100038
-685.94059406	0.01157301
-685.90759076	0.01091233
-685.87458746	0.00950289
-685.84158416	0.00754598
-685.80858086	0.00542516
-685.77557756	0.00342722
-685.74257426	0.00177728
-685.70957096	0.00071659
-685.67656766	-0.00002860
-685.64356436	-0.00068439
-685.61056106	-0.00094554
-685.57755776	-0.00111193
-685.54455446	-0.00118316
-685.51155116	-0.00103610
-685.47854785	-0.00102146
-685.44554455	-0.00106709
-685.41254125	-0.00132022
-685.37953795	-0.00204827
-685.34653465	-0.00316872
-685.31353135	-0.00471931
-685.28052805	-0.00657578
-685.24752475	-0.00835456
-685.21452145	-0.00998785
-685.18151815	-0.01128515
-685.14851485	-0.01216513
-685.11551155	-0.01249878
-685.08250825	-0.01229615
-685.04950495	-0.01155886
-685.01650165	-0.00986231
-684.98349835	-0.00741308
-684.95049505	-0.00418751
-684.91749175	-0.00031911
-684.88448845	0.00391197
-684.85148515	0.00787497
-684.81848185	0.01152312
-684.78547855	0.01407195
-684.75247525	0.01543264
-684.71947195	0.01531644
-684.68646865	0.01399285
-684.65346535	0.01161352
-684.62046205	0.00840515
-684.58745875	0.00483863
-684.55445545	0.00115673
-684.52145215	-0.00196012
-684.48844884	-0.00454417
-684.45544554	-0.00640031
-684.42244224	-0.00675543
-684.38943894	-0.00614392
-684.35643564	-0.00438500
-684.32343234	-0.00145768
-684.29042904	0.00196193
-684.25742574	0.00553966
-684.22442244	0.00895485
-684.19141914	0.01153114
-684.15841584	0.01309054
-684.12541254	0.01336676
-684.09240924	0.01249979
-684.05940594	0.01030335
-684.02640264	0.00752440
-683.99339934	0.00424899
-683.96039604	0.00122210
-683.92739274	-0.00162103
-683.89438944	-0.00358964
-683.86138614	-0.00508306
-683.82838284	-0.00585369
-683.79537954	-0.00661496
-683.76237624	-0.00706191
-683.72937294	-0.00765817
-683.69636964	-0.00809442
-683.66336634	-0.00855998
-683.63036304	-0.00868407
-683.59735974	-0.00850484
-683.56435644	-0.00795971
-683.53135314	-0.00748717
-683.49834983	-0.00671112
-683.46534653	-0.00651139
-683.43234323	-0.00656782
-683.39933993	-0.00729945
-683.36633663	-0.00835384
-683.33333333	-0.00970860
-683.30033003	-0.01122544
-683.26732673	-0.01244905
-683.23432343	-0.01302009
-683.20132013	-0.01305415
-683.16831683	-0.01213124
-683.13531353	-0.01052005
-683.10231023	-0.00841597
-683.06930693	-0.00585174
-683.03630363	-0.00317836
-683.00330033	-0.00064000
-682.97029703	0.00167934
-682.93729373	0.00384767
-682.90429043	0.00565567
-682.87128713	0.00724719
-682.83828383	0.00819397
-682.80528053	0.00880223
-682.77227723	0.00884384
-682.73927393	0.00843438
-682.70627063	0.00816797
-682.67326733	0.00771340
-682.64026403	0.00753731
-682.60726073	0.00798004
-682.57425743	0.00892575
-682.54125413	0.01051923
-682.50825083	0.01299149
-682.47524752	0.01591903
-682.44224422	0.01928285
-682.40924092	0.02266411
-682.37623762	0.02552534
-682.34323432	0.02762880
-682.31023102	0.02847705
-682.27722772	0.02848292
-682.24422442	0.02772560
-682.21122112	0.02663156
-682.17821782	0.02557752
-682.14521452	0.02519749
-682.11221122	0.02523501
-682.07920792	0.02596998
-682.04620462	0.02715955
-682.01320132	0.02887021
-681.98019802	0.03055068
-681.94719472	0.03232125
-681.91419142	0.03384681
-681.88118812	0.03485407
-681.84818482	0.03512757
-681.81518152	0.03461494
-681.78217822	0.03298231
-681.74917492	0.03057029
-681.71617162	0.02734773
-681.68316832	0.02352382
-681.65016502	0.01941444
-681.61716172	0.01545185
-681.58415842	0.01168273
-681.55115512	0.00869447
-681.51815182	0.00665159
-681.48514851	0.00541679
-681.45214521	0.00543698
-681.41914191	0.00602900
-681.38613861	0.00727986
-681.35313531	0.00872882
-681.32013201	0.01002906
-681.28712871	0.01095631
-681.25412541	0.01117024
-681.22112211	0.01076447
-681.18811881	0.00943423
-681.15511551	0.00733476
-681.12211221	0.00471020
-681.08910891	0.00157742
-681.05610561	-0.00174182
-681.02310231	-0.00514210
-680.99009901	-0.00821350
-680.95709571	-0.01084710
-680.92409241	-0.01287554
-680.89108911	-0.01404937
-680.85808581	-0.01444970
-680.82508251	-0.01394854
-680.79207921	-0.01252250
-680.75907591	-0.01050707
-680.72607261	-0.00798074
-680.69306931	-0.00542965
-680.66006601	-0.00312688
-680.62706271	-0.00168102
-680.59405941	-0.00147133
-680.56105611	-0.00258119
-680.52805281	-0.00504935
-680.49504950	-0.00886928
-680.46204620	-0.01356134
-680.42904290	-0.01887938
-680.39603960	-0.02384801
-680.36303630	-0.02831285
-680.33003300	-0.03115971
-680.29702970	-0.03230882
-680.26402640	-0.03155745
-680.23102310	-0.02888433
-680.19801980	-0.02497334
-680.16501650	-0.02048206
-680.13201320	-0.01599522
-680.09900990	-0.01274337
-680.06600660	-0.01088072
-680.03300330	-0.01094580
-680.00000000	-0.01272018
-679.96699670	-0.01583505
-679.93399340	-0.02002085
-679.90099010	-0.02396809
-679.86798680	-0.02757886
-679.83498350	-0.02979762
-679.80198020	-0.03062731
-679.76897690	-0.03007197
-679.73597360	-0.02815235
-679.70297030	-0.02595472
-679.66996700	-0.02329909
-679.63696370	-0.02141893
-679.60396040	-0.02018726
-679.57095710	-0.01989424
-679.53795380	-0.02053002
-679.50495050	-0.02162360
-679.47194719	-0.02302990
-679.43894389	-0.02434026
-679.40594059	-0.02506508
-679.37293729	-0.02510050
-679.33993399	-0.02427246
-679.30693069	-0.02256167
-679.27392739	-0.02023267
-679.24092409	-0.01720085
-679.20792079	-0.01404372
-679.17491749	-0.01048874
-679.14191419	-0.00730893
-679.10891089	-0.00434150
-679.07590759	-0.00195053
-679.04290429	-0.00017885
-679.00990099	0.00080610
-678.97689769	0.00109966
-678.94389439	0.00094689
-678.91089109	0.00015300
-678.87788779	-0.00088528
-678.84488449	-0.00240564
-678.81188119	-0.00429387
-678.77887789	-0.00665528
-678.74587459	-0.00942635
-678.71287129	-0.01222224
-678.67986799	-0.01479845
-678.64686469	-0.01654382
-678.61386139	-0.01742850
-678.58085809	-0.01667939
-678.54785479	-0.01469598
-678.51485149	-0.01151401
-678.48184818	-0.00754313
-678.44884488	-0.00322731
-678.41584158	0.00080447
-678.38283828	0.00421040
-678.34983498	0.00661142
-678.31683168	0.00776189
-678.28382838	0.00780668
-678.25082508	0.00678705
-678.21782178	0.00514483
-678.18481848	0.00292761
-678.15181518	0.00108714
-678.11881188	-0.00094879
-678.08580858	-0.00241474
-678.05280528	-0.00350352
-678.01980198	-0.00396015
-677.98679868	-0.00397638
-677.95379538	-0.00330147
-677.92079208	-0.00207318
-677.88778878	-0.00061555
-677.85478548	0.00116927
-677.82178218	0.00258522
-677.78877888	0.00386918
-677.75577558	0.00454871
-677.72277228	0.00478191
-677.68976898	0.00463883
-677.65676568	0.00452818
-677.62376238	0.00437933
-677.59075908	0.00430279
-677.55775578	0.00451412
-677.52475248	0.00489379
-677.49174917	0.00539261
-677.45874587	0.00591365
-677.42574257	0.00656421
-677.39273927	0.00722985
-677.35973597	0.00784162
-677.32673267	0.00886017
-677.29372937	0.00970662
-677.26072607	0.01073503
-677.22772277	0.01200318
-677.19471947	0.01301718
-677.16171617	0.01400451
-677.12871287	0.01430445
-677.09570957	0.01403713
-677.06270627	0.01310879
-677.02970297	0.01104053
-676.99669967	0.00863873
-676.96369637	0.00564098
-676.93069307	0.00275808
-676.89768977	0.00005435
-676.86468647	-0.00199531
-676.83168317	-0.00322120
-676.79867987	-0.00359693
-676.76567657	-0.00272473
-676.73267327	-0.00093826
-676.69966997	0.00205140
-676.66666667	0.00568671
-676.63366337	0.00992944
-676.60066007	0.01430879
-676.56765677	0.01861839
-676.53465347	0.02204621
-676.50165017	0.02486259
-676.46864686	0.02648618
-676.43564356	0.02685647
-676.40264026	0.02621566
-676.36963696	0.02445398
-676.33663366	0.02184499
-676.30363036	0.01849333
-676.27062706	0.01498470
-676.23762376	0.01135108
-676.20462046	0.00821059
-676.17161716	0.00568125
-676.13861386	0.00407704
-676.10561056	0.00332036
-676.07260726	0.00351776
-676.03960396	0.00441245
-676.00660066	0.00586011
-675.97359736	0.00748104
-675.94059406	0.00920782
-675.90759076	0.01079559
-675.87458746	0.01241680
-675.84158416	0.01355168
-675.80858086	0.01463637
-675.77557756	0.01576495
-675.74257426	0.01682955
-675.70957096	0.01803044
-675.67656766	0.01939803
-675.64356436	0.02082000
-675.61056106	0.02238207
-675.57755776	0.02350555
-675.54455446	0.02435046
-675.51155116	0.02453129
-675.47854785	0.02383728
-675.44554455	0.02218383
-675.41254125	0.01963161
-675.37953795	0.01611549
-675.34653465	0.01200955
-675.31353135	0.00763980
-675.28052805	0.00319437
-675.24752475	-0.00104367
-675.21452145	-0.00492693
-675.18151815	-0.00836605
-675.14851485	-0.01129597
-675.11551155	-0.01345578
-675.08250825	-0.01495362
-675.04950495	-0.01540152
-675.01650165	-0.01497812
-674.98349835	-0.01340133
-674.95049505	-0.01081733
-674.91749175	-0.00739220
-674.88448845	-0.00327326
-674.85148515	0.00107413
-674.81848185	0.00477219
-674.78547855	0.00772580
-674.75247525	0.00931946
-674.71947195	0.00908118
-674.68646865	0.00736895
-674.65346535	0.00400617
-674.62046205	-0.00033346
-674.58745875	-0.00522206
-674.55445545	-0.00984708
-674.52145215	-0.01393407
-674.48844884	-0.01677861
-674.45544554	-0.01861033
-674.42244224	-0.01880267
-674.38943894	-0.01806796
-674.35643564	-0.01613897
-674.32343234	-0.01358578
-674.29042904	-0.01076303
-674.25742574	-0.00784600
-674.22442244	-0.00485127
-674.19141914	-0.00234291
-674.15841584	-0.00005855
-674.12541254	0.00194368
-674.09240924	0.00358974
-674.05940594	0.00476733
-674.02640264	0.00566748
-673.99339934	0.00633363
-673.96039604	0.00686322
-673.92739274	0.00728041
-673.89438944	0.00783698
-673.86138614	0.00867135
-673.82838284	0.00927891
-673.79537954	0.01031639
-673.76237624	0.01089048
-673.72937294	0.01130909
-673.69636964	0.01106876
-673.66336634	0.01025015
-673.63036304	0.00899530
-673.59735974	0.00712744
-673.56435644	0.00505952
-673.53135314	0.00263009
-673.49834983	0.00023829
-673.46534653	-0.00213500
-673.43234323	-0.00450489
-673.39933993	-0.00686733
-673.36633663	-0.00866402
-673.33333333	-0.01032758
-673.30033003	-0.01141352
-673.26732673	-0.01175478
-673.23432343	-0.01135314
-673.20132013	-0.00995165
-673.16831683	-0.00754329
-673.13531353	-0.00450264
-673.10231023	-0.00080616
-673.06930693	0.00292561
-673.03630363	0.00648952
-673.00330033	0.00927419
-672.97029703	0.01117233
-672.93729373	0.01203819
-672.90429043	0.01198368
-672.87128713	0.01083682
-672.83828383	0.00928242
-672.80528053	0.00735040
-672.77227723	0.00546526
-672.73927393	0.00383620
-672.70627063	0.00258746
-672.67326733	0.00192597
-672.64026403	0.00182042
-672.60726073	0.00205793
-672.57425743	0.00242356
-672.54125413	0.00276227
-672.50825083	0.00300275
-672.47524752	0.00306960
-672.44224422	0.00300088
-672.40924092	0.00302746
-672.37623762	0.00308240
-672.34323432	0.00334438
-672.31023102	0.00424355
-672.27722772	0.00519664
-672.24422442	0.00655957
-672.21122112	0.00832222
-672.17821782	0.01021144
-672.14521452	0.01197254
-672.11221122	0.01367656
-672.07920792	0.01455267
-672.04620462	0.01503020
-672.01320132	0.01474398
-671.98019802	0.01354432
-671.94719472	0.01185584
-671.91419142	0.00959289
-671.88118812	0.00719042
-671.84818482	0.00443529
-671.81518152	0.00193940
-671.78217822	-0.00062808
-671.74917492	-0.00295292
-671.71617162	-0.00500351
-671.68316832	-0.00673914
-671.65016502	-0.00811747
-671.61716172	-0.00896699
-671.58415842	-0.00958954
-671.55115512	-0.00966019
-671.51815182	-0.00935403
-671.48514851	-0.00854210
-671.45214521	-0.00738405
-671.41914191	-0.00562979
-671.38613861	-0.00368745
-671.35313531	-0.00137787
-671.32013201	0.00072118
-671.28712871	0.00242893
-671.25412541	0.00357053
-671.22112211	0.00386771
-671.18811881	0.00338199
-671.15511551	0.00172901
-671.12211221	-0.00029142
-671.08910891	-0.00266354
-671.05610561	-0.00516683
-671.02310231	-0.00711447
-670.99009901	-0.00841880
-670.95709571	-0.00876591
-670.92409241	-0.00812712
-670.89108911	-0.00652139
-670.85808581	-0.00444914
-670.82508251	-0.00139727
-670.79207921	0.00138139
-670.75907591	0.00426252
-670.72607261	0.00645901
-670.69306931	0.00806715
-670.66006601	0.00855902
-670.62706271	0.00828733
-670.59405941	0.00720723
-670.56105611	0.00554832
-670.52805281	0.00393796
-670.49504950	0.00217284
-670.46204620	0.00128999
-670.42904290	0.00053634
-670.39603960	0.00055397
-670.36303630	0.00067881
-670.33003300	0.00079763
-670.29702970	0.00084923
-670.26402640	0.00038119
-670.23102310	-0.00052702
-670.19801980	-0.00176622
-670.16501650	-0.00334196
-670.13201320	-0.00514464
-670.09900990	-0.00693220
-670.06600660	-0.00866534
-670.03300330	-0.01019090
-670.00000000	-0.01175688
-669.96699670	-0.01297668
-669.93399340	-0.01404340
-669.90099010	-0.01522977
-669.86798680	-0.01607123
-669.83498350	-0.01691352
-669.80198020	-0.01759546
-669.76897690	-0.01815958
-669.73597360	-0.01870037
-669.70297030	-0.01893374
-669.66996700	-0.01878649
-669.63696370	-0.01831024
-669.60396040	-0.01738723
-669.57095710	-0.01591943
-669.53795380	-0.01413567
-669.50495050	-0.01205420
-669.47194719	-0.01016200
-669.43894389	-0.00818988
-669.40594059	-0.00620089
-669.37293729	-0.00457033
-669.33993399	-0.00308148
-669.30693069	-0.00152348
-669.27392739	-0.00008859
-669.24092409	0.00144804
-669.20792079	0.00302391
-669.17491749	0.00457133
-669.14191419	0.00623976
-669.10891089	0.00761680
-669.07590759	0.00876251
-669.04290429	0.00922913
-669.00990099	0.00949438
-668.97689769	0.00875959
-668.94389439	0.00754155
-668.91089109	0.00572421
-668.87788779	0.00358183
-668.84488449	0.00100438
-668.81188119	-0.00150276
-668.77887789	-0.00392114
-668.74587459	-0.00608580
-668.71287129	-0.00786360
-668.67986799	-0.00931661
-668.64686469	-0.01018902
-668.61386139	-0.01062981
-668.58085809	-0.01044219
-668.54785479	-0.01003998
-668.51485149	-0.00911360
-668.48184818	-0.00818939
-668.44884488	-0.00738455
-668.41584158	-0.00681818
-668.38283828	-0.00680183
-668.34983498	-0.00733307
-668.31683168	-0.00818849
-668.28382838	-0.00946203
-668.25082508	-0.01084707
-668.21782178	-0.01231792
-668.18481848	-0.01360966
-668.15181518	-0.01471305
-668.11881188	-0.01529575
-668.08580858	-0.01522867
-668.05280528	-0.01492840
-668.01980198	-0.01412613
-667.98679868	-0.01301294
-667.95379538	-0.01180293
-667.92079208	-0.01037156
-667.88778878	-0.00917356
-667.85478548	-0.00814832
-667.82178218	-0.00737436
-667.78877888	-0.00678234
-667.75577558	-0.00638852
-667.72277228	-0.00635182
-667.68976898	-0.00607983
-667.65676568	-0.00611413
-667.62376238	-0.00594430
-667.59075908	-0.00549932
-667.55775578	-0.00481582
-667.52475248	-0.00375138
-667.49174917	-0.00230840
-667.45874587	-0.00006977
-667.42574257	0.00248209
-667.39273927	0.00575939
-667.35973597	0.00927779
-667.32673267	0.01309640
-667.29372937	0.01682310
-667.26072607	0.02005768
-667.22772277	0.02268499
-667.19471947	0.02442293
-667.16171617	0.02523449
-667.12871287	0.02493902
-667.09570957	0.02364341
-667.06270627	0.02132949
-667.02970297	0.01838266
-666.99669967	0.01486548
-666.96369637	0.01132189
-666.93069307	0.00768859
-666.89768977	0.00446533
-666.86468647	0.00202961
-666.83168317	-0.00018457
-666.79867987	-0.00146810
-666.76567657	-0.00267041
-666.73267327	-0.00336598
-666.69966997	-0.00401835
-666.66666667	-0.00485740
-666.63366337	-0.00583676
-666.60066007	-0.00691798
-666.56765677	-0.00790384
-666.53465347	-0.00898650
-666.50165017	-0.00964820
-666.46864686	-0.00973701
-666.43564356	-0.00936676
-666.40264026	-0.00809596
-666.36963696	-0.00617979
-666.33663366	-0.00327676
-666.30363036	0.00005041
-666.27062706	0.00364654
-666.23762376	0.00724768
-666.20462046	0.01055260
-666.17161716	0.01319450
-666.13861386	0.01517166
-666.10561056	0.01637749
-666.07260726	0.01658140
-666.03960396	0.01637499
-666.00660066	0.01536412
-665.97359736	0.01390190
-665.94059406	0.01229754
-665.90759076	0.01059585
-665.87458746	0.00897730
-665.84158416	0.00745627
-665.80858086	0.00599160
-665.77557756	0.00492017
-665.74257426	0.00377984
-665.70957096	0.00297789
-665.67656766	0.00216596
-665.64356436	0.00126776
-665.61056106	0.00042655
-665.57755776	-0.00039417
-665.54455446	-0.00155720
-665.51155116	-0.00249923
-665.47854785	-0.00363980
-665.44554455	-0.00486966
-665.41254125	-0.00598420
-665.37953795	-0.00716125
-665.34653465	-0.00829869
-665.31353135	-0.00937522
-665.28052805	-0.01011505
-665.24752475	-0.01069022
-665.21452145	-0.01069747
-665.18151815	-0.01010701
-665.14851485	-0.00899731
-665.11551155	-0.00741027
-665.08250825	-0.00545280
-665.04950495	-0.00320659
-665.01650165	-0.00102311
-664.98349835	0.00107131
-664.95049505	0.00310493
-664.91749175	0.00495024
-664.88448845	0.00661492
-664.85148515	0.00821559
-664.81848185	0.00969040
-664.78547855	0.01124074
-664.75247525	0.01273086
-664.71947195	0.01410368
-664.68646865	0.01514921
-664.65346535	0.01596827
-664.62046205	0.01631560
-664.58745875	0.01619436
-664.55445545	0.01556055
-664.52145215	0.01485674
-664.48844884	0.01396091
-664.45544554	0.01311906
-664.42244224	0.01250403
-664.38943894	0.01206185
-664.35643564	0.01165624
-664.32343234	0.01136007
-664.29042904	0.01104780
-664.25742574	0.01034719
-664.22442244	0.00955726
-664.19141914	0.00846499
-664.15841584	0.00727885
-664.12541254	0.00612402
-664.09240924	0.00478451
-664.05940594	0.00356759
-664.02640264	0.00248266
-663.99339934	0.00138945
-663.96039604	0.00042920
-663.92739274	-0.00074129
-663.89438944	-0.00166786
-663.86138614	-0.00276077
-663.82838284	-0.00356676
-663.79537954	-0.00435661
-663.76237624	-0.00488634
-663.72937294	-0.00542560
-663.69636964	-0.00572847
-663.66336634	-0.00589238
-663.63036304	-0.00574377
-663.59735974	-0.00541740
-663.56435644	-0.00470944
-663.53135314	-0.00372942
-663.49834983	-0.00256969
-663.46534653	-0.00141578
-663.43234323	-0.00014335
-663.39933993	0.00082241
-663.36633663	0.00148659
-663.33333333	0.00189673
-663.30033003	0.00203973
-663.26732673	0.00213328
-663.23432343	0.00229687
-663.20132013	0.00284879
-663.16831683	0.00391910
-663.13531353	0.00534642
-663.10231023	0.00724481
-663.06930693	0.00953915
-663.03630363	0.01200857
-663.00330033	0.01414581
-662.97029703	0.01586803
-662.93729373	0.01669620
-662.90429043	0.01653273
-662.87128713	0.01530543
-662.83828383	0.01301159
-662.80528053	0.00989336
-662.77227723	0.00627230
-662.73927393	0.00249729
-662.70627063	-0.00105322
-662.67326733	-0.00439472
-662.64026403	-0.00708435
-662.60726073	-0.00903771
-662.57425743	-0.01042643
-662.54125413	-0.01137546
-662.50825083	-0.01193363
-662.47524752	-0.01203282
-662.44224422	-0.01204599
-662.40924092	-0.01207843
-662.37623762	-0.01213328
-662.34323432	-0.01209169
-662.31023102	-0.01183656
-662.27722772	-0.01146077
-662.24422442	-0.01073770
-662.21122112	-0.00966619
-662.17821782	-0.00819097
-662.14521452	-0.00630116
-662.11221122	-0.00418418
-662.07920792	-0.00198762
-662.04620462	0.00001801
-662.01320132	0.00186154
-661.98019802	0.00321872
-661.94719472	0.00424474
-661.91419142	0.00460935
-661.88118812	0.00442742
-661.84818482	0.00382945
-661.81518152	0.00277715
-661.78217822	0.00166183
-661.74917492	0.00051590
-661.71617162	-0.00054161
-661.68316832	-0.00130431
-661.65016502	-0.00170346
-661.61716172	-0.00166451
-661.58415842	-0.00106247
-661.55115512	-0.00021217
-661.51815182	0.00073804
-661.48514851	0.00161473
-661.45214521	0.00230633
-661.41914191	0.00256351
-661.38613861	0.00246039
-661.35313531	0.00207295
-661.32013201	0.00140793
-661.28712871	0.00063427
-661.25412541	-0.00016955
-661.22112211	-0.00063913
-661.18811881	-0.00071532
-661.15511551	-0.00030726
-661.12211221	0.00045545
-661.08910891	0.00164284
-661.05610561	0.00327078
-661.02310231	0.00478744
-660.99009901	0.00626569
-660.95709571	0.00740731
-660.92409241	0.00793301
-660.89108911	0.00807005
-660.85808581	0.00749213
-660.82508251	0.00625786
-660.79207921	0.00440024
-660.75907591	0.00208536
-660.72607261	-0.00052242
-660.69306931	-0.00319774
-660.66006601	-0.00575487
-660.62706271	-0.00802425
-660.59405941	-0.00993634
-660.56105611	-0.01125190
-660.52805281	-0.01192070
-660.49504950	-0.01211585
-660.46204620	-0.01163190
-660.42904290	-0.01083304
-660.39603960	-0.00951432
-660.36303630	-0.00762905
-660.33003300	-0.00562044
-660.29702970	-0.00335275
-660.26402640	-0.00117098
-660.23102310	0.00088032
-660.19801980	0.00250486
-660.16501650	0.00338147
-660.13201320	0.00361939
-660.09900990	0.00314785
-660.06600660	0.00179767
-660.03300330	0.00013811
-660.00000000	-0.00179881
