# Menlo Systems GmbH ScanControl
# Program Version 1.14.3
# Start: -740.00000000 ps, Average over 1000 waveforms. Timestamp: 2026-02-03T15:22:19
# User time axis shift: 0 ps
# Time axis offset: 0 ps
# Time [ps]	THz Signal [a.u.]
-740.00000000	-0.00016493
-739.96699670	-0.00019220
-739.93399340	-0.00014765
-739.90099010	-0.00018736
-739.86798680	-0.00009180
-739.83498350	-0.00015875
-739.80198020	-0.00010272
-739.76897690	-0.00004648
-739.73597360	-0.00011983
-739.70297030	-0.00001220
-739.66996700	-0.00006510
-739.63696370	0.00001138
-739.60396040	0.00001812
-739.57095710	0.00009497
-739.53795380	-0.00005033
-739.50495050	0.00005589
-739.47194719	0.00014235
-739.43894389	0.00001679
-739.40594059	0.00014035
-739.37293729	0.00009802
-739.33993399	0.00004952
-739.30693069	0.00007946
-739.27392739	0.00012830
-739.24092409	0.00002612
-739.20792079	0.00008531
-739.17491749	0.00009342
-739.14191419	0.00013090
-739.10891089	0.00015609
-739.07590759	0.00003171
-739.04290429	-0.00001935
-739.00990099	0.00009620
-738.97689769	0.00004808
-738.94389439	0.00005049
-738.91089109	0.00007968
-738.87788779	0.00000617
-738.84488449	0.00000567
-738.81188119	0.00001216
-738.77887789	0.00010898
-738.74587459	0.00008077
-738.71287129	0.00006493
-738.67986799	-0.00004279
-738.64686469	0.00003832
-738.61386139	-0.00004563
-738.58085809	0.00004847
-738.54785479	0.00005256
-738.51485149	-0.00008011
-738.48184818	-0.00005137
-738.44884488	0.00001874
-738.41584158	0.00006473
-738.38283828	0.00011393
-738.34983498	0.00005705
-738.31683168	0.00012624
-738.28382838	0.00006039
-738.25082508	0.00006308
-738.21782178	0.00013608
-738.18481848	0.00014819
-738.15181518	0.00016387
-738.11881188	0.00014755
-738.08580858	0.00010407
-738.05280528	0.00011377
-738.01980198	0.00006691
-737.98679868	0.00009388
-737.95379538	0.00010406
-737.92079208	0.00014764
-737.88778878	0.00010249
-737.85478548	0.00009665
-737.82178218	0.00014705
-737.78877888	0.00018643
-737.75577558	0.00026879
-737.72277228	0.00018307
-737.68976898	0.00022560
-737.65676568	0.00020109
-737.62376238	0.00014267
-737.59075908	0.00025527
-737.55775578	0.00025919
-737.52475248	0.00027118
-737.49174917	0.00026864
-737.45874587	0.00032747
-737.42574257	0.00036924
-737.39273927	0.00042448
-737.35973597	0.00043841
-737.32673267	0.00051047
-737.29372937	0.00049403
-737.26072607	0.00061699
-737.22772277	0.00057512
-737.19471947	0.00068949
-737.16171617	0.00061521
-737.12871287	0.00066043
-737.09570957	0.00070843
-737.06270627	0.00080484
-737.02970297	0.00085585
-736.99669967	0.00081584
-736.96369637	0.00088414
-736.93069307	0.00089433
-736.89768977	0.00084579
-736.86468647	0.00090193
-736.83168317	0.00086864
-736.79867987	0.00092393
-736.76567657	0.00087436
-736.73267327	0.00075706
-736.69966997	0.00074102
-736.66666667	0.00067383
-736.63366337	0.00051162
-736.60066007	0.00042904
-736.56765677	0.00021270
-736.53465347	-0.00001772
-736.50165017	-0.00021996
-736.46864686	-0.00039032
-736.43564356	-0.00057777
-736.40264026	-0.00089026
-736.36963696	-0.00114503
-736.33663366	-0.00137073
-736.30363036	-0.00158639
-736.27062706	-0.00165079
-736.23762376	-0.00189684
-736.20462046	-0.00210490
-736.17161716	-0.00229364
-736.13861386	-0.00239913
-736.10561056	-0.00244293
-736.07260726	-0.00249953
-736.03960396	-0.00255514
-736.00660066	-0.00265582
-735.97359736	-0.00271147
-735.94059406	-0.00278757
-735.90759076	-0.00275249
-735.87458746	-0.00268180
-735.84158416	-0.00248068
-735.80858086	-0.00223729
-735.77557756	-0.00197955
-735.74257426	-0.00155887
-735.70957096	-0.00121670
-735.67656766	-0.00067898
-735.64356436	-0.00002877
-735.61056106	0.00049098
-735.57755776	0.00098036
-735.54455446	0.00139636
-735.51155116	0.00185331
-735.47854785	0.00212842
-735.44554455	0.00224976
-735.41254125	0.00248795
-735.37953795	0.00245795
-735.34653465	0.00233949
-735.31353135	0.00226954
-735.28052805	0.00211645
-735.24752475	0.00189786
-735.21452145	0.00161672
-735.18151815	0.00145744
-735.14851485	0.00118511
-735.11551155	0.00111163
-735.08250825	0.00087563
-735.04950495	0.00070820
-735.01650165	0.00064030
-734.98349835	0.00049282
-734.95049505	0.00047182
-734.91749175	0.00026704
-734.88448845	0.00022696
-734.85148515	0.00027820
-734.81848185	0.00022531
-734.78547855	0.00007493
-734.75247525	0.00018803
-734.71947195	0.00005361
-734.68646865	0.00016683
-734.65346535	0.00004937
-734.62046205	0.00005293
-734.58745875	0.00002949
-734.55445545	0.00005451
-734.52145215	-0.00002537
-734.48844884	-0.00003406
-734.45544554	-0.00001303
-734.42244224	-0.00007608
-734.38943894	-0.00008691
-734.35643564	-0.00013131
-734.32343234	-0.00012781
-734.29042904	-0.00003157
-734.25742574	-0.00004029
-734.22442244	0.00001456
-734.19141914	0.00013736
-734.15841584	0.00013863
-734.12541254	0.00030991
-734.09240924	0.00029406
-734.05940594	0.00024583
-734.02640264	0.00034976
-733.99339934	0.00034815
-733.96039604	0.00044828
-733.92739274	0.00029936
-733.89438944	0.00029936
-733.86138614	0.00027786
-733.82838284	0.00022347
-733.79537954	0.00018488
-733.76237624	0.00019069
-733.72937294	0.00007611
-733.69636964	0.00013118
-733.66336634	0.00015464
-733.63036304	0.00022161
-733.59735974	0.00030921
-733.56435644	0.00026186
-733.53135314	0.00038075
-733.49834983	0.00041681
-733.46534653	0.00056704
-733.43234323	0.00051273
-733.39933993	0.00055469
-733.36633663	0.00046524
-733.33333333	0.00057254
-733.30033003	0.00046134
-733.26732673	0.00048441
-733.23432343	0.00039510
-733.20132013	0.00034087
-733.16831683	0.00041182
-733.13531353	0.00039614
-733.10231023	0.00026856
-733.06930693	0.00027881
-733.03630363	0.00022494
-733.00330033	0.00038816
-732.97029703	0.00032493
-732.93729373	0.00030548
-732.90429043	0.00037190
-732.87128713	0.00045675
-732.83828383	0.00042864
-732.80528053	0.00049636
-732.77227723	0.00053725
-732.73927393	0.00065327
-732.70627063	0.00064971
-732.67326733	0.00061673
-732.64026403	0.00081622
-732.60726073	0.00079506
-732.57425743	0.00086924
-732.54125413	0.00097537
-732.50825083	0.00105224
-732.47524752	0.00117579
-732.44224422	0.00125406
-732.40924092	0.00133500
-732.37623762	0.00148320
-732.34323432	0.00148570
-732.31023102	0.00166373
-732.27722772	0.00173985
-732.24422442	0.00182908
-732.21122112	0.00198090
-732.17821782	0.00204806
-732.14521452	0.00211236
-732.11221122	0.00208977
-732.07920792	0.00211424
-732.04620462	0.00188687
-732.01320132	0.00174971
-731.98019802	0.00154639
-731.94719472	0.00102856
-731.91419142	0.00054074
-731.88118812	-0.00028688
-731.84818482	-0.00112454
-731.81518152	-0.00209073
-731.78217822	-0.00326667
-731.74917492	-0.00424133
-731.71617162	-0.00527579
-731.68316832	-0.00607595
-731.65016502	-0.00663248
-731.61716172	-0.00694317
-731.58415842	-0.00680777
-731.55115512	-0.00650855
-731.51815182	-0.00579931
-731.48514851	-0.00486336
-731.45214521	-0.00366728
-731.41914191	-0.00267498
-731.38613861	-0.00143975
-731.35313531	-0.00037386
-731.32013201	0.00044619
-731.28712871	0.00124814
-731.25412541	0.00178573
-731.22112211	0.00227046
-731.18811881	0.00254380
-731.15511551	0.00268809
-731.12211221	0.00279334
-731.08910891	0.00285323
-731.05610561	0.00263840
-731.02310231	0.00250165
-730.99009901	0.00244059
-730.95709571	0.00226983
-730.92409241	0.00225396
-730.89108911	0.00203848
-730.85808581	0.00183490
-730.82508251	0.00169206
-730.79207921	0.00147153
-730.75907591	0.00127531
-730.72607261	0.00124160
-730.69306931	0.00110106
-730.66006601	0.00104161
-730.62706271	0.00101739
-730.59405941	0.00098967
-730.56105611	0.00095797
-730.52805281	0.00094950
-730.49504950	0.00070479
-730.46204620	0.00068130
-730.42904290	0.00065243
-730.39603960	0.00045670
-730.36303630	0.00017822
-730.33003300	0.00012344
-730.29702970	0.00004959
-730.26402640	-0.00021751
-730.23102310	-0.00034454
-730.19801980	-0.00043191
-730.16501650	-0.00042091
-730.13201320	-0.00047539
-730.09900990	-0.00040312
-730.06600660	-0.00018460
-730.03300330	0.00001962
-730.00000000	0.00020107
-729.96699670	0.00035947
-729.93399340	0.00058957
-729.90099010	0.00069166
-729.86798680	0.00073175
-729.83498350	0.00078594
-729.80198020	0.00069064
-729.76897690	0.00064643
-729.73597360	0.00044085
-729.70297030	0.00024903
-729.66996700	0.00001527
-729.63696370	-0.00014566
-729.60396040	-0.00036957
-729.57095710	-0.00045193
-729.53795380	-0.00038941
-729.50495050	-0.00050643
-729.47194719	-0.00030162
-729.43894389	-0.00007787
-729.40594059	-0.00009593
-729.37293729	0.00015322
-729.33993399	0.00025672
-729.30693069	0.00031867
-729.27392739	0.00026534
-729.24092409	0.00023253
-729.20792079	-0.00000391
-729.17491749	-0.00018968
-729.14191419	-0.00049723
-729.10891089	-0.00085086
-729.07590759	-0.00114357
-729.04290429	-0.00154259
-729.00990099	-0.00195266
-728.97689769	-0.00227144
-728.94389439	-0.00255236
-728.91089109	-0.00282007
-728.87788779	-0.00304059
-728.84488449	-0.00315566
-728.81188119	-0.00325226
-728.77887789	-0.00352065
-728.74587459	-0.00369320
-728.71287129	-0.00402690
-728.67986799	-0.00463097
-728.64686469	-0.00526922
-728.61386139	-0.00626155
-728.58085809	-0.00720458
-728.54785479	-0.00843542
-728.51485149	-0.00959957
-728.48184818	-0.01065824
-728.44884488	-0.01135564
-728.41584158	-0.01183712
-728.38283828	-0.01154801
-728.34983498	-0.01084016
-728.31683168	-0.00947255
-728.28382838	-0.00757520
-728.25082508	-0.00523315
-728.21782178	-0.00283845
-728.18481848	-0.00037673
-728.15181518	0.00161663
-728.11881188	0.00330269
-728.08580858	0.00436622
-728.05280528	0.00499646
-728.01980198	0.00517395
-727.98679868	0.00511680
-727.95379538	0.00476123
-727.92079208	0.00442764
-727.88778878	0.00420000
-727.85478548	0.00415391
-727.82178218	0.00417476
-727.78877888	0.00444704
-727.75577558	0.00488447
-727.72277228	0.00525650
-727.68976898	0.00568580
-727.65676568	0.00598730
-727.62376238	0.00613378
-727.59075908	0.00610706
-727.55775578	0.00565296
-727.52475248	0.00508395
-727.49174917	0.00431946
-727.45874587	0.00334712
-727.42574257	0.00225339
-727.39273927	0.00131887
-727.35973597	0.00004713
-727.32673267	-0.00095020
-727.29372937	-0.00190299
-727.26072607	-0.00291549
-727.22772277	-0.00376415
-727.19471947	-0.00472226
-727.16171617	-0.00556647
-727.12871287	-0.00655790
-727.09570957	-0.00773803
-727.06270627	-0.00912430
-727.02970297	-0.01081586
-726.99669967	-0.01287937
-726.96369637	-0.01519492
-726.93069307	-0.01794798
-726.89768977	-0.02082182
-726.86468647	-0.02348145
-726.83168317	-0.02606324
-726.79867987	-0.02768523
-726.76567657	-0.02875389
-726.73267327	-0.02833265
-726.69966997	-0.02686547
-726.66666667	-0.02387096
-726.63366337	-0.01993179
-726.60066007	-0.01511520
-726.56765677	-0.00994629
-726.53465347	-0.00480259
-726.50165017	-0.00046696
-726.46864686	0.00312763
-726.43564356	0.00563171
-726.40264026	0.00704648
-726.36963696	0.00746519
-726.33663366	0.00726838
-726.30363036	0.00654170
-726.27062706	0.00563267
-726.23762376	0.00467797
-726.20462046	0.00375568
-726.17161716	0.00290463
-726.13861386	0.00219783
-726.10561056	0.00171645
-726.07260726	0.00143667
-726.03960396	0.00122708
-726.00660066	0.00128994
-725.97359736	0.00133995
-725.94059406	0.00156529
-725.90759076	0.00173008
-725.87458746	0.00219621
-725.84158416	0.00271225
-725.80858086	0.00364870
-725.77557756	0.00481748
-725.74257426	0.00633176
-725.70957096	0.00807088
-725.67656766	0.01009031
-725.64356436	0.01215073
-725.61056106	0.01455159
-725.57755776	0.01694216
-725.54455446	0.01946341
-725.51155116	0.02226233
-725.47854785	0.02533513
-725.44554455	0.02890689
-725.41254125	0.03290416
-725.37953795	0.03774705
-725.34653465	0.04313784
-725.31353135	0.04931098
-725.28052805	0.05621611
-725.24752475	0.06402513
-725.21452145	0.07246273
-725.18151815	0.08186616
-725.14851485	0.09184716
-725.11551155	0.10244136
-725.08250825	0.11325375
-725.04950495	0.12422952
-725.01650165	0.13512418
-724.98349835	0.14559642
-724.95049505	0.15577652
-724.91749175	0.16560513
-724.88448845	0.17527900
-724.85148515	0.18513986
-724.81848185	0.19524469
-724.78547855	0.20644340
-724.75247525	0.21891630
-724.71947195	0.23329261
-724.68646865	0.25049859
-724.65346535	0.27047121
-724.62046205	0.29423808
-724.58745875	0.32193414
-724.55445545	0.35383879
-724.52145215	0.38956545
-724.48844884	0.42855090
-724.45544554	0.46986100
-724.42244224	0.51220855
-724.38943894	0.55415041
-724.35643564	0.59321427
-724.32343234	0.62748452
-724.29042904	0.65423244
-724.25742574	0.67066871
-724.22442244	0.67452917
-724.19141914	0.66318102
-724.15841584	0.63512044
-724.12541254	0.58939004
-724.09240924	0.52642795
-724.05940594	0.44749443
-724.02640264	0.35522494
-723.99339934	0.25352981
-723.96039604	0.14617961
-723.92739274	0.03739600
-723.89438944	-0.06910240
-723.86138614	-0.17135805
-723.82838284	-0.26927899
-723.79537954	-0.36481724
-723.76237624	-0.46292046
-723.72937294	-0.57067733
-723.69636964	-0.69611958
-723.66336634	-0.84817931
-723.63036304	-1.03442040
-723.59735974	-1.25957235
-723.56435644	-1.52406374
-723.53135314	-1.82238062
-723.49834983	-2.14049691
-723.46534653	-2.45787303
-723.43234323	-2.74568188
-723.39933993	-2.97227782
-723.36633663	-3.10646345
-723.33333333	-3.12076590
-723.30033003	-2.99700173
-723.26732673	-2.72998449
-723.23432343	-2.32931172
-723.20132013	-1.81993143
-723.16831683	-1.24031770
-723.13531353	-0.63571722
-723.10231023	-0.05003447
-723.06930693	0.47898035
-723.03630363	0.92654316
-723.00330033	1.28085742
-722.97029703	1.54133371
-722.93729373	1.71541007
-722.90429043	1.81398571
-722.87128713	1.84745137
-722.83828383	1.82710662
-722.80528053	1.76447702
-722.77227723	1.67242932
-722.73927393	1.56326043
-722.70627063	1.44725667
-722.67326733	1.33121825
-722.64026403	1.21629989
-722.60726073	1.10103277
-722.57425743	0.98362151
-722.54125413	0.86343394
-722.50825083	0.74512145
-722.47524752	0.63403278
-722.44224422	0.53695616
-722.40924092	0.45780159
-722.37623762	0.39709390
-722.34323432	0.35215756
-722.31023102	0.31854123
-722.27722772	0.29079360
-722.24422442	0.26356587
-722.21122112	0.23300918
-722.17821782	0.19579146
-722.14521452	0.15081344
-722.11221122	0.09906603
-722.07920792	0.04295745
-722.04620462	-0.01442277
-722.01320132	-0.06986491
-721.98019802	-0.12036824
-721.94719472	-0.16240062
-721.91419142	-0.19257050
-721.88118812	-0.20592683
-721.84818482	-0.19874308
-721.81518152	-0.16848960
-721.78217822	-0.11592876
-721.74917492	-0.04510969
-721.71617162	0.03672782
-721.68316832	0.12064670
-721.65016502	0.19630968
-721.61716172	0.25512434
-721.58415842	0.29078232
-721.55115512	0.30073011
-721.51815182	0.28514565
-721.48514851	0.24688679
-721.45214521	0.18934494
-721.41914191	0.11686806
-721.38613861	0.03465836
-721.35313531	-0.05046160
-721.32013201	-0.12976449
-721.28712871	-0.19406691
-721.25412541	-0.23547106
-721.22112211	-0.24976971
-721.18811881	-0.23731259
-721.15511551	-0.20203511
-721.12211221	-0.15090064
-721.08910891	-0.09294163
-721.05610561	-0.03687674
-721.02310231	0.00962211
-720.99009901	0.04220710
-720.95709571	0.05938593
-720.92409241	0.06346820
-720.89108911	0.05819114
-720.85808581	0.04797167
-720.82508251	0.03522660
-720.79207921	0.02158903
-720.75907591	0.00700701
-720.72607261	-0.00826687
-720.69306931	-0.02366431
-720.66006601	-0.03784015
-720.62706271	-0.04926467
-720.59405941	-0.05672218
-720.56105611	-0.06029994
-720.52805281	-0.06087004
-720.49504950	-0.05954196
-720.46204620	-0.05658754
-720.42904290	-0.05177636
-720.39603960	-0.04536309
-720.36303630	-0.03836754
-720.33003300	-0.03435104
-720.29702970	-0.03615516
-720.26402640	-0.04537536
-720.23102310	-0.06101014
-720.19801980	-0.07953264
-720.16501650	-0.09598648
-720.13201320	-0.10592708
-720.09900990	-0.10590875
-720.06600660	-0.09445254
-720.03300330	-0.07101511
-720.00000000	-0.03717819
-719.96699670	0.00457294
-719.93399340	0.05099089
-719.90099010	0.09847865
-719.86798680	0.14359994
-719.83498350	0.18345486
-719.80198020	0.21537928
-719.76897690	0.23679448
-719.73597360	0.24552694
-719.70297030	0.23878976
-719.66996700	0.21506045
-719.63696370	0.17316866
-719.60396040	0.11417590
-719.57095710	0.04257072
-719.53795380	-0.03373508
-719.50495050	-0.10594885
-719.47194719	-0.16491371
-719.43894389	-0.20438104
-719.40594059	-0.22144266
-719.37293729	-0.21685106
-719.33993399	-0.19261250
-719.30693069	-0.15297956
-719.27392739	-0.10164461
-719.24092409	-0.04485435
-719.20792079	0.01079906
-719.17491749	0.05732183
-719.14191419	0.08824041
-719.10891089	0.09924259
-719.07590759	0.09055544
-719.04290429	0.06591212
-719.00990099	0.03084970
-718.97689769	-0.00856473
-718.94389439	-0.04781400
-718.91089109	-0.08279689
-718.87788779	-0.11090117
-718.84488449	-0.12999241
-718.81188119	-0.13826943
-718.77887789	-0.13612097
-718.74587459	-0.12538019
-718.71287129	-0.10907291
-718.67986799	-0.09058919
-718.64686469	-0.07205053
-718.61386139	-0.05438690
-718.58085809	-0.03724753
-718.54785479	-0.02009162
-718.51485149	-0.00288080
-718.48184818	0.01348047
-718.44884488	0.02826511
-718.41584158	0.04068767
-718.38283828	0.05031680
-718.34983498	0.05652128
-718.31683168	0.05844677
-718.28382838	0.05480724
-718.25082508	0.04526188
-718.21782178	0.03167733
-718.18481848	0.01749741
-718.15181518	0.00809553
-718.11881188	0.00816649
-718.08580858	0.01968248
-718.05280528	0.04092289
-718.01980198	0.06627471
-717.98679868	0.08743071
-717.95379538	0.09698385
-717.92079208	0.09100546
-717.88778878	0.06953493
-717.85478548	0.03774009
-717.82178218	0.00192302
-717.78877888	-0.03169030
-717.75577558	-0.05905436
-717.72277228	-0.07819541
-717.68976898	-0.08915459
-717.65676568	-0.09256521
-717.62376238	-0.08977381
-717.59075908	-0.08293656
-717.55775578	-0.07487320
-717.52475248	-0.06763949
-717.49174917	-0.06365281
-717.45874587	-0.06314434
-717.42574257	-0.06595355
-717.39273927	-0.06987729
-717.35973597	-0.07277253
-717.32673267	-0.07344543
-717.29372937	-0.07222996
-717.26072607	-0.07067167
-717.22772277	-0.07040632
-717.19471947	-0.07179737
-717.16171617	-0.07286769
-717.12871287	-0.07065635
-717.09570957	-0.06187911
-717.06270627	-0.04512184
-717.02970297	-0.02197231
-716.99669967	0.00402814
-716.96369637	0.02813485
-716.93069307	0.04641474
-716.89768977	0.05682116
-716.86468647	0.05913187
-716.83168317	0.05501308
-716.79867987	0.04603698
-716.76567657	0.03423756
-716.73267327	0.02099792
-716.69966997	0.00749492
-716.66666667	-0.00494635
-716.63366337	-0.01440984
-716.60066007	-0.01934332
-716.56765677	-0.01726010
-716.53465347	-0.00776651
-716.50165017	0.00761960
-716.46864686	0.02579053
-716.43564356	0.04143119
-716.40264026	0.05126301
-716.36963696	0.05420917
-716.33663366	0.05245206
-716.30363036	0.05056298
-716.27062706	0.05215935
-716.23762376	0.05908783
-716.20462046	0.06983201
-716.17161716	0.08123673
-716.13861386	0.08876613
-716.10561056	0.08909957
-716.07260726	0.08094247
-716.03960396	0.06437881
-716.00660066	0.04120460
-715.97359736	0.01374903
-715.94059406	-0.01519211
-715.90759076	-0.04243453
-715.87458746	-0.06513868
-715.84158416	-0.08160103
-715.80858086	-0.09111534
-715.77557756	-0.09442958
-715.74257426	-0.09377537
-715.70957096	-0.09137915
-715.67656766	-0.08909209
-715.64356436	-0.08823868
-715.61056106	-0.08824902
-715.57755776	-0.08836217
-715.54455446	-0.08662516
-715.51155116	-0.08178578
-715.47854785	-0.07343552
-715.44554455	-0.06298175
-715.41254125	-0.05285561
-715.37953795	-0.04491158
-715.34653465	-0.04069957
-715.31353135	-0.04026049
-715.28052805	-0.04236452
-715.24752475	-0.04443875
-715.21452145	-0.04353447
-715.18151815	-0.03724501
-715.14851485	-0.02462155
-715.11551155	-0.00647612
-715.08250825	0.01490101
-715.04950495	0.03670090
-715.01650165	0.05642044
-714.98349835	0.07216909
-714.95049505	0.08196271
-714.91749175	0.08475940
-714.88448845	0.07991591
-714.85148515	0.06845863
-714.81848185	0.05287087
-714.78547855	0.03607912
-714.75247525	0.02163415
-714.71947195	0.01199247
-714.68646865	0.00760302
-714.65346535	0.00851012
-714.62046205	0.01343789
-714.58745875	0.02074217
-714.55445545	0.02911682
-714.52145215	0.03800072
-714.48844884	0.04702687
-714.45544554	0.05625636
-714.42244224	0.06562646
-714.38943894	0.07479095
-714.35643564	0.08317366
-714.32343234	0.08938571
-714.29042904	0.09293651
-714.25742574	0.09328867
-714.22442244	0.09124246
-714.19141914	0.08753889
-714.15841584	0.08273071
-714.12541254	0.07696926
-714.09240924	0.06914913
-714.05940594	0.05776216
-714.02640264	0.04109981
-713.99339934	0.01904265
-713.96039604	-0.00774238
-713.92739274	-0.03685568
-713.89438944	-0.06538250
-713.86138614	-0.09049872
-713.82838284	-0.10967497
-713.79537954	-0.12149503
-713.76237624	-0.12511085
-713.72937294	-0.12112041
-713.69636964	-0.11104671
-713.66336634	-0.09651829
-713.63036304	-0.08063039
-713.59735974	-0.06542949
-713.56435644	-0.05287887
-713.53135314	-0.04393197
-713.49834983	-0.03917472
-713.46534653	-0.03772584
-713.43234323	-0.03845113
-713.39933993	-0.03926303
-713.36633663	-0.03766955
-713.33333333	-0.03148983
-713.30033003	-0.02038213
-713.26732673	-0.00522250
-713.23432343	0.01117876
-713.20132013	0.02532919
-713.16831683	0.03430548
-713.13531353	0.03622215
-713.10231023	0.03076371
-713.06930693	0.01974791
-713.03630363	0.00561778
-713.00330033	-0.00796057
-712.97029703	-0.01766941
-712.93729373	-0.02081975
-712.90429043	-0.01722802
-712.87128713	-0.00794946
-712.83828383	0.00405426
-712.80528053	0.01555438
-712.77227723	0.02421640
-712.73927393	0.02927052
-712.70627063	0.03116760
-712.67326733	0.03128620
-712.64026403	0.03142414
-712.60726073	0.03269647
-712.57425743	0.03519902
-712.54125413	0.03853097
-712.50825083	0.04146252
-712.47524752	0.04285323
-712.44224422	0.04190083
-712.40924092	0.03806071
-712.37623762	0.03172799
-712.34323432	0.02379883
-712.31023102	0.01507946
-712.27722772	0.00712726
-712.24422442	0.00072532
-712.21122112	-0.00439067
-712.17821782	-0.00884468
-712.14521452	-0.01425708
-712.11221122	-0.02125454
-712.07920792	-0.02915468
-712.04620462	-0.03644809
-712.01320132	-0.04038674
-711.98019802	-0.03944609
-711.94719472	-0.03436305
-711.91419142	-0.02724459
-711.88118812	-0.02192188
-711.84818482	-0.02115817
-711.81518152	-0.02575515
-711.78217822	-0.03534476
-711.74917492	-0.04718035
-711.71617162	-0.05859647
-711.68316832	-0.06662969
-711.65016502	-0.06933248
-711.61716172	-0.06583238
-711.58415842	-0.05561128
-711.55115512	-0.03969083
-711.51815182	-0.01961263
-711.48514851	0.00285115
-711.45214521	0.02575244
-711.41914191	0.04764506
-711.38613861	0.06752745
-711.35313531	0.08491348
-711.32013201	0.09935288
-711.28712871	0.11022097
-711.25412541	0.11610447
-711.22112211	0.11565279
-711.18811881	0.10774383
-711.15511551	0.09197279
-711.12211221	0.06837712
-711.08910891	0.03824093
-711.05610561	0.00386243
-711.02310231	-0.03203023
-710.99009901	-0.06571047
-710.95709571	-0.09344633
-710.92409241	-0.11161301
-710.89108911	-0.11778999
-710.85808581	-0.11096482
-710.82508251	-0.09244709
-710.79207921	-0.06475099
-710.75907591	-0.03184842
-710.72607261	0.00243419
-710.69306931	0.03438576
-710.66006601	0.06184646
-710.62706271	0.08318705
-710.59405941	0.09810376
-710.56105611	0.10690474
-710.52805281	0.10946876
-710.49504950	0.10556166
-710.46204620	0.09452078
-710.42904290	0.07600470
-710.39603960	0.05000914
-710.36303630	0.01908131
-710.33003300	-0.01390492
-710.29702970	-0.04499690
-710.26402640	-0.07050188
-710.23102310	-0.08745003
-710.19801980	-0.09446611
-710.16501650	-0.09179826
-710.13201320	-0.08102718
-710.09900990	-0.06503962
-710.06600660	-0.04605594
-710.03300330	-0.02697624
-710.00000000	-0.01017573
-709.96699670	0.00253185
-709.93399340	0.00957777
-709.90099010	0.01020884
-709.86798680	0.00509570
-709.83498350	-0.00389262
-709.80198020	-0.01445075
-709.76897690	-0.02400663
-709.73597360	-0.03030145
-709.70297030	-0.03161726
-709.66996700	-0.02680194
-709.63696370	-0.01529547
-709.60396040	0.00185636
-709.57095710	0.02277614
-709.53795380	0.04452145
-709.50495050	0.06332013
-709.47194719	0.07594704
-709.43894389	0.08013755
-709.40594059	0.07476341
-709.37293729	0.06124480
-709.33993399	0.04115386
-709.30693069	0.01723229
-709.27392739	-0.00743475
-709.24092409	-0.03034266
-709.20792079	-0.04915508
-709.17491749	-0.06173587
-709.14191419	-0.06703516
-709.10891089	-0.06400361
-709.07590759	-0.05267682
-709.04290429	-0.03382297
-709.00990099	-0.00861221
-708.97689769	0.02135020
-708.94389439	0.05419588
-708.91089109	0.08713741
-708.87788779	0.11682886
-708.84488449	0.13966211
-708.81188119	0.15111137
-708.77887789	0.14911007
-708.74587459	0.13306626
-708.71287129	0.10422601
-708.67986799	0.06648476
-708.64686469	0.02468061
-708.61386139	-0.01614908
-708.58085809	-0.05114414
-708.54785479	-0.07695656
-708.51485149	-0.09170266
-708.48184818	-0.09500087
-708.44884488	-0.08872482
-708.41584158	-0.07554751
-708.38283828	-0.05885077
-708.34983498	-0.04247557
-708.31683168	-0.02989449
-708.28382838	-0.02398873
-708.25082508	-0.02614250
-708.21782178	-0.03652452
-708.18481848	-0.05265587
-708.15181518	-0.07115312
-708.11881188	-0.08763918
-708.08580858	-0.09821237
-708.05280528	-0.10048134
-708.01980198	-0.09348361
-707.98679868	-0.07764097
-707.95379538	-0.05400496
-707.92079208	-0.02463276
-707.88778878	0.00808428
-707.85478548	0.04199651
-707.82178218	0.07409166
-707.78877888	0.10176465
-707.75577558	0.12273674
-707.72277228	0.13475714
-707.68976898	0.13626784
-707.65676568	0.12654338
-707.62376238	0.10626420
-707.59075908	0.07712986
-707.55775578	0.04203037
-707.52475248	0.00434595
-707.49174917	-0.03245598
-707.45874587	-0.06526898
-707.42574257	-0.09120124
-707.39273927	-0.10782963
-707.35973597	-0.11348087
-707.32673267	-0.10724359
-707.29372937	-0.08882930
-707.26072607	-0.05907820
-707.22772277	-0.01936502
-707.19471947	0.02663490
-707.16171617	0.07470325
-707.12871287	0.11916916
-707.09570957	0.15350934
-707.06270627	0.17368877
-707.02970297	0.17652004
-706.99669967	0.16224252
-706.96369637	0.13269147
-706.93069307	0.09186723
-706.89768977	0.04469813
-706.86468647	-0.00371249
-706.83168317	-0.04773718
-706.79867987	-0.08322133
-706.76567657	-0.10795116
-706.73267327	-0.12110292
-706.69966997	-0.12427350
-706.66666667	-0.12029715
-706.63366337	-0.11199269
-706.60066007	-0.10181731
-706.56765677	-0.09193841
-706.53465347	-0.08308438
-706.50165017	-0.07559076
-706.46864686	-0.06845363
-706.43564356	-0.05980528
-706.40264026	-0.04830608
-706.36963696	-0.03275443
-706.33663366	-0.01352841
-706.30363036	0.00736997
-706.27062706	0.02788291
-706.23762376	0.04578152
-706.20462046	0.05922795
-706.17161716	0.06766550
-706.13861386	0.07127720
-706.10561056	0.07025324
-706.07260726	0.06533372
-706.03960396	0.05686159
-706.00660066	0.04607464
-705.97359736	0.03383397
-705.94059406	0.02187081
-705.90759076	0.01170627
-705.87458746	0.00419371
-705.84158416	0.00013094
-705.80858086	-0.00161866
-705.77557756	-0.00250257
-705.74257426	-0.00461161
-705.70957096	-0.00978580
-705.67656766	-0.01865228
-705.64356436	-0.03056606
-705.61056106	-0.04401065
-705.57755776	-0.05611435
-705.54455446	-0.06393250
-705.51155116	-0.06508696
-705.47854785	-0.05754700
-705.44554455	-0.04131298
-705.41254125	-0.01795675
-705.37953795	0.00969608
-705.34653465	0.03779620
-705.31353135	0.06298172
-705.28052805	0.08282331
-705.24752475	0.09564799
-705.21452145	0.10061606
-705.18151815	0.09736231
-705.14851485	0.08652791
-705.11551155	0.06889879
-705.08250825	0.04635025
-705.04950495	0.02165643
-705.01650165	-0.00315912
-704.98349835	-0.02601039
-704.95049505	-0.04531452
-704.91749175	-0.05965640
-704.88448845	-0.06827237
-704.85148515	-0.07053154
-704.81848185	-0.06658540
-704.78547855	-0.05782074
-704.75247525	-0.04600330
-704.71947195	-0.03346697
-704.68646865	-0.02218548
-704.65346535	-0.01377199
-704.62046205	-0.00913081
-704.58745875	-0.00805164
-704.55445545	-0.00968934
-704.52145215	-0.01315627
-704.48844884	-0.01679201
-704.45544554	-0.01977180
-704.42244224	-0.02117151
-704.38943894	-0.02013777
-704.35643564	-0.01650191
-704.32343234	-0.01014129
-704.29042904	-0.00104797
-704.25742574	0.00947511
-704.22442244	0.02061762
-704.19141914	0.03086242
-704.15841584	0.03872285
-704.12541254	0.04325889
-704.09240924	0.04306587
-704.05940594	0.03740675
-704.02640264	0.02632609
-703.99339934	0.01060424
-703.96039604	-0.00769993
-703.92739274	-0.02639026
-703.89438944	-0.04272288
-703.86138614	-0.05474296
-703.82838284	-0.06152932
-703.79537954	-0.06217790
-703.76237624	-0.05618900
-703.72937294	-0.04355123
-703.69636964	-0.02451282
-703.66336634	0.00054149
-703.63036304	0.02989528
-703.59735974	0.06135192
-703.56435644	0.09193818
-703.53135314	0.11805384
-703.49834983	0.13612587
-703.46534653	0.14322009
-703.43234323	0.13722851
-703.39933993	0.11896272
-703.36633663	0.09021635
-703.33333333	0.05487916
-703.30033003	0.01796050
-703.26732673	-0.01632946
-703.23432343	-0.04495209
-703.20132013	-0.06618513
-703.16831683	-0.07957132
-703.13531353	-0.08551032
-703.10231023	-0.08437380
-703.06930693	-0.07713716
-703.03630363	-0.06496592
-703.00330033	-0.04950510
-702.97029703	-0.03374181
-702.93729373	-0.02070772
-702.90429043	-0.01246743
-702.87128713	-0.01002437
-702.83828383	-0.01267828
-702.80528053	-0.01773291
-702.77227723	-0.02283841
-702.73927393	-0.02572918
-702.70627063	-0.02526821
-702.67326733	-0.02180099
-702.64026403	-0.01622532
-702.60726073	-0.01018784
-702.57425743	-0.00495952
-702.54125413	-0.00114827
-702.50825083	0.00056138
-702.47524752	0.00062242
-702.44224422	-0.00059280
-702.40924092	-0.00218535
-702.37623762	-0.00390800
-702.34323432	-0.00502453
-702.31023102	-0.00497184
-702.27722772	-0.00405092
-702.24422442	-0.00162155
-702.21122112	0.00239401
-702.17821782	0.00777275
-702.14521452	0.01424345
-702.11221122	0.02163719
-702.07920792	0.02896017
-702.04620462	0.03546766
-702.01320132	0.04042243
-701.98019802	0.04327004
-701.94719472	0.04401068
-701.91419142	0.04292118
-701.88118812	0.04027053
-701.84818482	0.03621680
-701.81518152	0.03023207
-701.78217822	0.02254469
-701.74917492	0.01341071
-701.71617162	0.00349235
-701.68316832	-0.00624305
-701.65016502	-0.01500531
-701.61716172	-0.02228140
-701.58415842	-0.02810439
-701.55115512	-0.03225772
-701.51815182	-0.03478589
-701.48514851	-0.03574492
-701.45214521	-0.03478863
-701.41914191	-0.03226062
-701.38613861	-0.02780486
-701.35313531	-0.02188119
-701.32013201	-0.01526278
-701.28712871	-0.00927260
-701.25412541	-0.00495492
-701.22112211	-0.00309901
-701.18811881	-0.00382066
-701.15511551	-0.00675971
-701.12211221	-0.01087897
-701.08910891	-0.01537503
-701.05610561	-0.01989048
-701.02310231	-0.02399096
-700.99009901	-0.02703412
-700.95709571	-0.02838652
-700.92409241	-0.02719555
-700.89108911	-0.02270861
-700.85808581	-0.01471829
-700.82508251	-0.00377963
-700.79207921	0.00851108
-700.75907591	0.02051515
-700.72607261	0.02960939
-700.69306931	0.03429776
-700.66006601	0.03385974
-700.62706271	0.02866944
-700.59405941	0.02047429
-700.56105611	0.01122521
-700.52805281	0.00282426
-700.49504950	-0.00379255
-700.46204620	-0.00801834
-700.42904290	-0.01021662
-700.39603960	-0.01091431
-700.36303630	-0.01063375
-700.33003300	-0.01005239
-700.29702970	-0.00923827
-700.26402640	-0.00802865
-700.23102310	-0.00610959
-700.19801980	-0.00245985
-700.16501650	0.00331691
-700.13201320	0.01137293
-700.09900990	0.02136300
-700.06600660	0.03192016
-700.03300330	0.04146214
-700.00000000	0.04822705
-699.96699670	0.05099188
-699.93399340	0.04925869
-699.90099010	0.04296343
-699.86798680	0.03313040
-699.83498350	0.02049173
-699.80198020	0.00676062
-699.76897690	-0.00673526
-699.73597360	-0.01901288
-699.70297030	-0.02873830
-699.66996700	-0.03556059
-699.63696370	-0.03903462
-699.60396040	-0.03912117
-699.57095710	-0.03597373
-699.53795380	-0.02970063
-699.50495050	-0.02077059
-699.47194719	-0.00984915
-699.43894389	0.00174849
-699.40594059	0.01230176
-699.37293729	0.02021959
-699.33993399	0.02420176
-699.30693069	0.02336348
-699.27392739	0.01794670
-699.24092409	0.00900502
-699.20792079	-0.00232804
-699.17491749	-0.01385484
-699.14191419	-0.02421023
-699.10891089	-0.03247214
-699.07590759	-0.03792844
-699.04290429	-0.04080645
-699.00990099	-0.04170054
-698.97689769	-0.04112912
-698.94389439	-0.03985918
-698.91089109	-0.03790410
-698.87788779	-0.03550196
-698.84488449	-0.03243260
-698.81188119	-0.02857521
-698.77887789	-0.02389204
-698.74587459	-0.01897834
-698.71287129	-0.01428901
-698.67986799	-0.01068386
-698.64686469	-0.00809116
-698.61386139	-0.00645718
-698.58085809	-0.00458315
-698.54785479	-0.00094322
-698.51485149	0.00553745
-698.48184818	0.01592088
-698.44884488	0.02966819
-698.41584158	0.04521065
-698.38283828	0.06056574
-698.34983498	0.07360337
-698.31683168	0.08203617
-698.28382838	0.08458373
-698.25082508	0.08024772
-698.21782178	0.06890692
-698.18481848	0.05136662
-698.15181518	0.02884214
-698.11881188	0.00385861
-698.08580858	-0.02051744
-698.05280528	-0.04109876
-698.01980198	-0.05453487
-697.98679868	-0.05887398
-697.95379538	-0.05336935
-697.92079208	-0.03922258
-697.88778878	-0.01849042
-697.85478548	0.00524915
-697.82178218	0.02849629
-697.78877888	0.04788132
-697.75577558	0.06030855
-697.72277228	0.06352927
-697.68976898	0.05680944
-697.65676568	0.04045670
-697.62376238	0.01683884
-697.59075908	-0.01085575
-697.55775578	-0.03834068
-697.52475248	-0.06190986
-697.49174917	-0.07838018
-697.45874587	-0.08675312
-697.42574257	-0.08665572
-697.39273927	-0.07943316
-697.35973597	-0.06736699
-697.32673267	-0.05257566
-697.29372937	-0.03737139
-697.26072607	-0.02352190
-697.22772277	-0.01206812
-697.19471947	-0.00350292
-697.16171617	0.00255790
-697.12871287	0.00687595
-697.09570957	0.01024168
-697.06270627	0.01371318
-697.02970297	0.01785946
-696.99669967	0.02302258
-696.96369637	0.02878262
-696.93069307	0.03451826
-696.89768977	0.03839723
-696.86468647	0.03959433
-696.83168317	0.03782348
-696.79867987	0.03390178
-696.76567657	0.02926275
-696.73267327	0.02597199
-696.69966997	0.02508987
-696.66666667	0.02751742
-696.63366337	0.03239671
-696.60066007	0.03836637
-696.56765677	0.04347977
-696.53465347	0.04604215
-696.50165017	0.04483319
-696.46864686	0.03917789
-696.43564356	0.02970423
-696.40264026	0.01702789
-696.36963696	0.00268140
-696.33663366	-0.01181724
-696.30363036	-0.02507186
-696.27062706	-0.03547419
-696.23762376	-0.04201260
-696.20462046	-0.04387005
-696.17161716	-0.04088494
-696.13861386	-0.03351382
-696.10561056	-0.02294655
-696.07260726	-0.01038545
-696.03960396	0.00255123
-696.00660066	0.01424891
-695.97359736	0.02367711
-695.94059406	0.02955709
-695.90759076	0.03207455
-695.87458746	0.03089693
-695.84158416	0.02677292
-695.80858086	0.01981116
-695.77557756	0.01085665
-695.74257426	0.00099831
-695.70957096	-0.00885970
-695.67656766	-0.01707645
-695.64356436	-0.02238945
-695.61056106	-0.02414723
-695.57755776	-0.02297946
-695.54455446	-0.02029496
-695.51155116	-0.01789364
-695.47854785	-0.01712488
-695.44554455	-0.01880759
-695.41254125	-0.02249720
-695.37953795	-0.02677221
-695.34653465	-0.03068009
-695.31353135	-0.03262643
-695.28052805	-0.03163604
-695.24752475	-0.02703936
-695.21452145	-0.01900331
-695.18151815	-0.00748169
-695.14851485	0.00723078
-695.11551155	0.02369410
-695.08250825	0.04078478
-695.04950495	0.05647280
-695.01650165	0.06841280
-694.98349835	0.07506294
-694.95049505	0.07518311
-694.91749175	0.06874453
-694.88448845	0.05704163
-694.85148515	0.04133553
-694.81848185	0.02389507
-694.78547855	0.00665246
-694.75247525	-0.00868071
-694.71947195	-0.02084071
-694.68646865	-0.02955579
-694.65346535	-0.03476771
-694.62046205	-0.03725979
-694.58745875	-0.03733297
-694.55445545	-0.03573526
-694.52145215	-0.03277758
-694.48844884	-0.02832093
-694.45544554	-0.02203415
-694.42244224	-0.01376487
-694.38943894	-0.00355516
-694.35643564	0.00810485
-694.32343234	0.02072625
-694.29042904	0.03319563
-694.25742574	0.04421579
-694.22442244	0.05258661
-694.19141914	0.05736386
-694.15841584	0.05720579
-694.12541254	0.05248558
-694.09240924	0.04371845
-694.05940594	0.03122983
-694.02640264	0.01695342
-693.99339934	0.00195873
-693.96039604	-0.01261171
-693.92739274	-0.02602322
-693.89438944	-0.03712623
-693.86138614	-0.04576521
-693.82838284	-0.05166463
-693.79537954	-0.05467489
-693.76237624	-0.05497603
-693.72937294	-0.05340539
-693.69636964	-0.05066050
-693.66336634	-0.04724559
-693.63036304	-0.04411528
-693.59735974	-0.04169828
-693.56435644	-0.03967329
-693.53135314	-0.03778451
-693.49834983	-0.03515632
-693.46534653	-0.03056402
-693.43234323	-0.02319125
-693.39933993	-0.01260950
-693.36633663	0.00038850
-693.33333333	0.01463756
-693.30033003	0.02761613
-693.26732673	0.03693823
-693.23432343	0.04117488
-693.20132013	0.03958654
-693.16831683	0.03306173
-693.13531353	0.02337466
-693.10231023	0.01253988
-693.06930693	0.00313165
-693.03630363	-0.00311497
-693.00330033	-0.00527583
-692.97029703	-0.00313172
-692.93729373	0.00274724
-692.90429043	0.01077458
-692.87128713	0.01927482
-692.83828383	0.02580530
-692.80528053	0.02920236
-692.77227723	0.02837642
-692.73927393	0.02318360
-692.70627063	0.01484008
-692.67326733	0.00430088
-692.64026403	-0.00637467
-692.60726073	-0.01559970
-692.57425743	-0.02182542
-692.54125413	-0.02401109
-692.50825083	-0.02177337
-692.47524752	-0.01629656
-692.44224422	-0.00965285
-692.40924092	-0.00390719
-692.37623762	-0.00087581
-692.34323432	-0.00148524
-692.31023102	-0.00529220
-692.27722772	-0.01064992
-692.24422442	-0.01644341
-692.21122112	-0.02164529
-692.17821782	-0.02519680
-692.14521452	-0.02711208
-692.11221122	-0.02815154
-692.07920792	-0.02861236
-692.04620462	-0.02882149
-692.01320132	-0.02927805
-691.98019802	-0.03021959
-691.94719472	-0.03127208
-691.91419142	-0.03276572
-691.88118812	-0.03381010
-691.84818482	-0.03389529
-691.81518152	-0.03290722
-691.78217822	-0.03007519
-691.74917492	-0.02474942
-691.71617162	-0.01730667
-691.68316832	-0.00794481
-691.65016502	0.00352370
-691.61716172	0.01622740
-691.58415842	0.02882976
-691.55115512	0.04079018
-691.51815182	0.05068388
-691.48514851	0.05796436
-691.45214521	0.06211133
-691.41914191	0.06246641
-691.38613861	0.05951504
-691.35313531	0.05336830
-691.32013201	0.04412061
-691.28712871	0.03315797
-691.25412541	0.02178631
-691.22112211	0.01149825
-691.18811881	0.00380738
-691.15511551	-0.00048534
-691.12211221	-0.00197289
-691.08910891	-0.00100040
-691.05610561	0.00114743
-691.02310231	0.00338445
-690.99009901	0.00526781
-690.95709571	0.00629954
-690.92409241	0.00659025
-690.89108911	0.00599644
-690.85808581	0.00510107
-690.82508251	0.00459140
-690.79207921	0.00460688
-690.75907591	0.00608568
-690.72607261	0.00907004
-690.69306931	0.01299033
-690.66006601	0.01780624
-690.62706271	0.02225552
-690.59405941	0.02500952
-690.56105611	0.02486481
-690.52805281	0.02128796
-690.49504950	0.01331206
-690.46204620	0.00199535
-690.42904290	-0.01137643
-690.39603960	-0.02550165
-690.36303630	-0.03801881
-690.33003300	-0.04718363
-690.29702970	-0.05204280
-690.26402640	-0.05197126
-690.23102310	-0.04673895
-690.19801980	-0.03680684
-690.16501650	-0.02328516
-690.13201320	-0.00729667
-690.09900990	0.00896610
-690.06600660	0.02346290
-690.03300330	0.03361986
-690.00000000	0.03780670
-689.96699670	0.03513334
-689.93399340	0.02592861
-689.90099010	0.01216529
-689.86798680	-0.00430530
-689.83498350	-0.02056635
-689.80198020	-0.03424719
-689.76897690	-0.04316814
-689.73597360	-0.04633143
-689.70297030	-0.04323818
-689.66996700	-0.03514411
-689.63696370	-0.02340313
-689.60396040	-0.01028316
-689.57095710	0.00194962
-689.53795380	0.01119652
-689.50495050	0.01679322
-689.47194719	0.01820800
-689.43894389	0.01636227
-689.40594059	0.01212959
-689.37293729	0.00738919
-689.33993399	0.00288822
-689.30693069	-0.00038471
-689.27392739	-0.00183260
-689.24092409	-0.00194527
-689.20792079	-0.00053019
-689.17491749	0.00150321
-689.14191419	0.00428658
-689.10891089	0.00722426
-689.07590759	0.01012057
-689.04290429	0.01246857
-689.00990099	0.01368650
-688.97689769	0.01324918
-688.94389439	0.01136644
-688.91089109	0.00826930
-688.87788779	0.00479143
-688.84488449	0.00213938
-688.81188119	0.00094788
-688.77887789	0.00164107
-688.74587459	0.00396376
-688.71287129	0.00685313
-688.67986799	0.00928674
-688.64686469	0.01019489
-688.61386139	0.00869605
-688.58085809	0.00449957
-688.54785479	-0.00184055
-688.51485149	-0.00939283
-688.48184818	-0.01719827
-688.44884488	-0.02436919
-688.41584158	-0.02955048
-688.38283828	-0.03290758
-688.34983498	-0.03412650
-688.31683168	-0.03375757
-688.28382838	-0.03228120
-688.25082508	-0.03041074
-688.21782178	-0.02879468
-688.18481848	-0.02801816
-688.15181518	-0.02812065
-688.11881188	-0.02799001
-688.08580858	-0.02774093
-688.05280528	-0.02565623
-688.01980198	-0.02142524
-687.98679868	-0.01526406
-687.95379538	-0.00684849
-687.92079208	0.00284139
-687.88778878	0.01301686
-687.85478548	0.02291874
-687.82178218	0.03183932
-687.78877888	0.03888723
-687.75577558	0.04382062
-687.72277228	0.04612182
-687.68976898	0.04576259
-687.65676568	0.04301848
-687.62376238	0.03816605
-687.59075908	0.03181386
-687.55775578	0.02464360
-687.52475248	0.01730249
-687.49174917	0.00997045
-687.45874587	0.00353944
-687.42574257	-0.00187359
-687.39273927	-0.00582036
-687.35973597	-0.00809041
-687.32673267	-0.00856514
-687.29372937	-0.00790755
-687.26072607	-0.00617767
-687.22772277	-0.00393312
-687.19471947	-0.00108080
-687.16171617	0.00204594
-687.12871287	0.00569620
-687.09570957	0.00928593
-687.06270627	0.01231471
-687.02970297	0.01384978
-686.99669967	0.01326508
-686.96369637	0.01007264
-686.93069307	0.00434305
-686.89768977	-0.00347342
-686.86468647	-0.01250066
-686.83168317	-0.02183686
-686.79867987	-0.03015012
-686.76567657	-0.03696704
-686.73267327	-0.04195467
-686.69966997	-0.04470344
-686.66666667	-0.04512654
-686.63366337	-0.04277591
-686.60066007	-0.03786412
-686.56765677	-0.03043243
-686.53465347	-0.02148832
-686.50165017	-0.01210272
-686.46864686	-0.00355188
-686.43564356	0.00255245
-686.40264026	0.00583645
-686.36963696	0.00596891
-686.33663366	0.00314542
-686.30363036	-0.00179749
-686.27062706	-0.00808295
-686.23762376	-0.01481054
-686.20462046	-0.02052705
-686.17161716	-0.02401506
-686.13861386	-0.02423028
-686.10561056	-0.02047463
-686.07260726	-0.01289913
-686.03960396	-0.00238313
-686.00660066	0.00986904
-685.97359736	0.02232958
-685.94059406	0.03350757
-685.90759076	0.04237244
-685.87458746	0.04801855
-685.84158416	0.05017393
-685.80858086	0.04917233
-685.77557756	0.04535654
-685.74257426	0.03901995
-685.70957096	0.03120457
-685.67656766	0.02240929
-685.64356436	0.01292960
-685.61056106	0.00352048
-685.57755776	-0.00487559
-685.54455446	-0.01189730
-685.51155116	-0.01592376
-685.47854785	-0.01646495
-685.44554455	-0.01330320
-685.41254125	-0.00682024
-685.37953795	0.00186034
-685.34653465	0.01120612
-685.31353135	0.02036422
-685.28052805	0.02809465
-685.24752475	0.03428719
-685.21452145	0.03887187
-685.18151815	0.04193421
-685.14851485	0.04415230
-685.11551155	0.04557916
-685.08250825	0.04601080
-685.04950495	0.04576981
-685.01650165	0.04448652
-684.98349835	0.04239609
-684.95049505	0.03941344
-684.91749175	0.03587720
-684.88448845	0.03201795
-684.85148515	0.02781669
-684.81848185	0.02386833
-684.78547855	0.02008487
-684.75247525	0.01679424
-684.71947195	0.01431787
-684.68646865	0.01268353
-684.65346535	0.01148945
-684.62046205	0.01047461
-684.58745875	0.00934489
-684.55445545	0.00781023
-684.52145215	0.00607969
-684.48844884	0.00435990
-684.45544554	0.00282114
-684.42244224	0.00175601
-684.38943894	0.00098380
-684.35643564	0.00061106
-684.32343234	0.00027119
-684.29042904	0.00005370
-684.25742574	0.00020997
-684.22442244	0.00041700
-684.19141914	0.00091336
-684.15841584	0.00159275
-684.12541254	0.00208785
-684.09240924	0.00213412
-684.05940594	0.00176598
-684.02640264	0.00099576
-683.99339934	-0.00027676
-683.96039604	-0.00175660
-683.92739274	-0.00297673
-683.89438944	-0.00385434
-683.86138614	-0.00365936
-683.82838284	-0.00198422
-683.79537954	0.00126328
-683.76237624	0.00547147
-683.72937294	0.00984448
-683.69636964	0.01272087
-683.66336634	0.01280380
-683.63036304	0.00954074
-683.59735974	0.00284621
-683.56435644	-0.00609496
-683.53135314	-0.01597838
-683.49834983	-0.02570423
-683.46534653	-0.03381772
-683.43234323	-0.03961346
-683.39933993	-0.04262806
-683.36633663	-0.04279278
-683.33333333	-0.04027331
-683.30033003	-0.03605774
-683.26732673	-0.03080488
-683.23432343	-0.02585298
-683.20132013	-0.02248545
-683.16831683	-0.02160637
-683.13531353	-0.02396242
-683.10231023	-0.02901464
-683.06930693	-0.03591448
-683.03630363	-0.04318043
-683.00330033	-0.04883320
-682.97029703	-0.05127609
-682.93729373	-0.05007947
-682.90429043	-0.04495313
-682.87128713	-0.03677989
-682.83828383	-0.02685385
-682.80528053	-0.01664898
-682.77227723	-0.00793011
-682.73927393	-0.00246202
-682.70627063	-0.00174429
-682.67326733	-0.00617090
-682.64026403	-0.01556182
-682.60726073	-0.02797950
-682.57425743	-0.04158564
-682.54125413	-0.05348259
-682.50825083	-0.06161267
-682.47524752	-0.06461774
-682.44224422	-0.06148283
-682.40924092	-0.05301607
-682.37623762	-0.03976523
-682.34323432	-0.02389252
-682.31023102	-0.00644573
-682.27722772	0.01013843
-682.24422442	0.02474620
-682.21122112	0.03590607
-682.17821782	0.04329705
-682.14521452	0.04689902
-682.11221122	0.04714202
-682.07920792	0.04432409
-682.04620462	0.03907998
-682.01320132	0.03127469
-681.98019802	0.02107117
-681.94719472	0.00916618
-681.91419142	-0.00375909
-681.88118812	-0.01621035
-681.84818482	-0.02685567
-681.81518152	-0.03473354
-681.78217822	-0.03924042
-681.74917492	-0.04058237
-681.71617162	-0.03906588
-681.68316832	-0.03506831
-681.65016502	-0.02980126
-681.61716172	-0.02358064
-681.58415842	-0.01749167
-681.55115512	-0.01232705
-681.51815182	-0.00846076
-681.48514851	-0.00612764
-681.45214521	-0.00561643
-681.41914191	-0.00615875
-681.38613861	-0.00769305
-681.35313531	-0.00980635
-681.32013201	-0.01202996
-681.28712871	-0.01386313
-681.25412541	-0.01492031
-681.22112211	-0.01426200
-681.18811881	-0.01165143
-681.15511551	-0.00655079
-681.12211221	0.00053494
-681.08910891	0.00889791
-681.05610561	0.01688775
-681.02310231	0.02330909
-680.99009901	0.02671737
-680.95709571	0.02649072
-680.92409241	0.02260441
-680.89108911	0.01619176
-680.85808581	0.00827022
-680.82508251	0.00057052
-680.79207921	-0.00525021
-680.75907591	-0.00817462
-680.72607261	-0.00791300
-680.69306931	-0.00444820
-680.66006601	0.00098447
-680.62706271	0.00753015
-680.59405941	0.01350675
-680.56105611	0.01853008
-680.52805281	0.02195748
-680.49504950	0.02447799
-680.46204620	0.02626169
-680.42904290	0.02782456
-680.39603960	0.02979383
-680.36303630	0.03155386
-680.33003300	0.03278305
-680.29702970	0.03288543
-680.26402640	0.03156692
-680.23102310	0.02865643
-680.19801980	0.02468810
-680.16501650	0.01989861
-680.13201320	0.01459994
-680.09900990	0.00912792
-680.06600660	0.00318776
-680.03300330	-0.00283125
-680.00000000	-0.00868506
-679.96699670	-0.01407928
-679.93399340	-0.01821297
-679.90099010	-0.02053781
-679.86798680	-0.02086409
-679.83498350	-0.01918135
-679.80198020	-0.01504592
-679.76897690	-0.00926415
-679.73597360	-0.00190973
-679.70297030	0.00636468
-679.66996700	0.01443657
-679.63696370	0.02217920
-679.60396040	0.02853937
-679.57095710	0.03370946
-679.53795380	0.03748980
-679.50495050	0.04014042
-679.47194719	0.04177988
-679.43894389	0.04196709
-679.40594059	0.04030925
-679.37293729	0.03645104
-679.33993399	0.03012059
-679.30693069	0.02161428
-679.27392739	0.01214610
-679.24092409	0.00277818
-679.20792079	-0.00569908
-679.17491749	-0.01257758
-679.14191419	-0.01778536
-679.10891089	-0.02161432
-679.07590759	-0.02380771
-679.04290429	-0.02488859
-679.00990099	-0.02380858
-678.97689769	-0.02097750
-678.94389439	-0.01592759
-678.91089109	-0.00868156
-678.87788779	0.00018775
-678.84488449	0.01037171
-678.81188119	0.02096304
-678.77887789	0.03168111
-678.74587459	0.04139002
-678.71287129	0.04979181
-678.67986799	0.05598967
-678.64686469	0.05973297
-678.61386139	0.06041666
-678.58085809	0.05813442
-678.54785479	0.05326802
-678.51485149	0.04648975
-678.48184818	0.03807369
-678.44884488	0.02856243
-678.41584158	0.01829360
-678.38283828	0.00720269
-678.34983498	-0.00399288
-678.31683168	-0.01525650
-678.28382838	-0.02511638
-678.25082508	-0.03304152
-678.21782178	-0.03802494
-678.18481848	-0.04004960
-678.15181518	-0.03882228
-678.11881188	-0.03543581
-678.08580858	-0.02963513
-678.05280528	-0.02268359
-678.01980198	-0.01494498
-677.98679868	-0.00684318
-677.95379538	0.00093994
-677.92079208	0.00774722
-677.88778878	0.01335554
-677.85478548	0.01661240
-677.82178218	0.01780357
-677.78877888	0.01585584
-677.75577558	0.01159479
-677.72277228	0.00504332
-677.68976898	-0.00283850
-677.65676568	-0.01177772
-677.62376238	-0.02042109
-677.59075908	-0.02844894
-677.55775578	-0.03479977
-677.52475248	-0.03956758
-677.49174917	-0.04223403
-677.45874587	-0.04313973
-677.42574257	-0.04224085
-677.39273927	-0.03934163
-677.35973597	-0.03482225
-677.32673267	-0.02889152
-677.29372937	-0.02202742
-677.26072607	-0.01472140
-677.22772277	-0.00783510
-677.19471947	-0.00144221
-677.16171617	0.00462777
-677.12871287	0.01041628
-677.09570957	0.01613435
-677.06270627	0.02208429
-677.02970297	0.02793973
-676.99669967	0.03326621
-676.96369637	0.03827513
-676.93069307	0.04218674
-676.89768977	0.04483542
-676.86468647	0.04602838
-676.83168317	0.04503330
-676.79867987	0.04217840
-676.76567657	0.03746622
-676.73267327	0.03156787
-676.69966997	0.02498818
-676.66666667	0.01843993
-676.63366337	0.01205455
-676.60066007	0.00614625
-676.56765677	0.00064152
-676.53465347	-0.00492564
-676.50165017	-0.01002814
-676.46864686	-0.01469739
-676.43564356	-0.01881258
-676.40264026	-0.02157283
-676.36963696	-0.02338505
-676.33663366	-0.02418822
-676.30363036	-0.02403205
-676.27062706	-0.02342818
-676.23762376	-0.02199316
-676.20462046	-0.01980796
-676.17161716	-0.01673122
-676.13861386	-0.01267743
-676.10561056	-0.00811647
-676.07260726	-0.00317759
-676.03960396	0.00130625
-676.00660066	0.00502456
-675.97359736	0.00740539
-675.94059406	0.00845440
-675.90759076	0.00831619
-675.87458746	0.00727298
-675.84158416	0.00592600
-675.80858086	0.00467306
-675.77557756	0.00380140
-675.74257426	0.00351089
-675.70957096	0.00334636
-675.67656766	0.00335605
-675.64356436	0.00314269
-675.61056106	0.00233402
-675.57755776	0.00124446
-675.54455446	-0.00047739
-675.51155116	-0.00226213
-675.47854785	-0.00395733
-675.44554455	-0.00453550
-675.41254125	-0.00391232
-675.37953795	-0.00173407
-675.34653465	0.00182744
-675.31353135	0.00672490
-675.28052805	0.01198437
-675.24752475	0.01736683
-675.21452145	0.02236835
-675.18151815	0.02662803
-675.14851485	0.02961908
-675.11551155	0.03090246
-675.08250825	0.03001772
-675.04950495	0.02688532
-675.01650165	0.02133467
-674.98349835	0.01448257
-674.95049505	0.00708997
-674.91749175	0.00007211
-674.88448845	-0.00580825
-674.85148515	-0.01035671
-674.81848185	-0.01360860
-674.78547855	-0.01540319
-674.75247525	-0.01598519
-674.71947195	-0.01532601
-674.68646865	-0.01373434
-674.65346535	-0.01153817
-674.62046205	-0.00916860
-674.58745875	-0.00714562
-674.55445545	-0.00588546
-674.52145215	-0.00482855
-674.48844884	-0.00418075
-674.45544554	-0.00302855
-674.42244224	-0.00177274
-674.38943894	-0.00019350
-674.35643564	0.00096648
-674.32343234	0.00123852
-674.29042904	0.00024279
-674.25742574	-0.00225980
-674.22442244	-0.00605344
-674.19141914	-0.01049947
-674.15841584	-0.01525878
-674.12541254	-0.01929550
-674.09240924	-0.02229902
-674.05940594	-0.02348242
-674.02640264	-0.02274938
-673.99339934	-0.01970584
-673.96039604	-0.01447225
-673.92739274	-0.00762863
-673.89438944	0.00013026
-673.86138614	0.00767166
-673.82838284	0.01422168
-673.79537954	0.01852261
-673.76237624	0.02028502
-673.72937294	0.01900319
-673.69636964	0.01530017
-673.66336634	0.00977238
-673.63036304	0.00361177
-673.59735974	-0.00172643
-673.56435644	-0.00581595
-673.53135314	-0.00793056
-673.49834983	-0.00832233
-673.46534653	-0.00755222
-673.43234323	-0.00603788
-673.39933993	-0.00439837
-673.36633663	-0.00267459
-673.33333333	-0.00141546
-673.30033003	-0.00040980
-673.26732673	-0.00002929
-673.23432343	-0.00001034
-673.20132013	-0.00057739
-673.16831683	-0.00088903
-673.13531353	-0.00131450
-673.10231023	-0.00135491
-673.06930693	-0.00100820
-673.03630363	-0.00061592
-673.00330033	-0.00026709
-672.97029703	0.00026382
-672.93729373	0.00038006
-672.90429043	0.00004074
-672.87128713	-0.00102833
-672.83828383	-0.00301976
-672.80528053	-0.00634741
-672.77227723	-0.01065222
-672.73927393	-0.01547193
-672.70627063	-0.02040205
-672.67326733	-0.02493691
-672.64026403	-0.02878784
-672.60726073	-0.03164001
-672.57425743	-0.03374017
-672.54125413	-0.03514571
-672.50825083	-0.03547785
-672.47524752	-0.03468733
-672.44224422	-0.03254855
-672.40924092	-0.02915512
-672.37623762	-0.02455372
-672.34323432	-0.01956418
-672.31023102	-0.01413400
-672.27722772	-0.00888158
-672.24422442	-0.00405788
-672.21122112	0.00040953
-672.17821782	0.00390701
-672.14521452	0.00661161
-672.11221122	0.00808427
-672.07920792	0.00863170
-672.04620462	0.00823624
-672.01320132	0.00715859
-671.98019802	0.00551174
-671.94719472	0.00326451
-671.91419142	0.00087238
-671.88118812	-0.00153089
-671.84818482	-0.00396610
-671.81518152	-0.00613929
-671.78217822	-0.00819680
-671.74917492	-0.01018906
-671.71617162	-0.01161542
-671.68316832	-0.01243052
-671.65016502	-0.01201761
-671.61716172	-0.01046293
-671.58415842	-0.00723406
-671.55115512	-0.00345314
-671.51815182	0.00066787
-671.48514851	0.00425865
-671.45214521	0.00724186
-671.41914191	0.00947855
-671.38613861	0.01085392
-671.35313531	0.01152180
-671.32013201	0.01148361
-671.28712871	0.01024952
-671.25412541	0.00757159
-671.22112211	0.00338479
-671.18811881	-0.00200559
-671.15511551	-0.00811119
-671.12211221	-0.01424198
-671.08910891	-0.01928049
-671.05610561	-0.02287247
-671.02310231	-0.02478071
-670.99009901	-0.02477177
-670.95709571	-0.02328073
-670.92409241	-0.02089006
-670.89108911	-0.01837876
-670.85808581	-0.01596833
-670.82508251	-0.01463805
-670.79207921	-0.01394016
-670.75907591	-0.01406301
-670.72607261	-0.01452511
-670.69306931	-0.01487079
-670.66006601	-0.01453896
-670.62706271	-0.01346416
-670.59405941	-0.01139802
-670.56105611	-0.00802142
-670.52805281	-0.00362624
-670.49504950	0.00175148
-670.46204620	0.00768372
-670.42904290	0.01389291
-670.39603960	0.01997748
-670.36303630	0.02586735
-670.33003300	0.03098465
-670.29702970	0.03541576
-670.26402640	0.03877295
-670.23102310	0.04064501
-670.19801980	0.04067109
-670.16501650	0.03849122
-670.13201320	0.03442952
-670.09900990	0.02841478
-670.06600660	0.02121039
-670.03300330	0.01347670
-670.00000000	0.00604710
-669.96699670	-0.00064059
-669.93399340	-0.00537293
-669.90099010	-0.00887059
-669.86798680	-0.01028586
-669.83498350	-0.01045521
-669.80198020	-0.00947614
-669.76897690	-0.00759851
-669.73597360	-0.00517737
-669.70297030	-0.00222856
-669.66996700	0.00077070
-669.63696370	0.00414319
-669.60396040	0.00758636
-669.57095710	0.01073685
-669.53795380	0.01330949
-669.50495050	0.01487993
-669.47194719	0.01532074
-669.43894389	0.01464188
-669.40594059	0.01297638
-669.37293729	0.01066821
-669.33993399	0.00808200
-669.30693069	0.00546457
-669.27392739	0.00321549
-669.24092409	0.00110945
-669.20792079	-0.00087952
-669.17491749	-0.00235828
-669.14191419	-0.00322163
-669.10891089	-0.00332717
-669.07590759	-0.00260642
-669.04290429	-0.00078723
-669.00990099	0.00200003
-668.97689769	0.00569712
-668.94389439	0.00999138
-668.91089109	0.01429091
-668.87788779	0.01854702
-668.84488449	0.02127521
-668.81188119	0.02235928
-668.77887789	0.02143275
-668.74587459	0.01842599
-668.71287129	0.01399589
-668.67986799	0.00859795
-668.64686469	0.00326658
-668.61386139	-0.00217846
-668.58085809	-0.00721262
-668.54785479	-0.01171335
-668.51485149	-0.01590065
-668.48184818	-0.01919045
-668.44884488	-0.02132139
-668.41584158	-0.02226306
-668.38283828	-0.02194808
-668.34983498	-0.02060779
-668.31683168	-0.01894551
-668.28382838	-0.01750989
-668.25082508	-0.01688685
-668.21782178	-0.01701122
-668.18481848	-0.01776128
-668.15181518	-0.01868987
-668.11881188	-0.01883041
-668.08580858	-0.01791273
-668.05280528	-0.01512584
-668.01980198	-0.01010871
-667.98679868	-0.00347672
-667.95379538	0.00495346
-667.92079208	0.01413909
-667.88778878	0.02319851
-667.85478548	0.03144267
-667.82178218	0.03815729
-667.78877888	0.04258453
-667.75577558	0.04499374
-667.72277228	0.04532602
-667.68976898	0.04388137
-667.65676568	0.04099372
-667.62376238	0.03702515
-667.59075908	0.03195248
-667.55775578	0.02604972
-667.52475248	0.01930166
-667.49174917	0.01224938
-667.45874587	0.00531056
-667.42574257	-0.00096625
-667.39273927	-0.00541793
-667.35973597	-0.00787582
-667.32673267	-0.00816407
-667.29372937	-0.00645162
-667.26072607	-0.00352783
-667.22772277	-0.00040388
-667.19471947	0.00238657
-667.16171617	0.00429749
-667.12871287	0.00479665
-667.09570957	0.00405467
-667.06270627	0.00164739
-667.02970297	-0.00187127
-666.99669967	-0.00671032
-666.96369637	-0.01223170
-666.93069307	-0.01808591
-666.89768977	-0.02349936
-666.86468647	-0.02761605
-666.83168317	-0.03005352
-666.79867987	-0.03005538
-666.76567657	-0.02774360
-666.73267327	-0.02325704
-666.69966997	-0.01691868
-666.66666667	-0.00961859
-666.63366337	-0.00197197
-666.60066007	0.00497779
-666.56765677	0.01037265
-666.53465347	0.01386081
-666.50165017	0.01469379
-666.46864686	0.01307335
-666.43564356	0.00964467
-666.40264026	0.00456307
-666.36963696	-0.00122630
-666.33663366	-0.00648267
-666.30363036	-0.01024968
-666.27062706	-0.01184536
-666.23762376	-0.01077860
-666.20462046	-0.00677516
-666.17161716	-0.00024821
-666.13861386	0.00844894
-666.10561056	0.01794885
-666.07260726	0.02726416
-666.03960396	0.03521860
-666.00660066	0.04079789
-665.97359736	0.04317740
-665.94059406	0.04228149
-665.90759076	0.03798284
-665.87458746	0.03083398
-665.84158416	0.02153010
-665.80858086	0.01115029
-665.77557756	0.00081916
-665.74257426	-0.00891611
-665.70957096	-0.01682462
-665.67656766	-0.02286945
-665.64356436	-0.02659348
-665.61056106	-0.02797847
-665.57755776	-0.02745399
-665.54455446	-0.02547115
-665.51155116	-0.02273159
-665.47854785	-0.01986822
-665.44554455	-0.01741462
-665.41254125	-0.01589674
-665.37953795	-0.01500529
-665.34653465	-0.01470585
-665.31353135	-0.01488879
-665.28052805	-0.01522127
-665.24752475	-0.01564695
-665.21452145	-0.01597004
-665.18151815	-0.01599871
-665.14851485	-0.01498379
-665.11551155	-0.01277525
-665.08250825	-0.00925157
-665.04950495	-0.00442636
-665.01650165	0.00108875
-664.98349835	0.00648691
-664.95049505	0.01097205
-664.91749175	0.01430037
-664.88448845	0.01548843
-664.85148515	0.01486241
-664.81848185	0.01259483
-664.78547855	0.00903627
-664.75247525	0.00522780
-664.71947195	0.00158529
-664.68646865	-0.00098730
-664.65346535	-0.00214999
-664.62046205	-0.00183516
-664.58745875	-0.00055633
-664.55445545	0.00124922
-664.52145215	0.00288867
-664.48844884	0.00379465
-664.45544554	0.00385025
-664.42244224	0.00293257
-664.38943894	0.00127328
-664.35643564	-0.00041093
-664.32343234	-0.00197486
-664.29042904	-0.00281183
-664.25742574	-0.00268756
-664.22442244	-0.00130971
-664.19141914	0.00102641
-664.15841584	0.00378004
-664.12541254	0.00647218
-664.09240924	0.00905806
-664.05940594	0.01103168
-664.02640264	0.01239395
-663.99339934	0.01320506
-663.96039604	0.01354350
-663.92739274	0.01313866
-663.89438944	0.01201972
-663.86138614	0.01024292
-663.82838284	0.00743446
-663.79537954	0.00395293
-663.76237624	0.00012820
-663.72937294	-0.00375784
-663.69636964	-0.00733772
-663.66336634	-0.01017340
-663.63036304	-0.01234026
-663.59735974	-0.01387739
-663.56435644	-0.01497928
-663.53135314	-0.01559452
-663.49834983	-0.01573713
-663.46534653	-0.01547768
-663.43234323	-0.01456707
-663.39933993	-0.01311171
-663.36633663	-0.01126401
-663.33333333	-0.00910814
-663.30033003	-0.00689227
-663.26732673	-0.00463503
-663.23432343	-0.00242721
-663.20132013	-0.00049068
-663.16831683	0.00106764
-663.13531353	0.00198766
-663.10231023	0.00218009
-663.06930693	0.00136383
-663.03630363	-0.00062331
-663.00330033	-0.00351820
-662.97029703	-0.00716360
-662.93729373	-0.01082361
-662.90429043	-0.01466320
-662.87128713	-0.01803188
-662.83828383	-0.02078241
-662.80528053	-0.02265426
-662.77227723	-0.02348717
-662.73927393	-0.02314228
-662.70627063	-0.02129780
-662.67326733	-0.01799140
-662.64026403	-0.01342436
-662.60726073	-0.00788130
-662.57425743	-0.00168899
-662.54125413	0.00469195
-662.50825083	0.01100136
-662.47524752	0.01683371
-662.44224422	0.02225309
-662.40924092	0.02706012
-662.37623762	0.03104256
-662.34323432	0.03426084
-662.31023102	0.03616030
-662.27722772	0.03620989
-662.24422442	0.03426131
-662.21122112	0.03024776
-662.17821782	0.02476328
-662.14521452	0.01801906
-662.11221122	0.01085467
-662.07920792	0.00377929
-662.04620462	-0.00314878
-662.01320132	-0.00937690
-661.98019802	-0.01502138
-661.94719472	-0.02009887
-661.91419142	-0.02444945
-661.88118812	-0.02814018
-661.84818482	-0.03076705
-661.81518152	-0.03214871
-661.78217822	-0.03215338
-661.74917492	-0.03070867
-661.71617162	-0.02797234
-661.68316832	-0.02427979
-661.65016502	-0.01979188
-661.61716172	-0.01519351
-661.58415842	-0.01060728
-661.55115512	-0.00658534
-661.51815182	-0.00324893
-661.48514851	-0.00112326
-661.45214521	-0.00004295
-661.41914191	-0.00001990
-661.38613861	-0.00045148
-661.35313531	-0.00113673
-661.32013201	-0.00160358
-661.28712871	-0.00192883
-661.25412541	-0.00211718
-661.22112211	-0.00214102
-661.18811881	-0.00217544
-661.15511551	-0.00233261
-661.12211221	-0.00222438
-661.08910891	-0.00189243
-661.05610561	-0.00110087
-661.02310231	0.00009941
-660.99009901	0.00183121
-660.95709571	0.00393092
-660.92409241	0.00659679
-660.89108911	0.00980343
-660.85808581	0.01347951
-660.82508251	0.01716952
-660.79207921	0.02081221
-660.75907591	0.02371315
-660.72607261	0.02574228
-660.69306931	0.02663478
-660.66006601	0.02653522
-660.62706271	0.02540009
-660.59405941	0.02357313
-660.56105611	0.02132418
-660.52805281	0.01879549
-660.49504950	0.01610215
-660.46204620	0.01333561
-660.42904290	0.01080473
-660.39603960	0.00857097
-660.36303630	0.00626262
-660.33003300	0.00362740
-660.29702970	0.00077576
-660.26402640	-0.00255156
-660.23102310	-0.00647311
-660.19801980	-0.01054182
-660.16501650	-0.01456966
-660.13201320	-0.01837795
-660.09900990	-0.02145292
-660.06600660	-0.02376557
-660.03300330	-0.02500136
-660.00000000	-0.02527545
