# Menlo Systems GmbH ScanControl
# Program Version 1.14.3
# Start: -740.00000000 ps, Average over 1000 waveforms. Timestamp: 2026-02-03T15:17:44
# User time axis shift: 0 ps
# Time axis offset: 0 ps
# Time [ps]	THz Signal [a.u.]
-740.00000000	-0.00017372
-739.96699670	-0.00016381
-739.93399340	-0.00019640
-739.90099010	-0.00016309
-739.86798680	-0.00019828
-739.83498350	-0.00008377
-739.80198020	-0.00002925
-739.76897690	-0.00008641
-739.73597360	-0.00009375
-739.70297030	-0.00002214
-739.66996700	-0.00003093
-739.63696370	0.00002239
-739.60396040	-0.00000446
-739.57095710	0.00001252
-739.53795380	0.00009526
-739.50495050	0.00002455
-739.47194719	0.00001112
-739.43894389	-0.00003032
-739.40594059	0.00005924
-739.37293729	-0.00000101
-739.33993399	0.00005265
-739.30693069	0.00011056
-739.27392739	0.00009461
-739.24092409	0.00008407
-739.20792079	0.00014066
-739.17491749	0.00016803
-739.14191419	0.00015505
-739.10891089	0.00006092
-739.07590759	0.00006322
-739.04290429	0.00012250
-739.00990099	0.00005656
-738.97689769	0.00018142
-738.94389439	0.00003008
-738.91089109	0.00008882
-738.87788779	0.00010125
-738.84488449	0.00013257
-738.81188119	0.00010115
-738.77887789	0.00004254
-738.74587459	0.00008104
-738.71287129	0.00005049
-738.67986799	0.00008270
-738.64686469	0.00006623
-738.61386139	0.00006952
-738.58085809	-0.00004958
-738.54785479	0.00011424
-738.51485149	0.00004337
-738.48184818	0.00008120
-738.44884488	0.00010082
-738.41584158	0.00019824
-738.38283828	0.00010055
-738.34983498	0.00004264
-738.31683168	0.00006488
-738.28382838	0.00007495
-738.25082508	0.00009635
-738.21782178	0.00007248
-738.18481848	0.00006455
-738.15181518	0.00013004
-738.11881188	0.00007733
-738.08580858	0.00008090
-738.05280528	0.00006591
-738.01980198	0.00010301
-737.98679868	0.00006181
-737.95379538	0.00013101
-737.92079208	0.00019494
-737.88778878	0.00021267
-737.85478548	0.00018868
-737.82178218	0.00018167
-737.78877888	0.00011506
-737.75577558	0.00011996
-737.72277228	0.00012449
-737.68976898	0.00014541
-737.65676568	0.00021340
-737.62376238	0.00018631
-737.59075908	0.00028953
-737.55775578	0.00028247
-737.52475248	0.00024761
-737.49174917	0.00032315
-737.45874587	0.00033623
-737.42574257	0.00031355
-737.39273927	0.00036767
-737.35973597	0.00033167
-737.32673267	0.00048738
-737.29372937	0.00051892
-737.26072607	0.00047952
-737.22772277	0.00060215
-737.19471947	0.00061131
-737.16171617	0.00065062
-737.12871287	0.00068176
-737.09570957	0.00064382
-737.06270627	0.00071912
-737.02970297	0.00074353
-736.99669967	0.00082395
-736.96369637	0.00087454
-736.93069307	0.00085604
-736.89768977	0.00088413
-736.86468647	0.00091654
-736.83168317	0.00091366
-736.79867987	0.00084670
-736.76567657	0.00076026
-736.73267327	0.00075672
-736.69966997	0.00068577
-736.66666667	0.00072813
-736.63366337	0.00060566
-736.60066007	0.00045939
-736.56765677	0.00030592
-736.53465347	0.00016364
-736.50165017	0.00002754
-736.46864686	-0.00013700
-736.43564356	-0.00033413
-736.40264026	-0.00063025
-736.36963696	-0.00083056
-736.33663366	-0.00108527
-736.30363036	-0.00126624
-736.27062706	-0.00146182
-736.23762376	-0.00171738
-736.20462046	-0.00179809
-736.17161716	-0.00210031
-736.13861386	-0.00219880
-736.10561056	-0.00228664
-736.07260726	-0.00242881
-736.03960396	-0.00248233
-736.00660066	-0.00260451
-735.97359736	-0.00260765
-735.94059406	-0.00267413
-735.90759076	-0.00269838
-735.87458746	-0.00268373
-735.84158416	-0.00268420
-735.80858086	-0.00252147
-735.77557756	-0.00218194
-735.74257426	-0.00193245
-735.70957096	-0.00160287
-735.67656766	-0.00113715
-735.64356436	-0.00064474
-735.61056106	-0.00016234
-735.57755776	0.00031710
-735.54455446	0.00085146
-735.51155116	0.00126964
-735.47854785	0.00175048
-735.44554455	0.00200507
-735.41254125	0.00222811
-735.37953795	0.00235356
-735.34653465	0.00239271
-735.31353135	0.00241223
-735.28052805	0.00226825
-735.24752475	0.00214845
-735.21452145	0.00197138
-735.18151815	0.00179939
-735.14851485	0.00147461
-735.11551155	0.00135577
-735.08250825	0.00118412
-735.04950495	0.00101661
-735.01650165	0.00077895
-734.98349835	0.00070609
-734.95049505	0.00057689
-734.91749175	0.00044622
-734.88448845	0.00038362
-734.85148515	0.00024469
-734.81848185	0.00031312
-734.78547855	0.00020408
-734.75247525	0.00016984
-734.71947195	0.00013489
-734.68646865	0.00017935
-734.65346535	0.00016548
-734.62046205	0.00008172
-734.58745875	0.00008652
-734.55445545	0.00011129
-734.52145215	0.00003662
-734.48844884	0.00004582
-734.45544554	0.00002309
-734.42244224	-0.00001658
-734.38943894	-0.00011028
-734.35643564	-0.00001701
-734.32343234	-0.00002099
-734.29042904	-0.00003263
-734.25742574	-0.00000688
-734.22442244	0.00006832
-734.19141914	0.00006625
-734.15841584	0.00024067
-734.12541254	0.00022816
-734.09240924	0.00031081
-734.05940594	0.00038064
-734.02640264	0.00045311
-733.99339934	0.00047040
-733.96039604	0.00047667
-733.92739274	0.00046118
-733.89438944	0.00042051
-733.86138614	0.00032546
-733.82838284	0.00031162
-733.79537954	0.00020514
-733.76237624	0.00013682
-733.72937294	0.00000809
-733.69636964	0.00021339
-733.66336634	0.00004591
-733.63036304	0.00005770
-733.59735974	0.00021867
-733.56435644	0.00014001
-733.53135314	0.00028000
-733.49834983	0.00031724
-733.46534653	0.00037144
-733.43234323	0.00051928
-733.39933993	0.00047956
-733.36633663	0.00055162
-733.33333333	0.00065695
-733.30033003	0.00051985
-733.26732673	0.00056458
-733.23432343	0.00056007
-733.20132013	0.00040868
-733.16831683	0.00047891
-733.13531353	0.00043213
-733.10231023	0.00037091
-733.06930693	0.00030984
-733.03630363	0.00037326
-733.00330033	0.00027024
-732.97029703	0.00036082
-732.93729373	0.00035574
-732.90429043	0.00031366
-732.87128713	0.00029635
-732.83828383	0.00036933
-732.80528053	0.00051349
-732.77227723	0.00042820
-732.73927393	0.00057311
-732.70627063	0.00056346
-732.67326733	0.00069832
-732.64026403	0.00074607
-732.60726073	0.00077828
-732.57425743	0.00082353
-732.54125413	0.00087514
-732.50825083	0.00100462
-732.47524752	0.00112943
-732.44224422	0.00114870
-732.40924092	0.00124024
-732.37623762	0.00136196
-732.34323432	0.00147220
-732.31023102	0.00160585
-732.27722772	0.00172700
-732.24422442	0.00175730
-732.21122112	0.00190444
-732.17821782	0.00191836
-732.14521452	0.00218157
-732.11221122	0.00213581
-732.07920792	0.00208032
-732.04620462	0.00207155
-732.01320132	0.00188444
-731.98019802	0.00168657
-731.94719472	0.00135065
-731.91419142	0.00093872
-731.88118812	0.00036345
-731.84818482	-0.00036521
-731.81518152	-0.00113930
-731.78217822	-0.00205026
-731.74917492	-0.00313108
-731.71617162	-0.00403611
-731.68316832	-0.00494465
-731.65016502	-0.00573204
-731.61716172	-0.00622668
-731.58415842	-0.00656332
-731.55115512	-0.00644754
-731.51815182	-0.00615939
-731.48514851	-0.00555648
-731.45214521	-0.00481947
-731.41914191	-0.00382511
-731.38613861	-0.00291898
-731.35313531	-0.00174558
-731.32013201	-0.00088803
-731.28712871	-0.00000471
-731.25412541	0.00083735
-731.22112211	0.00134724
-731.18811881	0.00185721
-731.15511551	0.00218630
-731.12211221	0.00255862
-731.08910891	0.00245954
-731.05610561	0.00262000
-731.02310231	0.00266190
-730.99009901	0.00264263
-730.95709571	0.00251274
-730.92409241	0.00242352
-730.89108911	0.00224417
-730.85808581	0.00226030
-730.82508251	0.00203501
-730.79207921	0.00186519
-730.75907591	0.00154620
-730.72607261	0.00150774
-730.69306931	0.00133937
-730.66006601	0.00125122
-730.62706271	0.00115224
-730.59405941	0.00113270
-730.56105611	0.00098260
-730.52805281	0.00102433
-730.49504950	0.00094754
-730.46204620	0.00081712
-730.42904290	0.00078208
-730.39603960	0.00062603
-730.36303630	0.00049590
-730.33003300	0.00021930
-730.29702970	0.00002462
-730.26402640	-0.00005118
-730.23102310	-0.00033527
-730.19801980	-0.00054295
-730.16501650	-0.00061612
-730.13201320	-0.00066234
-730.09900990	-0.00058297
-730.06600660	-0.00054169
-730.03300330	-0.00030241
-730.00000000	0.00000168
-729.96699670	0.00023353
-729.93399340	0.00041605
-729.90099010	0.00080241
-729.86798680	0.00088753
-729.83498350	0.00101708
-729.80198020	0.00099925
-729.76897690	0.00104652
-729.73597360	0.00083877
-729.70297030	0.00069845
-729.66996700	0.00041930
-729.63696370	0.00012962
-729.60396040	-0.00018890
-729.57095710	-0.00046184
-729.53795380	-0.00048512
-729.50495050	-0.00062194
-729.47194719	-0.00060855
-729.43894389	-0.00048594
-729.40594059	-0.00036488
-729.37293729	-0.00020938
-729.33993399	0.00003568
-729.30693069	0.00011570
-729.27392739	0.00025133
-729.24092409	0.00018212
-729.20792079	0.00021919
-729.17491749	0.00001598
-729.14191419	-0.00010617
-729.10891089	-0.00043699
-729.07590759	-0.00077100
-729.04290429	-0.00105732
-729.00990099	-0.00136152
-728.97689769	-0.00174346
-728.94389439	-0.00207402
-728.91089109	-0.00229399
-728.87788779	-0.00254230
-728.84488449	-0.00282406
-728.81188119	-0.00304276
-728.77887789	-0.00310903
-728.74587459	-0.00347366
-728.71287129	-0.00367983
-728.67986799	-0.00411419
-728.64686469	-0.00471228
-728.61386139	-0.00533595
-728.58085809	-0.00628016
-728.54785479	-0.00722663
-728.51485149	-0.00827286
-728.48184818	-0.00944966
-728.44884488	-0.01022638
-728.41584158	-0.01106280
-728.38283828	-0.01131778
-728.34983498	-0.01108665
-728.31683168	-0.01049418
-728.28382838	-0.00912702
-728.25082508	-0.00744361
-728.21782178	-0.00547608
-728.18481848	-0.00323247
-728.15181518	-0.00107554
-728.11881188	0.00087083
-728.08580858	0.00235438
-728.05280528	0.00366490
-728.01980198	0.00438966
-727.98679868	0.00481284
-727.95379538	0.00497051
-727.92079208	0.00480217
-727.88778878	0.00467748
-727.85478548	0.00456508
-727.82178218	0.00450754
-727.78877888	0.00443449
-727.75577558	0.00468063
-727.72277228	0.00488661
-727.68976898	0.00518294
-727.65676568	0.00557856
-727.62376238	0.00568210
-727.59075908	0.00585491
-727.55775578	0.00561457
-727.52475248	0.00549869
-727.49174917	0.00487848
-727.45874587	0.00417120
-727.42574257	0.00332473
-727.39273927	0.00251781
-727.35973597	0.00140406
-727.32673267	0.00059624
-727.29372937	-0.00043108
-727.26072607	-0.00134956
-727.22772277	-0.00238732
-727.19471947	-0.00331797
-727.16171617	-0.00425335
-727.12871287	-0.00534388
-727.09570957	-0.00648672
-727.06270627	-0.00779136
-727.02970297	-0.00925895
-726.99669967	-0.01101866
-726.96369637	-0.01309882
-726.93069307	-0.01544233
-726.89768977	-0.01799516
-726.86468647	-0.02055837
-726.83168317	-0.02303985
-726.79867987	-0.02501498
-726.76567657	-0.02657286
-726.73267327	-0.02709214
-726.69966997	-0.02666841
-726.66666667	-0.02514131
-726.63366337	-0.02248490
-726.60066007	-0.01888583
-726.56765677	-0.01474238
-726.53465347	-0.01032879
-726.50165017	-0.00600643
-726.46864686	-0.00206044
-726.43564356	0.00101492
-726.40264026	0.00350343
-726.36963696	0.00489303
-726.33663366	0.00560395
-726.30363036	0.00587969
-726.27062706	0.00552676
-726.23762376	0.00505784
-726.20462046	0.00451991
-726.17161716	0.00388458
-726.13861386	0.00330296
-726.10561056	0.00297715
-726.07260726	0.00251272
-726.03960396	0.00238722
-726.00660066	0.00217128
-725.97359736	0.00209480
-725.94059406	0.00196982
-725.90759076	0.00185707
-725.87458746	0.00191862
-725.84158416	0.00210855
-725.80858086	0.00250952
-725.77557756	0.00326331
-725.74257426	0.00440376
-725.70957096	0.00584550
-725.67656766	0.00757453
-725.64356436	0.00962465
-725.61056106	0.01174057
-725.57755776	0.01405837
-725.54455446	0.01655510
-725.51155116	0.01897707
-725.47854785	0.02184513
-725.44554455	0.02478182
-725.41254125	0.02821991
-725.37953795	0.03217228
-725.34653465	0.03668573
-725.31353135	0.04186268
-725.28052805	0.04781596
-725.24752475	0.05443537
-725.21452145	0.06208531
-725.18151815	0.07032281
-725.14851485	0.07974166
-725.11551155	0.08957357
-725.08250825	0.10015419
-725.04950495	0.11098313
-725.01650165	0.12185740
-724.98349835	0.13271814
-724.95049505	0.14317080
-724.91749175	0.15321820
-724.88448845	0.16312080
-724.85148515	0.17263949
-724.81848185	0.18242080
-724.78547855	0.19234915
-724.75247525	0.20344370
-724.71947195	0.21553643
-724.68646865	0.22961101
-724.65346535	0.24618449
-724.62046205	0.26587903
-724.58745875	0.28892070
-724.55445545	0.31590475
-724.52145215	0.34674743
-724.48844884	0.38116950
-724.45544554	0.41870827
-724.42244224	0.45834407
-724.38943894	0.49876544
-724.35643564	0.53831653
-724.32343234	0.57552084
-724.29042904	0.60767553
-724.25742574	0.63268981
-724.22442244	0.64806458
-724.19141914	0.65132821
-724.15841584	0.64054493
-724.12541254	0.61408690
-724.09240924	0.57121995
-724.05940594	0.51235108
-724.02640264	0.43867723
-723.99339934	0.35269197
-723.96039604	0.25727568
-723.92739274	0.15610070
-723.89438944	0.05258836
-723.86138614	-0.05035974
-723.82838284	-0.15146444
-723.79537954	-0.25040731
-723.76237624	-0.34955151
-723.72937294	-0.45320495
-723.69636964	-0.56701916
-723.66336634	-0.69849362
-723.63036304	-0.85472432
-723.59735974	-1.04162136
-723.56435644	-1.26272006
-723.53135314	-1.51734274
-723.49834983	-1.79909181
-723.46534653	-2.09493814
-723.43234323	-2.38543152
-723.39933993	-2.64533426
-723.36633663	-2.84705504
-723.33333333	-2.96332648
-723.30033003	-2.97225029
-723.26732673	-2.85921410
-723.23432343	-2.62007413
-723.20132013	-2.26414880
-723.16831683	-1.81281789
-723.13531353	-1.29697479
-723.10231023	-0.75296328
-723.06930693	-0.21703083
-723.03630363	0.28003295
-723.00330033	0.71515767
-722.97029703	1.07557606
-722.93729373	1.35651639
-722.90429043	1.55957592
-722.87128713	1.68983378
-722.83828383	1.75589985
-722.80528053	1.76756420
-722.77227723	1.73584270
-722.73927393	1.67252026
-722.70627063	1.58866298
-722.67326733	1.49206431
-722.64026403	1.38723579
-722.60726073	1.27550825
-722.57425743	1.15685135
-722.54125413	1.03160073
-722.50825083	0.90262131
-722.47524752	0.77565256
-722.44224422	0.65689681
-722.40924092	0.55308874
-722.37623762	0.46784196
-722.34323432	0.40247459
-722.31023102	0.35461591
-722.27722772	0.32018660
-722.24422442	0.29325074
-722.21122112	0.26794683
-722.17821782	0.23914238
-722.14521452	0.20308102
-722.11221122	0.15812481
-722.07920792	0.10465932
-722.04620462	0.04460831
-722.01320132	-0.01998009
-721.98019802	-0.08510426
-721.94719472	-0.14719346
-721.91419142	-0.20049592
-721.88118812	-0.23884440
-721.84818482	-0.25589740
-721.81518152	-0.24604263
-721.78217822	-0.20656643
-721.74917492	-0.13847221
-721.71617162	-0.04701976
-721.68316832	0.05909956
-721.65016502	0.16800204
-721.61716172	0.26746220
-721.58415842	0.34643266
-721.55115512	0.39732558
-721.51815182	0.41578136
-721.48514851	0.40106002
-721.45214521	0.35411951
-721.41914191	0.27857289
-721.38613861	0.17959731
-721.35313531	0.06488206
-721.32013201	-0.05454123
-721.28712871	-0.16614393
-721.25412541	-0.25752529
-721.22112211	-0.31850977
-721.18811881	-0.34395195
-721.15511551	-0.33375423
-721.12211221	-0.29323329
-721.08910891	-0.23094960
-721.05610561	-0.15850832
-721.02310231	-0.08621991
-720.99009901	-0.02375433
-720.95709571	0.02358237
-720.92409241	0.05435941
-720.89108911	0.07021156
-720.85808581	0.07471724
-720.82508251	0.07104706
-720.79207921	0.06190739
-720.75907591	0.04858899
-720.72607261	0.03229253
-720.69306931	0.01397418
-720.66006601	-0.00427458
-720.62706271	-0.02092025
-720.59405941	-0.03423457
-720.56105611	-0.04390780
-720.52805281	-0.05085964
-720.49504950	-0.05562908
-720.46204620	-0.05926850
-720.42904290	-0.06094888
-720.39603960	-0.06021730
-720.36303630	-0.05756990
-720.33003300	-0.05452466
-720.29702970	-0.05385837
-720.26402640	-0.05825443
-720.23102310	-0.06863960
-720.19801980	-0.08392953
-720.16501650	-0.10161404
-720.13201320	-0.11744897
-720.09900990	-0.12755398
-720.06600660	-0.12789775
-720.03300330	-0.11567184
-720.00000000	-0.08960526
-719.96699670	-0.05088625
-719.93399340	-0.00150864
-719.90099010	0.05427718
-719.86798680	0.11316643
-719.83498350	0.17069924
-719.80198020	0.22365785
-719.76897690	0.26787245
-719.73597360	0.29989102
-719.70297030	0.31600074
-719.66996700	0.31233235
-719.63696370	0.28639925
-719.60396040	0.23666899
-719.57095710	0.16513456
-719.53795380	0.07772970
-719.50495050	-0.01664232
-719.47194719	-0.10681725
-719.43894389	-0.18304732
-719.40594059	-0.23758183
-719.37293729	-0.26691988
-719.33993399	-0.27011566
-719.30693069	-0.24852952
-719.27392739	-0.20545241
-719.24092409	-0.14568203
-719.20792079	-0.07643986
-719.17491749	-0.00663634
-719.14191419	0.05376164
-719.10891089	0.09697018
-719.07590759	0.11728533
-719.04290429	0.11429268
-719.00990099	0.09107144
-718.97689769	0.05295498
-718.94389439	0.00651737
-718.91089109	-0.04259556
-718.87788779	-0.08892772
-718.84488449	-0.12810620
-718.81188119	-0.15664987
-718.77887789	-0.17251214
-718.74587459	-0.17623828
-718.71287129	-0.16990663
-718.67986799	-0.15668583
-718.64686469	-0.13937971
-718.61386139	-0.11952572
-718.58085809	-0.09757329
-718.54785479	-0.07324530
-718.51485149	-0.04679508
-718.48184818	-0.01896248
-718.44884488	0.00913862
-718.41584158	0.03609946
-718.38283828	0.06078605
-718.34983498	0.08197876
-718.31683168	0.09800644
-718.28382838	0.10662764
-718.25082508	0.10624705
-718.21782178	0.09641473
-718.18481848	0.07918238
-718.15181518	0.05920416
-718.11881188	0.04280146
-718.08580858	0.03568291
-718.05280528	0.04082632
-718.01980198	0.05672546
-717.98679868	0.07765064
-717.95379538	0.09550938
-717.92079208	0.10298303
-717.88778878	0.09668593
-717.85478548	0.07663748
-717.82178218	0.04833749
-717.78877888	0.01675521
-717.75577558	-0.01275803
-717.72277228	-0.03726998
-717.68976898	-0.05570771
-717.65676568	-0.06735790
-717.62376238	-0.07310033
-717.59075908	-0.07428889
-717.55775578	-0.07337548
-717.52475248	-0.07321219
-717.49174917	-0.07630140
-717.45874587	-0.08450076
-717.42574257	-0.09709853
-717.39273927	-0.11168953
-717.35973597	-0.12512446
-717.32673267	-0.13432092
-717.29372937	-0.13821415
-717.26072607	-0.13677252
-717.22772277	-0.13178541
-717.19471947	-0.12391761
-717.16171617	-0.11292674
-717.12871287	-0.09815221
-717.09570957	-0.07808179
-717.06270627	-0.05311046
-717.02970297	-0.02466857
-716.99669967	0.00465324
-716.96369637	0.03123814
-716.93069307	0.05290776
-716.89768977	0.06774378
-716.86468647	0.07483482
-716.83168317	0.07453423
-716.79867987	0.06773594
-716.76567657	0.05528464
-716.73267327	0.03917353
-716.69966997	0.02098909
-716.66666667	0.00258766
-716.63366337	-0.01312665
-716.60066007	-0.02365613
-716.56765677	-0.02586202
-716.53465347	-0.01822265
-716.50165017	-0.00126041
-716.46864686	0.02152893
-716.43564356	0.04461739
-716.40264026	0.06212910
-716.36963696	0.07095154
-716.33663366	0.07092922
-716.30363036	0.06600815
-716.27062706	0.06133358
-716.23762376	0.06076815
-716.20462046	0.06609264
-716.17161716	0.07542356
-716.13861386	0.08563817
-716.10561056	0.09273856
-716.07260726	0.09421820
-716.03960396	0.08889656
-716.00660066	0.07670429
-715.97359736	0.05835582
-715.94059406	0.03519643
-715.90759076	0.00871440
-715.87458746	-0.01894189
-715.84158416	-0.04606613
-715.80858086	-0.07009536
-715.77557756	-0.09002241
-715.74257426	-0.10513511
-715.70957096	-0.11602045
-715.67656766	-0.12338948
-715.64356436	-0.12789728
-715.61056106	-0.12921441
-715.57755776	-0.12681183
-715.54455446	-0.11968259
-715.51155116	-0.10776268
-715.47854785	-0.09188499
-715.44554455	-0.07442751
-715.41254125	-0.05840120
-715.37953795	-0.04625546
-715.34653465	-0.03909858
-715.31353135	-0.03701438
-715.28052805	-0.03828117
-715.24752475	-0.04130837
-715.21452145	-0.04388370
-715.18151815	-0.04431394
-715.14851485	-0.04071399
-715.11551155	-0.03257140
-715.08250825	-0.01940252
-715.04950495	-0.00186209
-715.01650165	0.01869422
-714.98349835	0.04044309
-714.95049505	0.06068816
-714.91749175	0.07651872
-714.88448845	0.08574384
-714.85148515	0.08696568
-714.81848185	0.08061366
-714.78547855	0.06820956
-714.75247525	0.05206358
-714.71947195	0.03541353
-714.68646865	0.02060824
-714.65346535	0.00956506
-714.62046205	0.00415050
-714.58745875	0.00425119
-714.55445545	0.00926722
-714.52145215	0.01758197
-714.48844884	0.02799974
-714.45544554	0.03934405
-714.42244224	0.05155203
-714.38943894	0.06400634
-714.35643564	0.07599606
-714.32343234	0.08702268
-714.29042904	0.09606832
-714.25742574	0.10359941
-714.22442244	0.11027329
-714.19141914	0.11705701
-714.15841584	0.12434590
-714.12541254	0.13132347
-714.09240924	0.13580897
-714.05940594	0.13408763
-714.02640264	0.12282526
-713.99339934	0.09949000
-713.96039604	0.06405541
-713.92739274	0.01950743
-713.89438944	-0.02997737
-713.86138614	-0.07943259
-713.82838284	-0.12347009
-713.79537954	-0.15784382
-713.76237624	-0.18004679
-713.72937294	-0.18866007
-713.69636964	-0.18441432
-713.66336634	-0.16932039
-713.63036304	-0.14681211
-713.59735974	-0.12098102
-713.56435644	-0.09543705
-713.53135314	-0.07366183
-713.49834983	-0.05781083
-713.46534653	-0.04887699
-713.43234323	-0.04598509
-713.39933993	-0.04693937
-713.36633663	-0.04815655
-713.33333333	-0.04612032
-713.30033003	-0.03837621
-713.26732673	-0.02475302
-713.23432343	-0.00676852
-713.20132013	0.01209037
-713.16831683	0.02806197
-713.13531353	0.03813399
-713.10231023	0.04108508
-713.06930693	0.03683442
-713.03630363	0.02713243
-713.00330033	0.01512107
-712.97029703	0.00456123
-712.93729373	-0.00124527
-712.90429043	-0.00063904
-712.87128713	0.00611092
-712.83828383	0.01664968
-712.80528053	0.02747070
-712.77227723	0.03576603
-712.73927393	0.03991982
-712.70627063	0.04036264
-712.67326733	0.03875588
-712.64026403	0.03743063
-712.60726073	0.03796814
-712.57425743	0.04104883
-712.54125413	0.04562848
-712.50825083	0.05052674
-712.47524752	0.05431745
-712.44224422	0.05545253
-712.40924092	0.05392640
-712.37623762	0.04917126
-712.34323432	0.04172532
-712.31023102	0.03281371
-712.27722772	0.02335102
-712.24422442	0.01472192
-712.21122112	0.00736411
-712.17821782	0.00075329
-712.14521452	-0.00612851
-712.11221122	-0.01467282
-712.07920792	-0.02552255
-712.04620462	-0.03760543
-712.01320132	-0.04881993
-711.98019802	-0.05653167
-711.94719472	-0.05915229
-711.91419142	-0.05708558
-711.88118812	-0.05273421
-711.84818482	-0.04933002
-711.81518152	-0.04994553
-711.78217822	-0.05569591
-711.74917492	-0.06563289
-711.71617162	-0.07728005
-711.68316832	-0.08753921
-711.65016502	-0.09316894
-711.61716172	-0.09304775
-711.58415842	-0.08622102
-711.55115512	-0.07329597
-711.51815182	-0.05517898
-711.48514851	-0.03252901
-711.45214521	-0.00622570
-711.41914191	0.02278110
-711.38613861	0.05322672
-711.35313531	0.08351294
-711.32013201	0.11204168
-711.28712871	0.13660027
-711.25412541	0.15514846
-711.22112211	0.16551890
-711.18811881	0.16618224
-711.15511551	0.15639961
-711.12211221	0.13640398
-711.08910891	0.10643989
-711.05610561	0.06780080
-711.02310231	0.02285538
-710.99009901	-0.02551066
-710.95709571	-0.07250453
-710.92409241	-0.11322096
-710.89108911	-0.14225725
-710.85808581	-0.15627788
-710.82508251	-0.15410159
-710.79207921	-0.13626295
-710.75907591	-0.10585691
-710.72607261	-0.06702361
-710.69306931	-0.02340767
-710.66006601	0.02068884
-710.62706271	0.06199809
-710.59405941	0.09794084
-710.56105611	0.12674814
-710.52805281	0.14638379
-710.49504950	0.15546312
-710.46204620	0.15248952
-710.42904290	0.13693663
-710.39603960	0.11019367
-710.36303630	0.07481017
-710.33003300	0.03458724
-710.29702970	-0.00625603
-710.26402640	-0.04390669
-710.23102310	-0.07555128
-710.19801980	-0.09864076
-710.16501650	-0.11203013
-710.13201320	-0.11525625
-710.09900990	-0.10906165
-710.06600660	-0.09507982
-710.03300330	-0.07595702
-710.00000000	-0.05449724
-709.96699670	-0.03368477
-709.93399340	-0.01626617
-709.90099010	-0.00413858
-709.86798680	0.00232522
-709.83498350	0.00246737
-709.80198020	-0.00240619
-709.76897690	-0.01134915
-709.73597360	-0.02229651
-709.70297030	-0.03242876
-709.66996700	-0.03849959
-709.63696370	-0.03768476
-709.60396040	-0.02803583
-709.57095710	-0.00955816
-709.53795380	0.01501193
-709.50495050	0.04198758
-709.47194719	0.06642535
-709.43894389	0.08413050
-709.40594059	0.09196633
-709.37293729	0.08864634
-709.33993399	0.07477812
-709.30693069	0.05293546
-709.27392739	0.02593822
-709.24092409	-0.00232387
-709.20792079	-0.02903180
-709.17491749	-0.05132533
-709.14191419	-0.06686714
-709.10891089	-0.07424349
-709.07590759	-0.07215088
-709.04290429	-0.06006789
-709.00990099	-0.03843912
-708.97689769	-0.00872597
-708.94389439	0.02719361
-708.91089109	0.06617172
-708.87788779	0.10493080
-708.84488449	0.13948384
-708.81188119	0.16568334
-708.77887789	0.18064365
-708.74587459	0.18175924
-708.71287129	0.16743409
-708.67986799	0.13836819
-708.64686469	0.09659086
-708.61386139	0.04714057
-708.58085809	-0.00383259
-708.54785479	-0.04932825
-708.51485149	-0.08341426
-708.48184818	-0.10331204
-708.44884488	-0.10857936
-708.41584158	-0.10168159
-708.38283828	-0.08672246
-708.34983498	-0.06894651
-708.31683168	-0.05319832
-708.28382838	-0.04403452
-708.25082508	-0.04465962
-708.21782178	-0.05595435
-708.18481848	-0.07589384
-708.15181518	-0.10009552
-708.11881188	-0.12259617
-708.08580858	-0.13782570
-708.05280528	-0.14213529
-708.01980198	-0.13391168
-707.98679868	-0.11430671
-707.95379538	-0.08511061
-707.92079208	-0.04970262
-707.88778878	-0.01148812
-707.85478548	0.02652213
-707.82178218	0.06199885
-707.78877888	0.09299307
-707.75577558	0.11891790
-707.72277228	0.13851856
-707.68976898	0.15032913
-707.65676568	0.15280693
-707.62376238	0.14444836
-707.59075908	0.12453023
-707.55775578	0.09423220
-707.52475248	0.05594648
-707.49174917	0.01343795
-707.45874587	-0.02854132
-707.42574257	-0.06556727
-707.39273927	-0.09380101
-707.35973597	-0.11023963
-707.32673267	-0.11383474
-707.29372937	-0.10440942
-707.26072607	-0.08266619
-707.22772277	-0.05005227
-707.19471947	-0.00897120
-707.16171617	0.03753099
-707.12871287	0.08574171
-707.09570957	0.13006892
-707.06270627	0.16569796
-707.02970297	0.18777331
-706.99669967	0.19348629
-706.96369637	0.18148050
-706.93069307	0.15290055
-706.89768977	0.11119337
-706.86468647	0.06155257
-706.83168317	0.01004753
-706.79867987	-0.03739009
-706.76567657	-0.07654728
-706.73267327	-0.10557114
-706.69966997	-0.12448030
-706.66666667	-0.13517733
-706.63366337	-0.13954298
-706.60066007	-0.13988907
-706.56765677	-0.13859025
-706.53465347	-0.13656693
-706.50165017	-0.13477710
-706.46864686	-0.13201925
-706.43564356	-0.12572125
-706.40264026	-0.11349558
-706.36963696	-0.09312766
-706.33663366	-0.06416209
-706.30363036	-0.02863370
-706.27062706	0.00982666
-706.23762376	0.04662513
-706.20462046	0.07811509
-706.17161716	0.10099939
-706.13861386	0.11450950
-706.10561056	0.11833740
-706.07260726	0.11294441
-706.03960396	0.09998679
-706.00660066	0.08088827
-705.97359736	0.05741021
-705.94059406	0.03252556
-705.90759076	0.00931123
-705.87458746	-0.00939404
-705.84158416	-0.02133181
-705.80858086	-0.02572483
-705.77557756	-0.02329226
-705.74257426	-0.01675544
-705.70957096	-0.00957643
-705.67656766	-0.00458367
-705.64356436	-0.00410701
-705.61056106	-0.00875282
-705.57755776	-0.01773810
-705.54455446	-0.02883199
-705.51155116	-0.03926368
-705.47854785	-0.04629833
-705.44554455	-0.04704516
-705.41254125	-0.04045225
-705.37953795	-0.02658277
-705.34653465	-0.00694771
-705.31353135	0.01595059
-705.28052805	0.03941603
-705.24752475	0.06107286
-705.21452145	0.07906966
-705.18151815	0.09185453
-705.14851485	0.09842273
-705.11551155	0.09796972
-705.08250825	0.09021228
-705.04950495	0.07558502
-705.01650165	0.05520024
-704.98349835	0.03095593
-704.95049505	0.00507910
-704.91749175	-0.01998429
-704.88448845	-0.04174489
-704.85148515	-0.05872276
-704.81848185	-0.07003546
-704.78547855	-0.07580970
-704.75247525	-0.07671525
-704.71947195	-0.07357538
-704.68646865	-0.06734250
-704.65346535	-0.05893841
-704.62046205	-0.04938792
-704.58745875	-0.04003439
-704.55445545	-0.03183952
-704.52145215	-0.02494439
-704.48844884	-0.02009076
-704.45544554	-0.01666033
-704.42244224	-0.01455860
-704.38943894	-0.01308428
-704.35643564	-0.01120228
-704.32343234	-0.00836867
-704.29042904	-0.00394598
-704.25742574	0.00205489
-704.22442244	0.00906455
-704.19141914	0.01615784
-704.15841584	0.02256269
-704.12541254	0.02706935
-704.09240924	0.02911000
-704.05940594	0.02777106
-704.02640264	0.02252926
-703.99339934	0.01382743
-703.96039604	0.00172568
-703.92739274	-0.01212275
-703.89438944	-0.02552428
-703.86138614	-0.03678161
-703.82838284	-0.04437272
-703.79537954	-0.04631050
-703.76237624	-0.04243288
-703.72937294	-0.03239911
-703.69636964	-0.01679232
-703.66336634	0.00308603
-703.63036304	0.02585991
-703.59735974	0.05034102
-703.56435644	0.07496168
-703.53135314	0.09774513
-703.49834983	0.11663585
-703.46534653	0.12924134
-703.43234323	0.13339992
-703.39933993	0.12784439
-703.36633663	0.11305455
-703.33333333	0.09063730
-703.30033003	0.06314294
-703.26732673	0.03394869
-703.23432343	0.00566799
-703.20132013	-0.01985791
-703.16831683	-0.04151883
-703.13531353	-0.05854252
-703.10231023	-0.07055196
-703.06930693	-0.07720199
-703.03630363	-0.07828707
-703.00330033	-0.07464898
-702.97029703	-0.06769137
-702.93729373	-0.05944397
-702.90429043	-0.05273786
-702.87128713	-0.04926010
-702.83828383	-0.04932927
-702.80528053	-0.05149325
-702.77227723	-0.05332108
-702.73927393	-0.05210685
-702.70627063	-0.04597372
-702.67326733	-0.03492300
-702.64026403	-0.02075917
-702.60726073	-0.00599057
-702.57425743	0.00591437
-702.54125413	0.01267990
-702.50825083	0.01371392
-702.47524752	0.00948677
-702.44224422	0.00133336
-702.40924092	-0.00820262
-702.37623762	-0.01726703
-702.34323432	-0.02440977
-702.31023102	-0.02820747
-702.27722772	-0.02800988
-702.24422442	-0.02352442
-702.21122112	-0.01478479
-702.17821782	-0.00216739
-702.14521452	0.01332851
-702.11221122	0.03048562
-702.07920792	0.04832409
-702.04620462	0.06472664
-702.01320132	0.07858646
-701.98019802	0.08888295
-701.94719472	0.09415279
-701.91419142	0.09426678
-701.88118812	0.08885735
-701.84818482	0.07793002
-701.81518152	0.06243397
-701.78217822	0.04279703
-701.74917492	0.02044608
-701.71617162	-0.00285551
-701.68316832	-0.02514766
-701.65016502	-0.04382193
-701.61716172	-0.05705523
-701.58415842	-0.06334504
-701.55115512	-0.06281481
-701.51815182	-0.05685553
-701.48514851	-0.04710635
-701.45214521	-0.03594024
-701.41914191	-0.02507189
-701.38613861	-0.01527271
-701.35313531	-0.00754489
-701.32013201	-0.00201596
-701.28712871	0.00085680
-701.25412541	0.00079113
-701.22112211	-0.00259176
-701.18811881	-0.00887571
-701.15511551	-0.01703668
-701.12211221	-0.02602054
-701.08910891	-0.03449058
-701.05610561	-0.04142184
-701.02310231	-0.04612594
-700.99009901	-0.04773425
-700.95709571	-0.04579862
-700.92409241	-0.04024898
-700.89108911	-0.03067796
-700.85808581	-0.01782591
-700.82508251	-0.00271304
-700.79207921	0.01327614
-700.75907591	0.02776142
-700.72607261	0.03871959
-700.69306931	0.04449611
-700.66006601	0.04402828
-700.62706271	0.03811165
-700.59405941	0.02759949
-700.56105611	0.01470381
-700.52805281	0.00191944
-700.49504950	-0.00923851
-700.46204620	-0.01714084
-700.42904290	-0.02123672
-700.39603960	-0.02191544
-700.36303630	-0.01979721
-700.33003300	-0.01584480
-700.29702970	-0.01060945
-700.26402640	-0.00487074
-700.23102310	0.00145775
-700.19801980	0.00885764
-700.16501650	0.01704750
-700.13201320	0.02618934
-700.09900990	0.03554424
-700.06600660	0.04423826
-700.03300330	0.05112372
-700.00000000	0.05493101
-699.96699670	0.05487510
-699.93399340	0.05077815
-699.90099010	0.04288255
-699.86798680	0.03206974
-699.83498350	0.01964196
-699.80198020	0.00689546
-699.76897690	-0.00530746
-699.73597360	-0.01599663
-699.70297030	-0.02466145
-699.66996700	-0.03021479
-699.63696370	-0.03289340
-699.60396040	-0.03227383
-699.57095710	-0.02860728
-699.53795380	-0.02278234
-699.50495050	-0.01518933
-699.47194719	-0.00728217
-699.43894389	-0.00026657
-699.40594059	0.00548353
-699.37293729	0.00893515
-699.33993399	0.01038642
-699.30693069	0.00988090
-699.27392739	0.00760048
-699.24092409	0.00360749
-699.20792079	-0.00218392
-699.17491749	-0.00914977
-699.14191419	-0.01672124
-699.10891089	-0.02407953
-699.07590759	-0.03022454
-699.04290429	-0.03483702
-699.00990099	-0.03826190
-698.97689769	-0.04073390
-698.94389439	-0.04239097
-698.91089109	-0.04374291
-698.87788779	-0.04459503
-698.84488449	-0.04467265
-698.81188119	-0.04391204
-698.77887789	-0.04257775
-698.74587459	-0.04043422
-698.71287129	-0.03749751
-698.67986799	-0.03399925
-698.64686469	-0.02989927
-698.61386139	-0.02508530
-698.58085809	-0.01928208
-698.54785479	-0.01176279
-698.51485149	-0.00192903
-698.48184818	0.01156634
-698.44884488	0.02879922
-698.41584158	0.04930676
-698.38283828	0.07123049
-698.34983498	0.09178305
-698.31683168	0.10818229
-698.28382838	0.11760087
-698.25082508	0.11804951
-698.21782178	0.10863838
-698.18481848	0.08983216
-698.15181518	0.06339420
-698.11881188	0.03165135
-698.08580858	-0.00158570
-698.05280528	-0.03199506
-698.01980198	-0.05579989
-697.98679868	-0.06935261
-697.95379538	-0.07073661
-697.92079208	-0.06026097
-697.88778878	-0.03975725
-697.85478548	-0.01313985
-697.82178218	0.01576031
-697.78877888	0.04240465
-697.75577558	0.06265205
-697.72277228	0.07333832
-697.68976898	0.07270730
-697.65676568	0.06079092
-697.62376238	0.03847555
-697.59075908	0.00902742
-697.55775578	-0.02414750
-697.52475248	-0.05642790
-697.49174917	-0.08395939
-697.45874587	-0.10403779
-697.42574257	-0.11398550
-697.39273927	-0.11408927
-697.35973597	-0.10486711
-697.32673267	-0.08846334
-697.29372937	-0.06784187
-697.26072607	-0.04641136
-697.22772277	-0.02708624
-697.19471947	-0.01170114
-697.16171617	-0.00119514
-697.12871287	0.00508272
-697.09570957	0.00838817
-697.06270627	0.01012888
-697.02970297	0.01187817
-696.99669967	0.01491697
-696.96369637	0.01979270
-696.93069307	0.02662301
-696.89768977	0.03441690
-696.86468647	0.04196634
-696.83168317	0.04785473
-696.79867987	0.05104651
-696.76567657	0.05176087
-696.73267327	0.05049555
-696.69966997	0.04857708
-696.66666667	0.04730070
-696.63366337	0.04732609
-696.60066007	0.04845550
-696.56765677	0.05021068
-696.53465347	0.05142985
-696.50165017	0.05122370
-696.46864686	0.04861405
-696.43564356	0.04300539
-696.40264026	0.03369233
-696.36963696	0.02111415
-696.33663366	0.00592365
-696.30363036	-0.01042757
-696.27062706	-0.02573235
-696.23762376	-0.03837415
-696.20462046	-0.04682720
-696.17161716	-0.05003362
-696.13861386	-0.04829124
-696.10561056	-0.04180943
-696.07260726	-0.03203255
-696.03960396	-0.02005514
-696.00660066	-0.00727652
-695.97359736	0.00501788
-695.94059406	0.01595068
-695.90759076	0.02423471
-695.87458746	0.02946139
-695.84158416	0.03081302
-695.80858086	0.02803405
-695.77557756	0.02151039
-695.74257426	0.01222243
-695.70957096	0.00147725
-695.67656766	-0.00920874
-695.64356436	-0.01829049
-695.61056106	-0.02431002
-695.57755776	-0.02722058
-695.54455446	-0.02723761
-695.51155116	-0.02560334
-695.47854785	-0.02347310
-695.44554455	-0.02301604
-695.41254125	-0.02426258
-695.37953795	-0.02729383
-695.34653465	-0.03160149
-695.31353135	-0.03523341
-695.28052805	-0.03728924
-695.24752475	-0.03645273
-695.21452145	-0.03178855
-695.18151815	-0.02273614
-695.14851485	-0.00968213
-695.11551155	0.00695751
-695.08250825	0.02574564
-695.04950495	0.04482748
-695.01650165	0.06205462
-694.98349835	0.07501940
-694.95049505	0.08256445
-694.91749175	0.08342640
-694.88448845	0.07726483
-694.85148515	0.06519792
-694.81848185	0.04869175
-694.78547855	0.02981606
-694.75247525	0.01107313
-694.71947195	-0.00574097
-694.68646865	-0.01921610
-694.65346535	-0.02870929
-694.62046205	-0.03436267
-694.58745875	-0.03644003
-694.55445545	-0.03582751
-694.52145215	-0.03300046
-694.48844884	-0.02831426
-694.45544554	-0.02262560
-694.42244224	-0.01578290
-694.38943894	-0.00796406
-694.35643564	0.00083615
-694.32343234	0.01036200
-694.29042904	0.02055780
-694.25742574	0.03056418
-694.22442244	0.03963310
-694.19141914	0.04716263
-694.15841584	0.05215788
-694.12541254	0.05400621
-694.09240924	0.05221957
-694.05940594	0.04646620
-694.02640264	0.03727498
-693.99339934	0.02474784
-693.96039604	0.01026602
-693.92739274	-0.00504914
-693.89438944	-0.01986033
-693.86138614	-0.03322758
-693.82838284	-0.04436191
-693.79537954	-0.05279894
-693.76237624	-0.05904515
-693.72937294	-0.06326938
-693.69636964	-0.06574800
-693.66336634	-0.06671530
-693.63036304	-0.06600742
-693.59735974	-0.06396880
-693.56435644	-0.06037431
-693.53135314	-0.05515049
-693.49834983	-0.04901982
-693.46534653	-0.04125288
-693.43234323	-0.03205640
-693.39933993	-0.02145856
-693.36633663	-0.00938065
-693.33333333	0.00326994
-693.30033003	0.01503222
-693.26732673	0.02438859
-693.23432343	0.02988513
-693.20132013	0.03113607
-693.16831683	0.02827506
-693.13531353	0.02236062
-693.10231023	0.01553910
-693.06930693	0.00936247
-693.03630363	0.00555335
-693.00330033	0.00557583
-692.97029703	0.00938718
-692.93729373	0.01669122
-692.90429043	0.02629606
-692.87128713	0.03658396
-692.83828383	0.04593725
-692.80528053	0.05252151
-692.77227723	0.05491783
-692.73927393	0.05229940
-692.70627063	0.04477511
-692.67326733	0.03280313
-692.64026403	0.01782619
-692.60726073	0.00224146
-692.57425743	-0.01202836
-692.54125413	-0.02317285
-692.50825083	-0.03058066
-692.47524752	-0.03387484
-692.44224422	-0.03400515
-692.40924092	-0.03202098
-692.37623762	-0.02897110
-692.34323432	-0.02557488
-692.31023102	-0.02248748
-692.27722772	-0.02036448
-692.24422442	-0.01949982
-692.21122112	-0.01976343
-692.17821782	-0.02120585
-692.14521452	-0.02353693
-692.11221122	-0.02642874
-692.07920792	-0.02945258
-692.04620462	-0.03261530
-692.01320132	-0.03565721
-691.98019802	-0.03838708
-691.94719472	-0.04048341
-691.91419142	-0.04170037
-691.88118812	-0.04140396
-691.84818482	-0.03932075
-691.81518152	-0.03558642
-691.78217822	-0.03045714
-691.74917492	-0.02392066
-691.71617162	-0.01631082
-691.68316832	-0.00767885
-691.65016502	0.00188243
-691.61716172	0.01209373
-691.58415842	0.02243532
-691.55115512	0.03204533
-691.51815182	0.04010385
-691.48514851	0.04631701
-691.45214521	0.05016651
-691.41914191	0.05168074
-691.38613861	0.05091449
-691.35313531	0.04806300
-691.32013201	0.04329472
-691.28712871	0.03737680
-691.25412541	0.03146999
-691.22112211	0.02635600
-691.18811881	0.02290509
-691.15511551	0.02197591
-691.12211221	0.02284699
-691.08910891	0.02494949
-691.05610561	0.02757838
-691.02310231	0.02923086
-690.99009901	0.02923885
-690.95709571	0.02710372
-690.92409241	0.02201828
-690.89108911	0.01443041
-690.85808581	0.00555220
-690.82508251	-0.00334905
-690.79207921	-0.01068480
-690.75907591	-0.01506293
-690.72607261	-0.01596804
-690.69306931	-0.01330211
-690.66006601	-0.00817408
-690.62706271	-0.00121852
-690.59405941	0.00613295
-690.56105611	0.01222043
-690.52805281	0.01590933
-690.49504950	0.01590360
-690.46204620	0.01175337
-690.42904290	0.00354643
-690.39603960	-0.00797896
-690.36303630	-0.02127923
-690.33003300	-0.03466785
-690.29702970	-0.04620814
-690.26402640	-0.05440006
-690.23102310	-0.05718883
-690.19801980	-0.05383855
-690.16501650	-0.04361899
-690.13201320	-0.02747855
-690.09900990	-0.00714336
-690.06600660	0.01440177
-690.03300330	0.03406049
-690.00000000	0.04860512
-689.96699670	0.05584540
-689.93399340	0.05434082
-689.90099010	0.04459293
-689.86798680	0.02749281
-689.83498350	0.00512282
-689.80198020	-0.01904355
-689.76897690	-0.04144325
-689.73597360	-0.05897160
-689.70297030	-0.06875643
-689.66996700	-0.07012610
-689.63696370	-0.06315238
-689.60396040	-0.05000793
-689.57095710	-0.03339301
-689.53795380	-0.01590144
-689.50495050	0.00068212
-689.47194719	0.01446321
-689.43894389	0.02496803
-689.40594059	0.03180157
-689.37293729	0.03512459
-689.33993399	0.03519474
-689.30693069	0.03281640
-689.27392739	0.02876122
-689.24092409	0.02424946
-689.20792079	0.01973404
-689.17491749	0.01578397
-689.14191419	0.01225105
-689.10891089	0.00906952
-689.07590759	0.00655130
-689.04290429	0.00405340
-689.00990099	0.00164095
-688.97689769	-0.00078777
-688.94389439	-0.00316711
-688.91089109	-0.00542418
-688.87788779	-0.00655363
-688.84488449	-0.00602659
-688.81188119	-0.00336518
-688.77887789	0.00122235
-688.74587459	0.00710642
-688.71287129	0.01305733
-688.67986799	0.01776104
-688.64686469	0.01996376
-688.61386139	0.01893601
-688.58085809	0.01408509
-688.54785479	0.00639418
-688.51485149	-0.00350643
-688.48184818	-0.01396120
-688.44884488	-0.02347187
-688.41584158	-0.03130981
-688.38283828	-0.03649688
-688.34983498	-0.03942657
-688.31683168	-0.04033679
-688.28382838	-0.03969588
-688.25082508	-0.03833115
-688.21782178	-0.03646499
-688.18481848	-0.03476103
-688.15181518	-0.03319607
-688.11881188	-0.03182149
-688.08580858	-0.03071276
-688.05280528	-0.02977624
-688.01980198	-0.02882748
-687.98679868	-0.02752234
-687.95379538	-0.02549329
-687.92079208	-0.02190457
-687.88778878	-0.01581386
-687.85478548	-0.00715357
-687.82178218	0.00435779
-687.78877888	0.01814816
-687.75577558	0.03270877
-687.72277228	0.04677278
-687.68976898	0.05835759
-687.65676568	0.06666390
-687.62376238	0.07075294
-687.59075908	0.07066349
-687.55775578	0.06704718
-687.52475248	0.06051362
-687.49174917	0.05118106
-687.45874587	0.04007409
-687.42574257	0.02764860
-687.39273927	0.01456077
-687.35973597	0.00221944
-687.32673267	-0.00879451
-687.29372937	-0.01730205
-687.26072607	-0.02328229
-687.22772277	-0.02658503
-687.19471947	-0.02738313
-687.16171617	-0.02502565
-687.12871287	-0.01998554
-687.09570957	-0.01230061
-687.06270627	-0.00276061
-687.02970297	0.00725080
-686.99669967	0.01595530
-686.96369637	0.02115823
-686.93069307	0.02181957
-686.89768977	0.01735897
-686.86468647	0.00796068
-686.83168317	-0.00457687
-686.79867987	-0.01893392
-686.76567657	-0.03310361
-686.73267327	-0.04546241
-686.69966997	-0.05459230
-686.66666667	-0.05974490
-686.63366337	-0.06030006
-686.60066007	-0.05592577
-686.56765677	-0.04781111
-686.53465347	-0.03657868
-686.50165017	-0.02412862
-686.46864686	-0.01255534
-686.43564356	-0.00293380
-686.40264026	0.00298053
-686.36963696	0.00551054
-686.33663366	0.00469429
-686.30363036	0.00133759
-686.27062706	-0.00386813
-686.23762376	-0.00994037
-686.20462046	-0.01581206
-686.17161716	-0.02061189
-686.13861386	-0.02335440
-686.10561056	-0.02310438
-686.07260726	-0.01943899
-686.03960396	-0.01216501
-686.00660066	-0.00155218
-685.97359736	0.01127370
-685.94059406	0.02526423
-685.90759076	0.03904323
-685.87458746	0.05119328
-685.84158416	0.06060471
-685.80858086	0.06675686
-685.77557756	0.06871810
-685.74257426	0.06623797
-685.70957096	0.05968205
-685.67656766	0.04902417
-685.64356436	0.03519996
-685.61056106	0.01964911
-685.57755776	0.00356418
-685.54455446	-0.01135385
-685.51155116	-0.02314492
-685.47854785	-0.03088495
-685.44554455	-0.03353990
-685.41254125	-0.03138152
-685.37953795	-0.02472320
-685.34653465	-0.01524158
-685.31353135	-0.00378513
-685.28052805	0.00821835
-685.24752475	0.01972366
-685.21452145	0.03049349
-685.18151815	0.03965727
-685.14851485	0.04717304
-685.11551155	0.05278196
-685.08250825	0.05609524
-685.04950495	0.05694185
-685.01650165	0.05515680
-684.98349835	0.05100159
-684.95049505	0.04479090
-684.91749175	0.03740922
-684.88448845	0.02992146
-684.85148515	0.02332466
-684.81848185	0.01829652
-684.78547855	0.01535574
-684.75247525	0.01452488
-684.71947195	0.01564551
-684.68646865	0.01768635
-684.65346535	0.01947729
-684.62046205	0.01996135
-684.58745875	0.01846214
-684.55445545	0.01498941
-684.52145215	0.01035439
-684.48844884	0.00528158
-684.45544554	0.00082589
-684.42244224	-0.00262781
-684.38943894	-0.00522367
-684.35643564	-0.00684974
-684.32343234	-0.00800649
-684.29042904	-0.00825078
-684.25742574	-0.00774830
-684.22442244	-0.00631195
-684.19141914	-0.00379308
-684.15841584	-0.00114920
-684.12541254	0.00155051
-684.09240924	0.00359577
-684.05940594	0.00455492
-684.02640264	0.00496624
-683.99339934	0.00511408
-683.96039604	0.00536180
-683.92739274	0.00626654
-683.89438944	0.00774797
-683.86138614	0.00902838
-683.82838284	0.01007560
-683.79537954	0.01100062
-683.76237624	0.01172324
-683.72937294	0.01239671
-683.69636964	0.01292446
-683.66336634	0.01248800
-683.63036304	0.01057312
-683.59735974	0.00686439
-683.56435644	0.00103490
-683.53135314	-0.00639687
-683.49834983	-0.01457245
-683.46534653	-0.02278845
-683.43234323	-0.02948595
-683.39933993	-0.03424671
-683.36633663	-0.03646122
-683.33333333	-0.03656877
-683.30033003	-0.03497426
-683.26732673	-0.03281613
-683.23432343	-0.03096462
-683.20132013	-0.03022741
-683.16831683	-0.03115295
-683.13531353	-0.03403293
-683.10231023	-0.03870515
-683.06930693	-0.04450945
-683.03630363	-0.05057089
-683.00330033	-0.05532797
-682.97029703	-0.05776398
-682.93729373	-0.05683983
-682.90429043	-0.05204350
-682.87128713	-0.04395633
-682.83828383	-0.03344716
-682.80528053	-0.02247620
-682.77227723	-0.01258958
-682.73927393	-0.00593831
-682.70627063	-0.00333775
-682.67326733	-0.00520488
-682.64026403	-0.01136265
-682.60726073	-0.02063148
-682.57425743	-0.03177515
-682.54125413	-0.04310452
-682.50825083	-0.05323368
-682.47524752	-0.06007689
-682.44224422	-0.06269884
-682.40924092	-0.05983395
-682.37623762	-0.05193521
-682.34323432	-0.03906814
-682.31023102	-0.02305248
-682.27722772	-0.00510190
-682.24422442	0.01266580
-682.21122112	0.02835522
-682.17821782	0.04092397
-682.14521452	0.04911938
-682.11221122	0.05350278
-682.07920792	0.05403869
-682.04620462	0.05142417
-682.01320132	0.04637024
-681.98019802	0.03855492
-681.94719472	0.02890511
-681.91419142	0.01742308
-681.88118812	0.00491013
-681.84818482	-0.00722226
-681.81518152	-0.01815842
-681.78217822	-0.02656028
-681.74917492	-0.03208563
-681.71617162	-0.03463646
-681.68316832	-0.03476132
-681.65016502	-0.03329420
-681.61716172	-0.03090261
-681.58415842	-0.02830689
-681.55115512	-0.02612745
-681.51815182	-0.02480257
-681.48514851	-0.02412077
-681.45214521	-0.02450220
-681.41914191	-0.02525467
-681.38613861	-0.02624256
-681.35313531	-0.02692245
-681.32013201	-0.02673855
-681.28712871	-0.02526339
-681.25412541	-0.02254566
-681.22112211	-0.01811315
-681.18811881	-0.01211695
-681.15511551	-0.00496454
-681.12211221	0.00309622
-681.08910891	0.01092443
-681.05610561	0.01786113
-681.02310231	0.02301181
-680.99009901	0.02570881
-680.95709571	0.02632486
-680.92409241	0.02461198
-680.89108911	0.02112429
-680.85808581	0.01613807
-680.82508251	0.01039439
-680.79207921	0.00443751
-680.75907591	-0.00021513
-680.72607261	-0.00287456
-680.69306931	-0.00260297
-680.66006601	0.00034896
-680.62706271	0.00557909
-680.59405941	0.01207789
-680.56105611	0.01818801
-680.52805281	0.02365884
-680.49504950	0.02719943
-680.46204620	0.02922487
-680.42904290	0.02964276
-680.39603960	0.02930485
-680.36303630	0.02814945
-680.33003300	0.02709723
-680.29702970	0.02565835
-680.26402640	0.02456493
-680.23102310	0.02353156
-680.19801980	0.02256150
-680.16501650	0.02180696
-680.13201320	0.02071762
-680.09900990	0.01909384
-680.06600660	0.01629417
-680.03300330	0.01178417
-680.00000000	0.00562198
-679.96699670	-0.00157210
-679.93399340	-0.00947722
-679.90099010	-0.01665433
-679.86798680	-0.02203234
-679.83498350	-0.02486217
-679.80198020	-0.02438892
-679.76897690	-0.02079941
-679.73597360	-0.01462332
-679.70297030	-0.00682059
-679.66996700	0.00153412
-679.63696370	0.00946897
-679.60396040	0.01694496
-679.57095710	0.02345532
-679.53795380	0.02964803
-679.50495050	0.03546483
-679.47194719	0.04068332
-679.43894389	0.04445600
-679.40594059	0.04619607
-679.37293729	0.04510172
-679.33993399	0.04093707
-679.30693069	0.03368238
-679.27392739	0.02409906
-679.24092409	0.01295454
-679.20792079	0.00152850
-679.17491749	-0.00958561
-679.14191419	-0.01931506
-679.10891089	-0.02725758
-679.07590759	-0.03259030
-679.04290429	-0.03497091
-679.00990099	-0.03400821
-678.97689769	-0.02972096
-678.94389439	-0.02242593
-678.91089109	-0.01292760
-678.87788779	-0.00174922
-678.84488449	0.00989753
-678.81188119	0.02111893
-678.77887789	0.03113084
-678.74587459	0.03953857
-678.71287129	0.04613994
-678.67986799	0.05098415
-678.64686469	0.05419681
-678.61386139	0.05580346
-678.58085809	0.05562401
-678.54785479	0.05347747
-678.51485149	0.04942551
-678.48184818	0.04368451
-678.44884488	0.03645364
-678.41584158	0.02850024
-678.38283828	0.01967761
-678.34983498	0.01073871
-678.31683168	0.00170301
-678.28382838	-0.00675781
-678.25082508	-0.01414445
-678.21782178	-0.01958873
-678.18481848	-0.02325424
-678.15181518	-0.02479394
-678.11881188	-0.02487641
-678.08580858	-0.02411080
-678.05280528	-0.02253698
-678.01980198	-0.02070004
-677.98679868	-0.01806973
-677.95379538	-0.01475962
-677.92079208	-0.01053788
-677.88778878	-0.00577706
-677.85478548	-0.00105918
-677.82178218	0.00296101
-677.78877888	0.00516082
-677.75577558	0.00561304
-677.72277228	0.00383827
-677.68976898	0.00046239
-677.65676568	-0.00364902
-677.62376238	-0.00879792
-677.59075908	-0.01420459
-677.55775578	-0.02040676
-677.52475248	-0.02762946
-677.49174917	-0.03578706
-677.45874587	-0.04430130
-677.42574257	-0.05180791
-677.39273927	-0.05680817
-677.35973597	-0.05774187
-677.32673267	-0.05396670
-677.29372937	-0.04581405
-677.26072607	-0.03426394
-677.22772277	-0.02123535
-677.19471947	-0.00765100
-677.16171617	0.00464473
-677.12871287	0.01559447
-677.09570957	0.02432246
-677.06270627	0.03121287
-677.02970297	0.03617399
-676.99669967	0.03990347
-676.96369637	0.04261334
-676.93069307	0.04481856
-676.89768977	0.04637169
-676.86468647	0.04720415
-676.83168317	0.04656830
-676.79867987	0.04425751
-676.76567657	0.04027580
-676.73267327	0.03480076
-676.69966997	0.02881375
-676.66666667	0.02279478
-676.63366337	0.01737976
-676.60066007	0.01286437
-676.56765677	0.00901762
-676.53465347	0.00595314
-676.50165017	0.00282172
-676.46864686	0.00008299
-676.43564356	-0.00289632
-676.40264026	-0.00540231
-676.36963696	-0.00847408
-676.33663366	-0.01125930
-676.30363036	-0.01479266
-676.27062706	-0.01845404
-676.23762376	-0.02254000
-676.20462046	-0.02628055
-676.17161716	-0.02955972
-676.13861386	-0.03142732
-676.10561056	-0.03175932
-676.07260726	-0.02961752
-676.03960396	-0.02549117
-676.00660066	-0.01922731
-675.97359736	-0.01209102
-675.94059406	-0.00456458
-675.90759076	0.00223136
-675.87458746	0.00758796
-675.84158416	0.01078212
-675.80858086	0.01184257
-675.77557756	0.01099344
-675.74257426	0.00882823
-675.70957096	0.00625323
-675.67656766	0.00357336
-675.64356436	0.00170111
-675.61056106	0.00058749
-675.57755776	0.00031477
-675.54455446	0.00074350
-675.51155116	0.00182692
-675.47854785	0.00342933
-675.44554455	0.00573158
-675.41254125	0.00802405
-675.37953795	0.01034412
-675.34653465	0.01252862
-675.31353135	0.01439498
-675.28052805	0.01597747
-675.24752475	0.01755653
-675.21452145	0.01898955
-675.18151815	0.02026318
-675.14851485	0.02086707
-675.11551155	0.02064226
-675.08250825	0.01893640
-675.04950495	0.01629126
-675.01650165	0.01239246
-674.98349835	0.00769416
-674.95049505	0.00305577
-674.91749175	-0.00136493
-674.88448845	-0.00495559
-674.85148515	-0.00747271
-674.81848185	-0.00853569
-674.78547855	-0.00824606
-674.75247525	-0.00657801
-674.71947195	-0.00377571
-674.68646865	-0.00034586
-674.65346535	0.00327146
-674.62046205	0.00661682
-674.58745875	0.00850436
-674.55445545	0.00888801
-674.52145215	0.00690577
-674.48844884	0.00324566
-674.45544554	-0.00184472
-674.42244224	-0.00748517
-674.38943894	-0.01226695
-674.35643564	-0.01581874
-674.32343234	-0.01759639
-674.29042904	-0.01810016
-674.25742574	-0.01776206
-674.22442244	-0.01729585
-674.19141914	-0.01718169
-674.15841584	-0.01773640
-674.12541254	-0.01840940
-674.09240924	-0.01910037
-674.05940594	-0.01901635
-674.02640264	-0.01787776
-673.99339934	-0.01547784
-673.96039604	-0.01160427
-673.92739274	-0.00691286
-673.89438944	-0.00136555
-673.86138614	0.00387388
-673.82838284	0.00896201
-673.79537954	0.01261826
-673.76237624	0.01525552
-673.72937294	0.01604674
-673.69636964	0.01561041
-673.66336634	0.01358146
-673.63036304	0.01076890
-673.59735974	0.00745751
-673.56435644	0.00410585
-673.53135314	0.00081844
-673.49834983	-0.00228239
-673.46534653	-0.00522968
-673.43234323	-0.00833372
-673.39933993	-0.01090352
-673.36633663	-0.01276858
-673.33333333	-0.01345027
-673.30033003	-0.01263779
-673.26732673	-0.01095749
-673.23432343	-0.00820172
-673.20132013	-0.00560849
-673.16831683	-0.00326201
-673.13531353	-0.00134974
-673.10231023	0.00012707
-673.06930693	0.00164183
-673.03630363	0.00374836
-673.00330033	0.00625572
-672.97029703	0.00939678
-672.93729373	0.01254413
-672.90429043	0.01526872
-672.87128713	0.01695496
-672.83828383	0.01678158
-672.80528053	0.01438721
-672.77227723	0.00929427
-672.73927393	0.00199591
-672.70627063	-0.00704430
-672.67326733	-0.01690951
-672.64026403	-0.02647020
-672.60726073	-0.03497285
-672.57425743	-0.04172456
-672.54125413	-0.04654513
-672.50825083	-0.04921355
-672.47524752	-0.04975419
-672.44224422	-0.04824971
-672.40924092	-0.04510667
-672.37623762	-0.03994340
-672.34323432	-0.03390304
-672.31023102	-0.02676363
-672.27722772	-0.01917355
-672.24422442	-0.01188672
-672.21122112	-0.00512960
-672.17821782	0.00031621
-672.14521452	0.00452512
-672.11221122	0.00684332
-672.07920792	0.00757616
-672.04620462	0.00712948
-672.01320132	0.00554479
-671.98019802	0.00350523
-671.94719472	0.00167806
-671.91419142	0.00020540
-671.88118812	-0.00012235
-671.84818482	-0.00014478
-671.81518152	0.00042684
-671.78217822	0.00058408
-671.74917492	0.00032201
-671.71617162	-0.00088910
-671.68316832	-0.00260946
-671.65016502	-0.00485769
-671.61716172	-0.00712131
-671.58415842	-0.00879802
-671.55115512	-0.00964081
-671.51815182	-0.00917964
-671.48514851	-0.00745311
-671.45214521	-0.00404654
-671.41914191	0.00038785
-671.38613861	0.00581035
-671.35313531	0.01122771
-671.32013201	0.01628825
-671.28712871	0.01998699
-671.25412541	0.02197518
-671.22112211	0.02149589
-671.18811881	0.01855446
-671.15511551	0.01285438
-671.12211221	0.00560624
-671.08910891	-0.00321788
-671.05610561	-0.01181133
-671.02310231	-0.01974088
-670.99009901	-0.02593467
-670.95709571	-0.03004110
-670.92409241	-0.03245218
-670.89108911	-0.03311392
-670.85808581	-0.03283265
-670.82508251	-0.03182273
-670.79207921	-0.03022495
-670.75907591	-0.02847937
-670.72607261	-0.02604472
-670.69306931	-0.02338471
-670.66006601	-0.02031248
-670.62706271	-0.01652329
-670.59405941	-0.01236679
-670.56105611	-0.00742776
-670.52805281	-0.00209954
-670.49504950	0.00377157
-670.46204620	0.00968196
-670.42904290	0.01530874
-670.39603960	0.02085180
-670.36303630	0.02569701
-670.33003300	0.02969481
-670.29702970	0.03258329
-670.26402640	0.03424704
-670.23102310	0.03446657
-670.19801980	0.03350853
-670.16501650	0.03163962
-670.13201320	0.02895483
-670.09900990	0.02567472
-670.06600660	0.02169821
-670.03300330	0.01764825
-670.00000000	0.01346992
-669.96699670	0.00922120
-669.93399340	0.00550115
-669.90099010	0.00187660
-669.86798680	-0.00134157
-669.83498350	-0.00406888
-669.80198020	-0.00618186
-669.76897690	-0.00740258
-669.73597360	-0.00746766
-669.70297030	-0.00602453
-669.66996700	-0.00327564
-669.63696370	0.00062336
-669.60396040	0.00503757
-669.57095710	0.00979369
-669.53795380	0.01420251
-669.50495050	0.01774273
-669.47194719	0.01995798
-669.43894389	0.02066769
-669.40594059	0.01970464
-669.37293729	0.01687355
-669.33993399	0.01316564
-669.30693069	0.00860050
-669.27392739	0.00377289
-669.24092409	-0.00056225
-669.20792079	-0.00456152
-669.17491749	-0.00784262
-669.14191419	-0.01020593
-669.10891089	-0.01169751
-669.07590759	-0.01189706
-669.04290429	-0.01021020
-669.00990099	-0.00665405
-668.97689769	-0.00129699
-668.94389439	0.00568452
-668.91089109	0.01302181
-668.87788779	0.02017446
-668.84488449	0.02589027
-668.81188119	0.02944749
-668.77887789	0.03047423
-668.74587459	0.02892824
-668.71287129	0.02551100
-668.67986799	0.02008982
-668.64686469	0.01339107
-668.61386139	0.00599806
-668.58085809	-0.00172382
-668.54785479	-0.00951789
-668.51485149	-0.01651213
-668.48184818	-0.02231134
-668.44884488	-0.02645802
-668.41584158	-0.02851933
-668.38283828	-0.02872567
-668.34983498	-0.02720485
-668.31683168	-0.02473451
-668.28382838	-0.02236112
-668.25082508	-0.02071260
-668.21782178	-0.02036406
-668.18481848	-0.02125405
-668.15181518	-0.02274055
-668.11881188	-0.02389312
-668.08580858	-0.02398299
-668.05280528	-0.02169377
-668.01980198	-0.01680692
-667.98679868	-0.00931478
-667.95379538	0.00043634
-667.92079208	0.01115340
-667.88778878	0.02165372
-667.85478548	0.03105167
-667.82178218	0.03854675
-667.78877888	0.04384671
-667.75577558	0.04685365
-667.72277228	0.04819333
-667.68976898	0.04800849
-667.65676568	0.04680431
-667.62376238	0.04461116
-667.59075908	0.04135085
-667.55775578	0.03690281
-667.52475248	0.03121521
-667.49174917	0.02445197
-667.45874587	0.01693953
-667.42574257	0.00920045
-667.39273927	0.00181546
-667.35973597	-0.00449598
-667.32673267	-0.00897282
-667.29372937	-0.01148095
-667.26072607	-0.01177925
-667.22772277	-0.01016303
-667.19471947	-0.00710863
-667.16171617	-0.00341728
-667.12871287	-0.00005948
-667.09570957	0.00235055
-667.06270627	0.00355781
-667.02970297	0.00295784
-666.99669967	0.00050967
-666.96369637	-0.00385233
-666.93069307	-0.01000765
-666.89768977	-0.01719528
-666.86468647	-0.02410891
-666.83168317	-0.03000794
-666.79867987	-0.03362556
-666.76567657	-0.03428252
-666.73267327	-0.03198867
-666.69966997	-0.02757880
-666.66666667	-0.02152612
-666.63366337	-0.01466145
-666.60066007	-0.00812844
-666.56765677	-0.00256123
-666.53465347	0.00172681
-666.50165017	0.00437466
-666.46864686	0.00584413
-666.43564356	0.00611240
-666.40264026	0.00549721
-666.36963696	0.00469168
-666.33663366	0.00383736
-666.30363036	0.00333604
-666.27062706	0.00325414
-666.23762376	0.00417832
-666.20462046	0.00611419
-666.17161716	0.00926509
-666.13861386	0.01370479
-666.10561056	0.01898566
-666.07260726	0.02457270
-666.03960396	0.02947242
-666.00660066	0.03305137
-665.97359736	0.03487501
-665.94059406	0.03453441
-665.90759076	0.03194044
-665.87458746	0.02780319
-665.84158416	0.02198070
-665.80858086	0.01516368
-665.77557756	0.00785951
-665.74257426	0.00064035
-665.70957096	-0.00605844
-665.67656766	-0.01163909
-665.64356436	-0.01620155
-665.61056106	-0.01946025
-665.57755776	-0.02140826
-665.54455446	-0.02238897
-665.51155116	-0.02248317
-665.47854785	-0.02190952
-665.44554455	-0.02060469
-665.41254125	-0.01927830
-665.37953795	-0.01790261
-665.34653465	-0.01672836
-665.31353135	-0.01614999
-665.28052805	-0.01612502
-665.24752475	-0.01675937
-665.21452145	-0.01773686
-665.18151815	-0.01843096
-665.14851485	-0.01862650
-665.11551155	-0.01772491
-665.08250825	-0.01536876
-665.04950495	-0.01161206
-665.01650165	-0.00680958
-664.98349835	-0.00102919
-664.95049505	0.00434450
-664.91749175	0.00894528
-664.88448845	0.01210819
-664.85148515	0.01336888
-664.81848185	0.01253427
-664.78547855	0.00988206
-664.75247525	0.00618941
-664.71947195	0.00246523
-664.68646865	-0.00047230
-664.65346535	-0.00202164
-664.62046205	-0.00175626
-664.58745875	-0.00000244
-664.55445545	0.00281978
-664.52145215	0.00595483
-664.48844884	0.00870169
-664.45544554	0.01071406
-664.42244224	0.01167950
-664.38943894	0.01126465
-664.35643564	0.00965481
-664.32343234	0.00711006
-664.29042904	0.00402364
-664.25742574	0.00077328
-664.22442244	-0.00217247
-664.19141914	-0.00428449
-664.15841584	-0.00524950
-664.12541254	-0.00505620
-664.09240924	-0.00380954
-664.05940594	-0.00183671
-664.02640264	0.00082658
-663.99339934	0.00367329
-663.96039604	0.00688869
-663.92739274	0.00992493
-663.89438944	0.01268072
-663.86138614	0.01446893
-663.82838284	0.01499262
-663.79537954	0.01377295
-663.76237624	0.01100186
-663.72937294	0.00711921
-663.69636964	0.00251587
-663.66336634	-0.00211947
-663.63036304	-0.00634075
-663.59735974	-0.00989263
-663.56435644	-0.01247197
-663.53135314	-0.01391589
-663.49834983	-0.01441218
-663.46534653	-0.01356557
-663.43234323	-0.01236563
-663.39933993	-0.01076821
-663.36633663	-0.00926023
-663.33333333	-0.00811772
-663.30033003	-0.00709706
-663.26732673	-0.00627229
-663.23432343	-0.00547430
-663.20132013	-0.00461318
-663.16831683	-0.00405700
-663.13531353	-0.00387415
-663.10231023	-0.00449182
-663.06930693	-0.00574945
-663.03630363	-0.00793248
-663.00330033	-0.01056569
-662.97029703	-0.01376737
-662.93729373	-0.01719332
-662.90429043	-0.02052504
-662.87128713	-0.02331682
-662.83828383	-0.02522613
-662.80528053	-0.02552408
-662.77227723	-0.02431530
-662.73927393	-0.02105286
-662.70627063	-0.01632989
-662.67326733	-0.01046658
-662.64026403	-0.00392252
-662.60726073	0.00266834
-662.57425743	0.00881461
-662.54125413	0.01379596
-662.50825083	0.01768283
-662.47524752	0.02030805
-662.44224422	0.02200577
-662.40924092	0.02285638
-662.37623762	0.02310857
-662.34323432	0.02305164
-662.31023102	0.02269287
-662.27722772	0.02227911
-662.24422442	0.02184533
-662.21122112	0.02146574
-662.17821782	0.02109984
-662.14521452	0.02045290
-662.11221122	0.01937517
-662.07920792	0.01742558
-662.04620462	0.01449271
-662.01320132	0.01030226
-661.98019802	0.00472573
-661.94719472	-0.00204357
-661.91419142	-0.00974936
-661.88118812	-0.01778283
-661.84818482	-0.02565698
-661.81518152	-0.03233459
-661.78217822	-0.03699000
-661.74917492	-0.03917188
-661.71617162	-0.03860735
-661.68316832	-0.03543158
-661.65016502	-0.03045037
-661.61716172	-0.02448841
-661.58415842	-0.01813931
-661.55115512	-0.01209743
-661.51815182	-0.00725038
-661.48514851	-0.00359976
-661.45214521	-0.00136954
-661.41914191	-0.00045134
-661.38613861	-0.00055979
-661.35313531	-0.00127892
-661.32013201	-0.00261287
-661.28712871	-0.00432085
-661.25412541	-0.00618842
-661.22112211	-0.00813427
-661.18811881	-0.00985096
-661.15511551	-0.01065329
-661.12211221	-0.01022984
-661.08910891	-0.00858999
-661.05610561	-0.00585647
-661.02310231	-0.00223031
-660.99009901	0.00198683
-660.95709571	0.00627151
-660.92409241	0.01067425
-660.89108911	0.01531704
-660.85808581	0.01977674
-660.82508251	0.02412003
-660.79207921	0.02761112
-660.75907591	0.03019088
-660.72607261	0.03170164
-660.69306931	0.03204082
-660.66006601	0.03108630
-660.62706271	0.02908761
-660.59405941	0.02619068
-660.56105611	0.02238952
-660.52805281	0.01840781
-660.49504950	0.01425536
-660.46204620	0.01052086
-660.42904290	0.00749455
-660.39603960	0.00521027
-660.36303630	0.00378147
-660.33003300	0.00290158
-660.29702970	0.00181711
-660.26402640	0.00063187
-660.23102310	-0.00140052
-660.19801980	-0.00429765
-660.16501650	-0.00782921
-660.13201320	-0.01186948
-660.09900990	-0.01588706
-660.06600660	-0.01979399
-660.03300330	-0.02322824
-660.00000000	-0.02579159
