# Menlo Systems GmbH ScanControl
# Program Version 1.14.3
# Start: -740.00000000 ps, Average over 1000 waveforms. Timestamp: 2026-02-03T15:29:18
# User time axis shift: 0 ps
# Time axis offset: 0 ps
# Time [ps]	THz Signal [a.u.]
-740.00000000	-0.00020931
-739.96699670	-0.00013867
-739.93399340	-0.00014724
-739.90099010	-0.00017742
-739.86798680	-0.00014515
-739.83498350	-0.00006697
-739.80198020	-0.00008610
-739.76897690	-0.00000811
-739.73597360	-0.00004491
-739.70297030	-0.00002277
-739.66996700	-0.00005003
-739.63696370	-0.00002908
-739.60396040	0.00000776
-739.57095710	-0.00000410
-739.53795380	0.00011960
-739.50495050	0.00007977
-739.47194719	0.00003372
-739.43894389	0.00002574
-739.40594059	0.00014999
-739.37293729	0.00006339
-739.33993399	0.00011719
-739.30693069	0.00007817
-739.27392739	0.00000718
-739.24092409	0.00008951
-739.20792079	-0.00005089
-739.17491749	0.00001858
-739.14191419	0.00013489
-739.10891089	0.00007366
-739.07590759	0.00010389
-739.04290429	0.00007771
-739.00990099	0.00001549
-738.97689769	0.00011924
-738.94389439	0.00003896
-738.91089109	0.00000277
-738.87788779	0.00007017
-738.84488449	0.00010527
-738.81188119	0.00008235
-738.77887789	0.00000743
-738.74587459	0.00002416
-738.71287129	0.00007759
-738.67986799	0.00003538
-738.64686469	0.00003904
-738.61386139	0.00003973
-738.58085809	0.00004799
-738.54785479	0.00011504
-738.51485149	0.00008923
-738.48184818	0.00004166
-738.44884488	-0.00000131
-738.41584158	0.00003165
-738.38283828	-0.00003626
-738.34983498	-0.00001376
-738.31683168	0.00015691
-738.28382838	0.00017076
-738.25082508	0.00016029
-738.21782178	0.00009810
-738.18481848	0.00007211
-738.15181518	0.00006775
-738.11881188	0.00015117
-738.08580858	0.00011648
-738.05280528	0.00007573
-738.01980198	0.00005922
-737.98679868	0.00008581
-737.95379538	0.00006612
-737.92079208	0.00005991
-737.88778878	0.00016841
-737.85478548	0.00011522
-737.82178218	0.00011483
-737.78877888	0.00018767
-737.75577558	0.00021439
-737.72277228	0.00016307
-737.68976898	0.00021603
-737.65676568	0.00018811
-737.62376238	0.00026355
-737.59075908	0.00022366
-737.55775578	0.00025617
-737.52475248	0.00033698
-737.49174917	0.00035585
-737.45874587	0.00032518
-737.42574257	0.00031953
-737.39273927	0.00042708
-737.35973597	0.00049080
-737.32673267	0.00051499
-737.29372937	0.00052982
-737.26072607	0.00061995
-737.22772277	0.00058755
-737.19471947	0.00060794
-737.16171617	0.00074004
-737.12871287	0.00076092
-737.09570957	0.00079005
-737.06270627	0.00091325
-737.02970297	0.00098658
-736.99669967	0.00087977
-736.96369637	0.00093374
-736.93069307	0.00097452
-736.89768977	0.00088346
-736.86468647	0.00093893
-736.83168317	0.00093171
-736.79867987	0.00092327
-736.76567657	0.00077379
-736.73267327	0.00075586
-736.69966997	0.00070532
-736.66666667	0.00059443
-736.63366337	0.00036260
-736.60066007	0.00024579
-736.56765677	0.00017582
-736.53465347	-0.00001025
-736.50165017	-0.00026533
-736.46864686	-0.00053187
-736.43564356	-0.00078085
-736.40264026	-0.00102187
-736.36963696	-0.00130328
-736.33663366	-0.00149118
-736.30363036	-0.00165637
-736.27062706	-0.00185830
-736.23762376	-0.00199039
-736.20462046	-0.00220640
-736.17161716	-0.00228668
-736.13861386	-0.00237960
-736.10561056	-0.00244788
-736.07260726	-0.00246246
-736.03960396	-0.00261340
-736.00660066	-0.00265905
-735.97359736	-0.00272204
-735.94059406	-0.00258254
-735.90759076	-0.00272554
-735.87458746	-0.00257606
-735.84158416	-0.00248728
-735.80858086	-0.00220771
-735.77557756	-0.00175209
-735.74257426	-0.00143566
-735.70957096	-0.00091749
-735.67656766	-0.00039293
-735.64356436	0.00017711
-735.61056106	0.00077033
-735.57755776	0.00130295
-735.54455446	0.00182021
-735.51155116	0.00208591
-735.47854785	0.00239727
-735.44554455	0.00253601
-735.41254125	0.00260504
-735.37953795	0.00256420
-735.34653465	0.00241037
-735.31353135	0.00224956
-735.28052805	0.00194460
-735.24752475	0.00172827
-735.21452145	0.00151647
-735.18151815	0.00137908
-735.14851485	0.00101473
-735.11551155	0.00096653
-735.08250825	0.00076362
-735.04950495	0.00062786
-735.01650165	0.00060788
-734.98349835	0.00048767
-734.95049505	0.00040074
-734.91749175	0.00031881
-734.88448845	0.00027204
-734.85148515	0.00030648
-734.81848185	0.00024354
-734.78547855	0.00017987
-734.75247525	0.00015706
-734.71947195	0.00025815
-734.68646865	0.00012261
-734.65346535	0.00002032
-734.62046205	0.00005213
-734.58745875	0.00005073
-734.55445545	0.00000888
-734.52145215	-0.00000954
-734.48844884	-0.00013717
-734.45544554	-0.00005997
-734.42244224	-0.00006931
-734.38943894	-0.00014517
-734.35643564	-0.00004519
-734.32343234	-0.00007920
-734.29042904	0.00001595
-734.25742574	0.00002931
-734.22442244	0.00004437
-734.19141914	0.00012855
-734.15841584	0.00024011
-734.12541254	0.00029670
-734.09240924	0.00024175
-734.05940594	0.00021190
-734.02640264	0.00031006
-733.99339934	0.00033279
-733.96039604	0.00042450
-733.92739274	0.00030919
-733.89438944	0.00024101
-733.86138614	0.00030441
-733.82838284	0.00031110
-733.79537954	0.00027060
-733.76237624	0.00024882
-733.72937294	0.00022338
-733.69636964	0.00029477
-733.66336634	0.00024858
-733.63036304	0.00032872
-733.59735974	0.00040458
-733.56435644	0.00042220
-733.53135314	0.00039407
-733.49834983	0.00048827
-733.46534653	0.00055309
-733.43234323	0.00037135
-733.39933993	0.00052695
-733.36633663	0.00057189
-733.33333333	0.00042790
-733.30033003	0.00046401
-733.26732673	0.00044897
-733.23432343	0.00035158
-733.20132013	0.00032612
-733.16831683	0.00048371
-733.13531353	0.00030810
-733.10231023	0.00042744
-733.06930693	0.00032989
-733.03630363	0.00036222
-733.00330033	0.00027197
-732.97029703	0.00041860
-732.93729373	0.00048990
-732.90429043	0.00035110
-732.87128713	0.00051582
-732.83828383	0.00052147
-732.80528053	0.00054608
-732.77227723	0.00064045
-732.73927393	0.00066179
-732.70627063	0.00069742
-732.67326733	0.00086671
-732.64026403	0.00077402
-732.60726073	0.00094439
-732.57425743	0.00097240
-732.54125413	0.00102465
-732.50825083	0.00110707
-732.47524752	0.00123417
-732.44224422	0.00125196
-732.40924092	0.00137584
-732.37623762	0.00145135
-732.34323432	0.00154154
-732.31023102	0.00164834
-732.27722772	0.00180592
-732.24422442	0.00194258
-732.21122112	0.00191461
-732.17821782	0.00202576
-732.14521452	0.00219818
-732.11221122	0.00219199
-732.07920792	0.00206659
-732.04620462	0.00201435
-732.01320132	0.00177751
-731.98019802	0.00146179
-731.94719472	0.00102625
-731.91419142	0.00031812
-731.88118812	-0.00036215
-731.84818482	-0.00131397
-731.81518152	-0.00249535
-731.78217822	-0.00359278
-731.74917492	-0.00465275
-731.71617162	-0.00577669
-731.68316832	-0.00657556
-731.65016502	-0.00710578
-731.61716172	-0.00731696
-731.58415842	-0.00710434
-731.55115512	-0.00651979
-731.51815182	-0.00557126
-731.48514851	-0.00450933
-731.45214521	-0.00326339
-731.41914191	-0.00183300
-731.38613861	-0.00074532
-731.35313531	0.00030227
-731.32013201	0.00120645
-731.28712871	0.00180336
-731.25412541	0.00235259
-731.22112211	0.00273314
-731.18811881	0.00284429
-731.15511551	0.00302269
-731.12211221	0.00292931
-731.08910891	0.00272655
-731.05610561	0.00269830
-731.02310231	0.00251009
-730.99009901	0.00235191
-730.95709571	0.00217809
-730.92409241	0.00210408
-730.89108911	0.00185798
-730.85808581	0.00165067
-730.82508251	0.00158778
-730.79207921	0.00132086
-730.75907591	0.00118980
-730.72607261	0.00119002
-730.69306931	0.00109549
-730.66006601	0.00090345
-730.62706271	0.00096507
-730.59405941	0.00091797
-730.56105611	0.00080060
-730.52805281	0.00079213
-730.49504950	0.00074769
-730.46204620	0.00062138
-730.42904290	0.00052763
-730.39603960	0.00041225
-730.36303630	0.00025332
-730.33003300	0.00018391
-730.29702970	0.00000555
-730.26402640	-0.00007822
-730.23102310	-0.00021494
-730.19801980	-0.00019661
-730.16501650	-0.00026295
-730.13201320	-0.00026766
-730.09900990	-0.00009792
-730.06600660	-0.00001759
-730.03300330	0.00009108
-730.00000000	0.00028820
-729.96699670	0.00038150
-729.93399340	0.00049168
-729.90099010	0.00042850
-729.86798680	0.00058089
-729.83498350	0.00053136
-729.80198020	0.00043015
-729.76897690	0.00044754
-729.73597360	0.00015248
-729.70297030	0.00010574
-729.66996700	-0.00008136
-729.63696370	-0.00013539
-729.60396040	-0.00018469
-729.57095710	-0.00024347
-729.53795380	-0.00024066
-729.50495050	-0.00013152
-729.47194719	-0.00004612
-729.43894389	0.00006111
-729.40594059	0.00021392
-729.37293729	0.00030404
-729.33993399	0.00038620
-729.30693069	0.00036482
-729.27392739	0.00029997
-729.24092409	0.00010594
-729.20792079	-0.00004386
-729.17491749	-0.00035140
-729.14191419	-0.00063092
-729.10891089	-0.00104472
-729.07590759	-0.00137670
-729.04290429	-0.00182194
-729.00990099	-0.00213537
-728.97689769	-0.00257970
-728.94389439	-0.00274468
-728.91089109	-0.00294603
-728.87788779	-0.00326163
-728.84488449	-0.00328029
-728.81188119	-0.00337759
-728.77887789	-0.00355235
-728.74587459	-0.00372803
-728.71287129	-0.00419201
-728.67986799	-0.00476277
-728.64686469	-0.00541837
-728.61386139	-0.00656187
-728.58085809	-0.00750000
-728.54785479	-0.00886488
-728.51485149	-0.01011821
-728.48184818	-0.01112757
-728.44884488	-0.01187729
-728.41584158	-0.01205025
-728.38283828	-0.01177850
-728.34983498	-0.01070778
-728.31683168	-0.00906655
-728.28382838	-0.00686059
-728.25082508	-0.00433241
-728.21782178	-0.00158469
-728.18481848	0.00089535
-728.15181518	0.00284747
-728.11881188	0.00438438
-728.08580858	0.00529043
-728.05280528	0.00548250
-728.01980198	0.00537667
-727.98679868	0.00498270
-727.95379538	0.00442423
-727.92079208	0.00405540
-727.88778878	0.00385941
-727.85478548	0.00388795
-727.82178218	0.00411717
-727.78877888	0.00450991
-727.75577558	0.00501724
-727.72277228	0.00557231
-727.68976898	0.00610675
-727.65676568	0.00647529
-727.62376238	0.00644118
-727.59075908	0.00633684
-727.55775578	0.00584622
-727.52475248	0.00508366
-727.49174917	0.00413871
-727.45874587	0.00291382
-727.42574257	0.00185789
-727.39273927	0.00059118
-727.35973597	-0.00056673
-727.32673267	-0.00159442
-727.29372937	-0.00272901
-727.26072607	-0.00350605
-727.22772277	-0.00442379
-727.19471947	-0.00519816
-727.16171617	-0.00595520
-727.12871287	-0.00689197
-727.09570957	-0.00797484
-727.06270627	-0.00933449
-727.02970297	-0.01103297
-726.99669967	-0.01324228
-726.96369637	-0.01567729
-726.93069307	-0.01866170
-726.89768977	-0.02176400
-726.86468647	-0.02470677
-726.83168317	-0.02740080
-726.79867987	-0.02919303
-726.76567657	-0.03014017
-726.73267327	-0.02948349
-726.69966997	-0.02758161
-726.66666667	-0.02408221
-726.63366337	-0.01931042
-726.60066007	-0.01378632
-726.56765677	-0.00792290
-726.53465347	-0.00228920
-726.50165017	0.00243145
-726.46864686	0.00596616
-726.43564356	0.00820187
-726.40264026	0.00909696
-726.36963696	0.00902663
-726.33663366	0.00806102
-726.30363036	0.00696652
-726.27062706	0.00556974
-726.23762376	0.00426469
-726.20462046	0.00313510
-726.17161716	0.00209131
-726.13861386	0.00131278
-726.10561056	0.00077940
-726.07260726	0.00045286
-726.03960396	0.00054631
-726.00660066	0.00059988
-725.97359736	0.00110064
-725.94059406	0.00144715
-725.90759076	0.00203720
-725.87458746	0.00265885
-725.84158416	0.00340847
-725.80858086	0.00450938
-725.77557756	0.00576777
-725.74257426	0.00726585
-725.70957096	0.00912534
-725.67656766	0.01105654
-725.64356436	0.01317235
-725.61056106	0.01547814
-725.57755776	0.01791313
-725.54455446	0.02054146
-725.51155116	0.02346615
-725.47854785	0.02682736
-725.44554455	0.03064410
-725.41254125	0.03502179
-725.37953795	0.04028333
-725.34653465	0.04610258
-725.31353135	0.05275633
-725.28052805	0.06013747
-725.24752475	0.06829056
-725.21452145	0.07716131
-725.18151815	0.08676338
-725.14851485	0.09703979
-725.11551155	0.10758960
-725.08250825	0.11850906
-725.04950495	0.12938265
-725.01650165	0.14014960
-724.98349835	0.15060845
-724.95049505	0.16066080
-724.91749175	0.17071308
-724.88448845	0.18038597
-724.85148515	0.19053054
-724.81848185	0.20122165
-724.78547855	0.21301180
-724.75247525	0.22634117
-724.71947195	0.24195234
-724.68646865	0.26025855
-724.65346535	0.28197950
-724.62046205	0.30750853
-724.58745875	0.33717789
-724.55445545	0.37106355
-724.52145215	0.40879428
-724.48844884	0.44974811
-724.45544554	0.49295805
-724.42244224	0.53685564
-724.38943894	0.57983845
-724.35643564	0.61933690
-724.32343234	0.65322076
-724.29042904	0.67828541
-724.25742574	0.69192211
-724.22442244	0.69143331
-724.19141914	0.67448166
-724.15841584	0.63936861
-724.12541254	0.58555375
-724.09240924	0.51364982
-724.05940594	0.42575092
-724.02640264	0.32503926
-723.99339934	0.21567361
-723.96039604	0.10253409
-723.92739274	-0.00977814
-723.89438944	-0.11756163
-723.86138614	-0.21876084
-723.82838284	-0.31367130
-723.79537954	-0.40562863
-723.76237624	-0.50061556
-723.72937294	-0.60716709
-723.69636964	-0.73488041
-723.66336634	-0.89343546
-723.63036304	-1.09128911
-723.59735974	-1.33294229
-723.56435644	-1.61820277
-723.53135314	-1.93909643
-723.49834983	-2.27923792
-723.46534653	-2.61318060
-723.43234323	-2.90834880
-723.39933993	-3.12897802
-723.36633663	-3.24038092
-723.33333333	-3.21429617
-723.30033003	-3.03278270
-723.26732673	-2.69333134
-723.23432343	-2.21245429
-723.20132013	-1.62373020
-723.16831683	-0.97586136
-723.13531353	-0.32190748
-723.10231023	0.28693834
-723.06930693	0.81234223
-723.03630363	1.23153177
-723.00330033	1.53968775
-722.97029703	1.74536421
-722.93729373	1.86336228
-722.90429043	1.90969185
-722.87128713	1.89725708
-722.83828383	1.83794125
-722.80528053	1.74196184
-722.77227723	1.62185850
-722.73927393	1.49056120
-722.70627063	1.35987597
-722.67326733	1.23636498
-722.64026403	1.12191377
-722.60726073	1.01286676
-722.57425743	0.90486440
-722.54125413	0.79652730
-722.50825083	0.68994568
-722.47524752	0.59170785
-722.44224422	0.50691904
-722.40924092	0.43913086
-722.37623762	0.38694242
-722.34323432	0.34632830
-722.31023102	0.31214029
-722.27722772	0.28022546
-722.24422442	0.24706607
-722.21122112	0.21083092
-722.17821782	0.16968734
-722.14521452	0.12369783
-722.11221122	0.07344697
-722.07920792	0.02197459
-722.04620462	-0.02738476
-722.01320132	-0.07143753
-721.98019802	-0.10815112
-721.94719472	-0.13547982
-721.91419142	-0.15199313
-721.88118812	-0.15519368
-721.84818482	-0.14315690
-721.81518152	-0.11518360
-721.78217822	-0.07262017
-721.74917492	-0.01975072
-721.71617162	0.03774972
-721.68316832	0.09287910
-721.65016502	0.13934450
-721.61716172	0.17176947
-721.58415842	0.18710095
-721.55115512	0.18496730
-721.51815182	0.16681246
-721.48514851	0.13600544
-721.45214521	0.09550545
-721.41914191	0.04873869
-721.38613861	-0.00124800
-721.35313531	-0.05062932
-721.32013201	-0.09453740
-721.28712871	-0.12727072
-721.25412541	-0.14494299
-721.22112211	-0.14559863
-721.18811881	-0.13051527
-721.15511551	-0.10298691
-721.12211221	-0.06804440
-721.08910891	-0.03146204
-721.05610561	0.00165003
-721.02310231	0.02643295
-720.99009901	0.04053141
-720.95709571	0.04386153
-720.92409241	0.03847487
-720.89108911	0.02852169
-720.85808581	0.01659918
-720.82508251	0.00519569
-720.79207921	-0.00576837
-720.75907591	-0.01653906
-720.72607261	-0.02733350
-720.69306931	-0.03810717
-720.66006601	-0.04806735
-720.62706271	-0.05576921
-720.59405941	-0.06032511
-720.56105611	-0.06125682
-720.52805281	-0.05938698
-720.49504950	-0.05562382
-720.46204620	-0.05085293
-720.42904290	-0.04485694
-720.39603960	-0.03801599
-720.36303630	-0.03114652
-720.33003300	-0.02658558
-720.29702970	-0.02730253
-720.26402640	-0.03445492
-720.23102310	-0.04689481
-720.19801980	-0.06092256
-720.16501650	-0.07178221
-720.13201320	-0.07567479
-720.09900990	-0.07078879
-720.06600660	-0.05679858
-720.03300330	-0.03486126
-720.00000000	-0.00695219
-719.96699670	0.02450237
-719.93399340	0.05713927
-719.90099010	0.08849453
-719.86798680	0.11665828
-719.83498350	0.13962407
-719.80198020	0.15617103
-719.76897690	0.16472132
-719.73597360	0.16451585
-719.70297030	0.15413460
-719.66996700	0.13268621
-719.63696370	0.09971384
-719.60396040	0.05620915
-719.57095710	0.00570811
-719.53795380	-0.04626985
-719.50495050	-0.09319112
-719.47194719	-0.12888741
-719.43894389	-0.14961192
-719.40594059	-0.15418619
-719.37293729	-0.14415625
-719.33993399	-0.12213351
-719.30693069	-0.09162794
-719.27392739	-0.05539889
-719.24092409	-0.01788693
-719.20792079	0.01662642
-719.17491749	0.04327359
-719.14191419	0.05754513
-719.10891089	0.05786110
-719.07590759	0.04530090
-719.04290429	0.02379813
-719.00990099	-0.00240759
-718.97689769	-0.02892970
-718.94389439	-0.05310040
-718.91089109	-0.07310871
-718.87788779	-0.08756050
-718.84488449	-0.09548893
-718.81188119	-0.09595482
-718.77887789	-0.08959857
-718.74587459	-0.07746381
-718.71287129	-0.06283342
-718.67986799	-0.04762687
-718.64686469	-0.03420906
-718.61386139	-0.02269239
-718.58085809	-0.01269824
-718.54785479	-0.00357728
-718.51485149	0.00500495
-718.48184818	0.01245684
-718.44884488	0.01864695
-718.41584158	0.02273323
-718.38283828	0.02532314
-718.34983498	0.02592965
-718.31683168	0.02404773
-718.28382838	0.01940466
-718.25082508	0.01138016
-718.21782178	0.00178172
-718.18481848	-0.00665168
-718.15181518	-0.01016300
-718.11881188	-0.00555698
-718.08580858	0.00765470
-718.05280528	0.02684253
-718.01980198	0.04710813
-717.98679868	0.06176782
-717.95379538	0.06614525
-717.92079208	0.05751473
-717.88778878	0.03744902
-717.85478548	0.00998713
-717.82178218	-0.01926561
-717.78877888	-0.04551261
-717.75577558	-0.06566479
-717.72277228	-0.07830433
-717.68976898	-0.08383254
-717.65676568	-0.08333192
-717.62376238	-0.07793044
-717.59075908	-0.06979700
-717.55775578	-0.06072756
-717.52475248	-0.05206355
-717.49174917	-0.04520272
-717.45874587	-0.04082278
-717.42574257	-0.03861576
-717.39273927	-0.03799461
-717.35973597	-0.03762939
-717.32673267	-0.03706152
-717.29372937	-0.03634577
-717.26072607	-0.03714840
-717.22772277	-0.04046509
-717.19471947	-0.04648626
-717.16171617	-0.05335335
-717.12871287	-0.05750929
-717.09570957	-0.05544892
-717.06270627	-0.04493060
-717.02970297	-0.02664884
-716.99669967	-0.00440825
-716.96369637	0.01679288
-716.93069307	0.03267580
-716.89768977	0.04106469
-716.86468647	0.04203255
-716.83168317	0.03780861
-716.79867987	0.03099897
-716.76567657	0.02304362
-716.73267327	0.01500087
-716.69966997	0.00717326
-716.66666667	-0.00021687
-716.63366337	-0.00614603
-716.60066007	-0.00934208
-716.56765677	-0.00841506
-716.53465347	-0.00260055
-716.50165017	0.00721192
-716.46864686	0.01881977
-716.43564356	0.02934804
-716.40264026	0.03654627
-716.36963696	0.03952454
-716.33663366	0.04029363
-716.30363036	0.04133937
-716.27062706	0.04491891
-716.23762376	0.05171884
-716.20462046	0.06049298
-716.17161716	0.06823424
-716.13861386	0.07180697
-716.10561056	0.06886054
-716.07260726	0.05821971
-716.03960396	0.04072013
-716.00660066	0.01839105
-715.97359736	-0.00622148
-715.94059406	-0.03029174
-715.90759076	-0.05072784
-715.87458746	-0.06553219
-715.84158416	-0.07384143
-715.80858086	-0.07607116
-715.77557756	-0.07364470
-715.74257426	-0.06912547
-715.70957096	-0.06450369
-715.67656766	-0.06197821
-715.64356436	-0.06253537
-715.61056106	-0.06645368
-715.57755776	-0.07213392
-715.54455446	-0.07765211
-715.51155116	-0.08002536
-715.47854785	-0.07817898
-715.44554455	-0.07190205
-715.41254125	-0.06274914
-715.37953795	-0.05317484
-715.34653465	-0.04524959
-715.31353135	-0.04011675
-715.28052805	-0.03704667
-715.24752475	-0.03458436
-715.21452145	-0.02953497
-715.18151815	-0.01975747
-715.14851485	-0.00468034
-715.11551155	0.01450590
-715.08250825	0.03486276
-715.04950495	0.05356891
-715.01650165	0.06778311
-714.98349835	0.07615324
-714.95049505	0.07821215
-714.91749175	0.07398368
-714.88448845	0.06441497
-714.85148515	0.05104456
-714.81848185	0.03626451
-714.78547855	0.02338092
-714.75247525	0.01464022
-714.71947195	0.01166549
-714.68646865	0.01388786
-714.65346535	0.01992099
-714.62046205	0.02769499
-714.58745875	0.03538474
-714.55445545	0.04215666
-714.52145215	0.04813397
-714.48844884	0.05362880
-714.45544554	0.05918740
-714.42244224	0.06491001
-714.38943894	0.07024168
-714.35643564	0.07461001
-714.32343234	0.07658849
-714.29042904	0.07503118
-714.25742574	0.06934539
-714.22442244	0.06000389
-714.19141914	0.04855722
-714.15841584	0.03663616
-714.12541254	0.02531381
-714.09240924	0.01546257
-714.05940594	0.00648684
-714.02640264	-0.00295576
-713.99339934	-0.01306220
-713.96039604	-0.02458979
-713.92739274	-0.03670224
-713.89438944	-0.04836309
-713.86138614	-0.05876153
-713.82838284	-0.06644830
-713.79537954	-0.07128930
-713.76237624	-0.07231213
-713.72937294	-0.06982800
-713.69636964	-0.06407774
-713.66336634	-0.05644732
-713.63036304	-0.04875080
-713.59735974	-0.04214871
-713.56435644	-0.03733690
-713.53135314	-0.03458506
-713.49834983	-0.03324150
-713.46534653	-0.03272832
-713.43234323	-0.03207211
-713.39933993	-0.03080919
-713.36633663	-0.02775465
-713.33333333	-0.02173256
-713.30033003	-0.01317784
-713.26732673	-0.00195666
-713.23432343	0.00971865
-713.20132013	0.01940709
-713.16831683	0.02484814
-713.13531353	0.02434073
-713.10231023	0.01784437
-713.06930693	0.00695664
-713.03630363	-0.00592621
-713.00330033	-0.01756951
-712.97029703	-0.02567685
-712.93729373	-0.02830026
-712.90429043	-0.02500390
-712.87128713	-0.01710708
-712.83828383	-0.00649944
-712.80528053	0.00450796
-712.77227723	0.01377734
-712.73927393	0.02038010
-712.70627063	0.02412134
-712.67326733	0.02514462
-712.64026403	0.02473936
-712.60726073	0.02410888
-712.57425743	0.02405068
-712.54125413	0.02463229
-712.50825083	0.02570059
-712.47524752	0.02615509
-712.44224422	0.02522782
-712.40924092	0.02229023
-712.37623762	0.01773884
-712.34323432	0.01186980
-712.31023102	0.00583103
-712.27722772	0.00057966
-712.24422442	-0.00362211
-712.21122112	-0.00648060
-712.17821782	-0.00854906
-712.14521452	-0.01064824
-712.11221122	-0.01309612
-712.07920792	-0.01582974
-712.04620462	-0.01750763
-712.01320132	-0.01732763
-711.98019802	-0.01420953
-711.94719472	-0.00940875
-711.91419142	-0.00487574
-711.88118812	-0.00297395
-711.84818482	-0.00541090
-711.81518152	-0.01191319
-711.78217822	-0.02109639
-711.74917492	-0.03057494
-711.71617162	-0.03842452
-711.68316832	-0.04345037
-711.65016502	-0.04415135
-711.61716172	-0.04030760
-711.58415842	-0.03186878
-711.55115512	-0.01917637
-711.51815182	-0.00368350
-711.48514851	0.01232275
-711.45214521	0.02764749
-711.41914191	0.04061435
-711.38613861	0.05087035
-711.35313531	0.05857826
-711.32013201	0.06441615
-711.28712871	0.06821361
-711.25412541	0.06943949
-711.22112211	0.06708350
-711.18811881	0.06012762
-711.15511551	0.04789820
-711.12211221	0.03072132
-711.08910891	0.00973733
-711.05610561	-0.01282592
-711.02310231	-0.03458148
-710.99009901	-0.05302692
-710.95709571	-0.06586451
-710.92409241	-0.07178207
-710.89108911	-0.06996212
-710.85808581	-0.06031719
-710.82508251	-0.04434506
-710.79207921	-0.02384086
-710.75907591	-0.00154952
-710.72607261	0.01977712
-710.69306931	0.03779097
-710.66006601	0.05090935
-710.62706271	0.05903829
-710.59405941	0.06284767
-710.56105611	0.06322274
-710.52805281	0.06116213
-710.49504950	0.05708744
-710.46204620	0.04989360
-710.42904290	0.03888922
-710.39603960	0.02345827
-710.36303630	0.00393048
-710.33003300	-0.01763129
-710.29702970	-0.03830932
-710.26402640	-0.05484731
-710.23102310	-0.06430021
-710.19801980	-0.06536756
-710.16501650	-0.05869360
-710.13201320	-0.04635787
-710.09900990	-0.03159938
-710.06600660	-0.01691412
-710.03300330	-0.00421982
-710.00000000	0.00486597
-709.96699670	0.00969742
-709.93399340	0.01040820
-709.90099010	0.00655443
-709.86798680	-0.00048164
-709.83498350	-0.00869342
-709.80198020	-0.01616664
-709.76897690	-0.02088663
-709.73597360	-0.02130896
-709.70297030	-0.01697177
-709.66996700	-0.00852812
-709.63696370	0.00324807
-709.60396040	0.01677243
-709.57095710	0.03042656
-709.53795380	0.04218781
-709.50495050	0.05077270
-709.47194719	0.05490918
-709.43894389	0.05402164
-709.40594059	0.04815781
-709.37293729	0.03778052
-709.33993399	0.02375487
-709.30693069	0.00764296
-709.27392739	-0.00918599
-709.24092409	-0.02484937
-709.20792079	-0.03732879
-709.17491749	-0.04493131
-709.14191419	-0.04649537
-709.10891089	-0.04154378
-709.07590759	-0.03043386
-709.04290429	-0.01440799
-709.00990099	0.00506189
-708.97689769	0.02653158
-708.94389439	0.04861568
-708.91089109	0.06976574
-708.87788779	0.08785115
-708.84488449	0.10027246
-708.81188119	0.10390199
-708.77887789	0.09695146
-708.74587459	0.07988487
-708.71287129	0.05459344
-708.67986799	0.02571377
-708.64686469	-0.00287871
-708.61386139	-0.02781443
-708.58085809	-0.04674379
-708.54785479	-0.05916985
-708.51485149	-0.06488826
-708.48184818	-0.06479002
-708.44884488	-0.05938137
-708.41584158	-0.04978324
-708.38283828	-0.03809003
-708.34983498	-0.02643444
-708.31683168	-0.01703186
-708.28382838	-0.01177989
-708.25082508	-0.01171701
-708.21782178	-0.01704100
-708.18481848	-0.02677216
-708.15181518	-0.03927770
-708.11881188	-0.05174458
-708.08580858	-0.06158905
-708.05280528	-0.06657226
-708.01980198	-0.06491486
-707.98679868	-0.05602553
-707.95379538	-0.04036961
-707.92079208	-0.01883252
-707.88778878	0.00669025
-707.85478548	0.03391194
-707.82178218	0.05976828
-707.78877888	0.08183042
-707.75577558	0.09703825
-707.72277228	0.10337771
-707.68976898	0.09992801
-707.65676568	0.08696641
-707.62376238	0.06630961
-707.59075908	0.04064681
-707.55775578	0.01349665
-707.52475248	-0.01252447
-707.49174917	-0.03562892
-707.45874587	-0.05474854
-707.42574257	-0.06944630
-707.39273927	-0.07862827
-707.35973597	-0.08144403
-707.32673267	-0.07629914
-707.29372937	-0.06250642
-707.26072607	-0.03983046
-707.22772277	-0.00908047
-707.19471947	0.02671755
-707.16171617	0.06389882
-707.12871287	0.09711883
-707.09570957	0.12105936
-707.06270627	0.13208802
-707.02970297	0.12842304
-706.99669967	0.11090574
-706.96369637	0.08268022
-706.93069307	0.04764036
-706.89768977	0.01044025
-706.86468647	-0.02481353
-706.83168317	-0.05469845
-706.79867987	-0.07656924
-706.76567657	-0.08915634
-706.73267327	-0.09250283
-706.69966997	-0.08822907
-706.66666667	-0.07880247
-706.63366337	-0.06753656
-706.60066007	-0.05692586
-706.56765677	-0.04786050
-706.53465347	-0.04072793
-706.50165017	-0.03510531
-706.46864686	-0.02973914
-706.43564356	-0.02387767
-706.40264026	-0.01741789
-706.36963696	-0.00972936
-706.33663366	-0.00136546
-706.30363036	0.00673298
-706.27062706	0.01471389
-706.23762376	0.02177006
-706.20462046	0.02734408
-706.17161716	0.03153775
-706.13861386	0.03420278
-706.10561056	0.03521739
-706.07260726	0.03509034
-706.03960396	0.03350641
-706.00660066	0.03096714
-705.97359736	0.02769596
-705.94059406	0.02375571
-705.90759076	0.01972398
-705.87458746	0.01563123
-705.84158416	0.01161508
-705.80858086	0.00709393
-705.77557756	0.00158202
-705.74257426	-0.00589930
-705.70957096	-0.01549076
-705.67656766	-0.02712355
-705.64356436	-0.03938061
-705.61056106	-0.05058094
-705.57755776	-0.05813966
-705.54455446	-0.05990524
-705.51155116	-0.05463244
-705.47854785	-0.04205271
-705.44554455	-0.02324691
-705.41254125	-0.00054807
-705.37953795	0.02333229
-705.34653465	0.04521765
-705.31353135	0.06286425
-705.28052805	0.07485544
-705.24752475	0.08022665
-705.21452145	0.07874073
-705.18151815	0.07058353
-705.14851485	0.05635181
-705.11551155	0.03737010
-705.08250825	0.01559021
-705.04950495	-0.00615637
-705.01650165	-0.02547600
-704.98349835	-0.04097643
-704.95049505	-0.05146559
-704.91749175	-0.05644099
-704.88448845	-0.05617236
-704.85148515	-0.05081294
-704.81848185	-0.04119314
-704.78547855	-0.02889449
-704.75247525	-0.01569920
-704.71947195	-0.00398707
-704.68646865	0.00435955
-704.65346535	0.00814540
-704.62046205	0.00704073
-704.58745875	0.00188525
-704.55445545	-0.00526879
-704.52145215	-0.01277255
-704.48844884	-0.01879304
-704.45544554	-0.02210913
-704.42244224	-0.02245670
-704.38943894	-0.02005549
-704.35643564	-0.01501858
-704.32343234	-0.00816829
-704.29042904	0.00039610
-704.25742574	0.00994647
-704.22442244	0.02002279
-704.19141914	0.02975048
-704.15841584	0.03773715
-704.12541254	0.04248950
-704.09240924	0.04232409
-704.05940594	0.03654016
-704.02640264	0.02480219
-703.99339934	0.00843282
-703.96039604	-0.00994829
-703.92739274	-0.02786225
-703.89438944	-0.04259839
-703.86138614	-0.05278017
-703.82838284	-0.05778136
-703.79537954	-0.05778630
-703.76237624	-0.05216919
-703.72937294	-0.04093610
-703.69636964	-0.02368917
-703.66336634	-0.00051600
-703.63036304	0.02643547
-703.59735974	0.05521270
-703.56435644	0.08248848
-703.53135314	0.10406788
-703.49834983	0.11663685
-703.46534653	0.11811168
-703.43234323	0.10783429
-703.39933993	0.08677460
-703.36633663	0.05831899
-703.33333333	0.02631306
-703.30033003	-0.00542547
-703.26732673	-0.03315715
-703.23432343	-0.05429984
-703.20132013	-0.06794581
-703.16831683	-0.07367333
-703.13531353	-0.07201070
-703.10231023	-0.06452250
-703.06930693	-0.05248017
-703.03630363	-0.03775788
-703.00330033	-0.02243898
-702.97029703	-0.00830666
-702.93729373	0.00258886
-702.90429043	0.00917665
-702.87128713	0.01102856
-702.83828383	0.00855008
-702.80528053	0.00280342
-702.77227723	-0.00450420
-702.73927393	-0.01212613
-702.70627063	-0.01871737
-702.67326733	-0.02318420
-702.64026403	-0.02501266
-702.60726073	-0.02339717
-702.57425743	-0.01852069
-702.54125413	-0.01148436
-702.50825083	-0.00365664
-702.47524752	0.00336135
-702.44224422	0.00863618
-702.40924092	0.01142980
-702.37623762	0.01181188
-702.34323432	0.01026132
-702.31023102	0.00777498
-702.27722772	0.00492136
-702.24422442	0.00244141
-702.21122112	0.00121596
-702.17821782	0.00110408
-702.14521452	0.00227346
-702.11221122	0.00395460
-702.07920792	0.00547846
-702.04620462	0.00661339
-702.01320132	0.00707840
-701.98019802	0.00690222
-701.94719472	0.00743568
-701.91419142	0.00888749
-701.88118812	0.01152105
-701.84818482	0.01546526
-701.81518152	0.01950343
-701.78217822	0.02243760
-701.74917492	0.02360715
-701.71617162	0.02194659
-701.68316832	0.01758068
-701.65016502	0.01027382
-701.61716172	0.00037477
-701.58415842	-0.01124025
-701.55115512	-0.02288002
-701.51815182	-0.03269597
-701.48514851	-0.03905003
-701.45214521	-0.04087823
-701.41914191	-0.03841978
-701.38613861	-0.03247759
-701.35313531	-0.02444299
-701.32013201	-0.01595499
-701.28712871	-0.00785495
-701.25412541	-0.00092257
-701.22112211	0.00399769
-701.18811881	0.00693414
-701.15511551	0.00772157
-701.12211221	0.00632727
-701.08910891	0.00315981
-701.05610561	-0.00141609
-701.02310231	-0.00708080
-700.99009901	-0.01281999
-700.95709571	-0.01811086
-700.92409241	-0.02178327
-700.89108911	-0.02263750
-700.85808581	-0.02027541
-700.82508251	-0.01440542
-700.79207921	-0.00562983
-700.75907591	0.00445834
-700.72607261	0.01431703
-700.69306931	0.02195915
-700.66006601	0.02602634
-700.62706271	0.02668374
-700.59405941	0.02412482
-700.56105611	0.01930348
-700.52805281	0.01377821
-700.49504950	0.00796456
-700.46204620	0.00225493
-700.42904290	-0.00270279
-700.39603960	-0.00681359
-700.36303630	-0.01034510
-700.33003300	-0.01308621
-700.29702970	-0.01492749
-700.26402640	-0.01583751
-700.23102310	-0.01527034
-700.19801980	-0.01240422
-700.16501650	-0.00724728
-700.13201320	0.00074056
-700.09900990	0.01077742
-700.06600660	0.02140638
-700.03300330	0.03154872
-700.00000000	0.03957283
-699.96699670	0.04465095
-699.93399340	0.04603519
-699.90099010	0.04296829
-699.86798680	0.03562441
-699.83498350	0.02444651
-699.80198020	0.01055519
-699.76897690	-0.00422198
-699.73597360	-0.01848653
-699.70297030	-0.03072297
-699.66996700	-0.03937228
-699.63696370	-0.04416325
-699.60396040	-0.04467761
-699.57095710	-0.04060475
-699.53795380	-0.03210988
-699.50495050	-0.01976057
-699.47194719	-0.00534481
-699.43894389	0.00935508
-699.40594059	0.02177823
-699.37293729	0.02964403
-699.33993399	0.03179624
-699.30693069	0.02799396
-699.27392739	0.01933167
-699.24092409	0.00771439
-699.20792079	-0.00470622
-699.17491749	-0.01628212
-699.14191419	-0.02567390
-699.10891089	-0.03246437
-699.07590759	-0.03669209
-699.04290429	-0.03853756
-699.00990099	-0.03857163
-698.97689769	-0.03691010
-698.94389439	-0.03402519
-698.91089109	-0.03011253
-698.87788779	-0.02484475
-698.84488449	-0.01863483
-698.81188119	-0.01174397
-698.77887789	-0.00485785
-698.74587459	0.00087864
-698.71287129	0.00472431
-698.67986799	0.00568921
-698.64686469	0.00394883
-698.61386139	0.00047638
-698.58085809	-0.00329654
-698.54785479	-0.00539367
-698.51485149	-0.00403597
-698.48184818	0.00115080
-698.44884488	0.01022898
-698.41584158	0.02182686
-698.38283828	0.03384472
-698.34983498	0.04444114
-698.31683168	0.05185179
-698.28382838	0.05488288
-698.25082508	0.05316708
-698.21782178	0.04684803
-698.18481848	0.03631069
-698.15181518	0.02304396
-698.11881188	0.00781266
-698.08580858	-0.00768286
-698.05280528	-0.02164233
-698.01980198	-0.03235744
-697.98679868	-0.03843848
-697.95379538	-0.03854225
-697.92079208	-0.03198672
-697.88778878	-0.02012969
-697.85478548	-0.00414692
-697.82178218	0.01305669
-697.78877888	0.02837709
-697.75577558	0.03908109
-697.72277228	0.04330644
-697.68976898	0.04015795
-697.65676568	0.03016950
-697.62376238	0.01501220
-697.59075908	-0.00270928
-697.55775578	-0.02035389
-697.52475248	-0.03513838
-697.49174917	-0.04560694
-697.45874587	-0.05102672
-697.42574257	-0.05161358
-697.39273927	-0.04862928
-697.35973597	-0.04314397
-697.32673267	-0.03633386
-697.29372937	-0.02910285
-697.26072607	-0.02184472
-697.22772277	-0.01485865
-697.19471947	-0.00807580
-697.16171617	-0.00136283
-697.12871287	0.00517985
-697.09570957	0.01153416
-697.06270627	0.01767268
-697.02970297	0.02301620
-696.99669967	0.02758823
-696.96369637	0.03096254
-696.93069307	0.03260831
-696.89768977	0.03173297
-696.86468647	0.02844730
-696.83168317	0.02324418
-696.79867987	0.01739249
-696.76567657	0.01222275
-696.73267327	0.00902215
-696.69966997	0.00849565
-696.66666667	0.01053542
-696.63366337	0.01497340
-696.60066007	0.02064475
-696.56765677	0.02634703
-696.53465347	0.03079604
-696.50165017	0.03241191
-696.46864686	0.03072255
-696.43564356	0.02538018
-696.40264026	0.01710240
-696.36963696	0.00696502
-696.33663366	-0.00353912
-696.30363036	-0.01361039
-696.27062706	-0.02194274
-696.23762376	-0.02784342
-696.20462046	-0.03050347
-696.17161716	-0.02917736
-696.13861386	-0.02407465
-696.10561056	-0.01592385
-696.07260726	-0.00605074
-696.03960396	0.00446354
-696.00660066	0.01344643
-695.97359736	0.02044114
-695.94059406	0.02489505
-695.90759076	0.02627608
-695.87458746	0.02511794
-695.84158416	0.02177711
-695.80858086	0.01662643
-695.77557756	0.01016213
-695.74257426	0.00336865
-695.70957096	-0.00345865
-695.67656766	-0.00902300
-695.64356436	-0.01267281
-695.61056106	-0.01456088
-695.57755776	-0.01485869
-695.54455446	-0.01510838
-695.51155116	-0.01584678
-695.47854785	-0.01725754
-695.44554455	-0.01953508
-695.41254125	-0.02164911
-695.37953795	-0.02297416
-695.34653465	-0.02317544
-695.31353135	-0.02140376
-695.28052805	-0.01744375
-695.24752475	-0.01148123
-695.21452145	-0.00335667
-695.18151815	0.00629863
-695.14851485	0.01667813
-695.11551155	0.02709473
-695.08250825	0.03650143
-695.04950495	0.04405354
-695.01650165	0.04907881
-694.98349835	0.05062668
-694.95049505	0.04839833
-694.91749175	0.04254168
-694.88448845	0.03351514
-694.85148515	0.02229489
-694.81848185	0.01017786
-694.78547855	-0.00159289
-694.75247525	-0.01165418
-694.71947195	-0.01934139
-694.68646865	-0.02422361
-694.65346535	-0.02618256
-694.62046205	-0.02624003
-694.58745875	-0.02469891
-694.55445545	-0.02215801
-694.52145215	-0.01932201
-694.48844884	-0.01600282
-694.45544554	-0.01229888
-694.42244224	-0.00750668
-694.38943894	-0.00153064
-694.35643564	0.00550434
-694.32343234	0.01386276
-694.29042904	0.02264542
-694.25742574	0.03092412
-694.22442244	0.03776590
-694.19141914	0.04187980
-694.15841584	0.04257820
-694.12541254	0.03950099
-694.09240924	0.03259271
-694.05940594	0.02269801
-694.02640264	0.01051940
-693.99339934	-0.00231721
-693.96039604	-0.01447074
-693.92739274	-0.02465683
-693.89438944	-0.03224019
-693.86138614	-0.03714374
-693.82838284	-0.03932034
-693.79537954	-0.03950103
-693.76237624	-0.03813435
-693.72937294	-0.03596182
-693.69636964	-0.03355351
-693.66336634	-0.03120832
-693.63036304	-0.02983026
-693.59735974	-0.02918320
-693.56435644	-0.02913410
-693.53135314	-0.02898073
-693.49834983	-0.02703191
-693.46534653	-0.02250432
-693.43234323	-0.01490067
-693.39933993	-0.00425543
-693.36633663	0.00765049
-693.33333333	0.01913213
-693.30033003	0.02825480
-693.26732673	0.03313395
-693.23432343	0.03336593
-693.20132013	0.02906559
-693.16831683	0.02102471
-693.13531353	0.01108110
-693.10231023	0.00131702
-693.06930693	-0.00697236
-693.03630363	-0.01204370
-693.00330033	-0.01337694
-692.97029703	-0.01142032
-692.93729373	-0.00695680
-692.90429043	-0.00094581
-692.87128713	0.00495436
-692.83828383	0.00947599
-692.80528053	0.01216581
-692.77227723	0.01242462
-692.73927393	0.00992879
-692.70627063	0.00521734
-692.67326733	-0.00096727
-692.64026403	-0.00777536
-692.60726073	-0.01386537
-692.57425743	-0.01744731
-692.54125413	-0.01791908
-692.50825083	-0.01497514
-692.47524752	-0.00919745
-692.44224422	-0.00261115
-692.40924092	0.00297703
-692.37623762	0.00544350
-692.34323432	0.00446632
-692.31023102	0.00019416
-692.27722772	-0.00581210
-692.24422442	-0.01237450
-692.21122112	-0.01780957
-692.17821782	-0.02129487
-692.14521452	-0.02262003
-692.11221122	-0.02203967
-692.07920792	-0.02063769
-692.04620462	-0.01908132
-692.01320132	-0.01833549
-691.98019802	-0.01878412
-691.94719472	-0.02048280
-691.91419142	-0.02280988
-691.88118812	-0.02530537
-691.84818482	-0.02728500
-691.81518152	-0.02788763
-691.78217822	-0.02656177
-691.74917492	-0.02292314
-691.71617162	-0.01658371
-691.68316832	-0.00778739
-691.65016502	0.00300773
-691.61716172	0.01526543
-691.58415842	0.02768835
-691.55115512	0.03918612
-691.51815182	0.04857049
-691.48514851	0.05472641
-691.45214521	0.05730511
-691.41914191	0.05602189
-691.38613861	0.05080607
-691.35313531	0.04267556
-691.32013201	0.03222885
-691.28712871	0.02072496
-691.25412541	0.00953369
-691.22112211	-0.00022081
-691.18811881	-0.00723761
-691.15511551	-0.01100484
-691.12211221	-0.01142426
-691.08910891	-0.00936420
-691.05610561	-0.00576651
-691.02310231	-0.00172699
-690.99009901	0.00201073
-690.95709571	0.00528893
-690.92409241	0.00787763
-690.89108911	0.01036037
-690.85808581	0.01249830
-690.82508251	0.01443501
-690.79207921	0.01627928
-690.75907591	0.01803369
-690.72607261	0.01956021
-690.69306931	0.02102495
-690.66006601	0.02215540
-690.62706271	0.02282163
-690.59405941	0.02249297
-690.56105611	0.02019518
-690.52805281	0.01547440
-690.49504950	0.00802656
-690.46204620	-0.00171422
-690.42904290	-0.01247116
-690.39603960	-0.02320714
-690.36303630	-0.03171401
-690.33003300	-0.03669086
-690.29702970	-0.03787172
-690.26402640	-0.03505112
-690.23102310	-0.02909086
-690.19801980	-0.02103195
-690.16501650	-0.01167512
-690.13201320	-0.00217400
-690.09900990	0.00630293
-690.06600660	0.01287254
-690.03300330	0.01621089
-690.00000000	0.01577739
-689.96699670	0.01134869
-689.93399340	0.00421876
-689.90099010	-0.00462832
-689.86798680	-0.01360426
-689.83498350	-0.02103647
-689.80198020	-0.02561501
-689.76897690	-0.02711421
-689.73597360	-0.02508589
-689.70297030	-0.01979290
-689.66996700	-0.01236880
-689.63696370	-0.00383178
-689.60396040	0.00390412
-689.57095710	0.00968971
-689.53795380	0.01206828
-689.50495050	0.01070386
-689.47194719	0.00605195
-689.43894389	-0.00059030
-689.40594059	-0.00777725
-689.37293729	-0.01362598
-689.33993399	-0.01714569
-689.30693069	-0.01793599
-689.27392739	-0.01601556
-689.24092409	-0.01190926
-689.20792079	-0.00603576
-689.17491749	0.00047436
-689.14191419	0.00712244
-689.10891089	0.01316468
-689.07590759	0.01750751
-689.04290429	0.01986324
-689.00990099	0.01995787
-688.97689769	0.01802781
-688.94389439	0.01454891
-688.91089109	0.01023933
-688.87788779	0.00579948
-688.84488449	0.00198431
-688.81188119	-0.00086622
-688.77887789	-0.00218250
-688.74587459	-0.00224076
-688.71287129	-0.00098310
-688.67986799	0.00077170
-688.64686469	0.00219016
-688.61386139	0.00282937
-688.58085809	0.00180786
-688.54785479	-0.00076531
-688.51485149	-0.00452040
-688.48184818	-0.00893803
-688.44884488	-0.01336598
-688.41584158	-0.01714845
-688.38283828	-0.01992300
-688.34983498	-0.02177709
-688.31683168	-0.02267151
-688.28382838	-0.02307014
-688.25082508	-0.02349275
-688.21782178	-0.02403165
-688.18481848	-0.02500038
-688.15181518	-0.02570875
-688.11881188	-0.02592660
-688.08580858	-0.02423380
-688.05280528	-0.02006620
-688.01980198	-0.01304798
-687.98679868	-0.00360363
-687.95379538	0.00699224
-687.92079208	0.01736632
-687.88778878	0.02618820
-687.85478548	0.03218405
-687.82178218	0.03528382
-687.78877888	0.03532717
-687.75577558	0.03292762
-687.72277228	0.02834190
-687.68976898	0.02263612
-687.65676568	0.01611789
-687.62376238	0.00939839
-687.59075908	0.00270223
-687.55775578	-0.00297858
-687.52475248	-0.00749129
-687.49174917	-0.01049846
-687.45874587	-0.01135509
-687.42574257	-0.01015757
-687.39273927	-0.00687579
-687.35973597	-0.00193477
-687.32673267	0.00382489
-687.29372937	0.00918024
-687.26072607	0.01352085
-687.22772277	0.01590803
-687.19471947	0.01632685
-687.16171617	0.01526497
-687.12871287	0.01278395
-687.09570957	0.00982412
-687.06270627	0.00638517
-687.02970297	0.00275358
-686.99669967	-0.00057616
-686.96369637	-0.00399351
-686.93069307	-0.00748743
-686.89768977	-0.01120030
-686.86468647	-0.01503436
-686.83168317	-0.01875789
-686.79867987	-0.02212662
-686.76567657	-0.02443998
-686.73267327	-0.02595894
-686.69966997	-0.02604206
-686.66666667	-0.02504824
-686.63366337	-0.02310645
-686.60066007	-0.02008895
-686.56765677	-0.01654093
-686.53465347	-0.01255757
-686.50165017	-0.00884849
-686.46864686	-0.00593964
-686.43564356	-0.00444713
-686.40264026	-0.00443352
-686.36963696	-0.00582426
-686.33663366	-0.00827513
-686.30363036	-0.01095257
-686.27062706	-0.01365496
-686.23762376	-0.01569939
-686.20462046	-0.01676323
-686.17161716	-0.01641040
-686.13861386	-0.01399657
-686.10561056	-0.00934280
-686.07260726	-0.00258784
-686.03960396	0.00546893
-686.00660066	0.01362113
-685.97359736	0.02066282
-685.94059406	0.02543114
-685.90759076	0.02790773
-685.87458746	0.02786453
-685.84158416	0.02622072
-685.80858086	0.02303475
-685.77557756	0.01916048
-685.74257426	0.01491828
-685.70957096	0.01073138
-685.67656766	0.00733214
-685.64356436	0.00496129
-685.61056106	0.00384695
-685.57755776	0.00421754
-685.54455446	0.00542130
-685.51155116	0.00760243
-685.47854785	0.01040195
-685.44554455	0.01369158
-685.41254125	0.01742733
-685.37953795	0.02128085
-685.34653465	0.02498100
-685.31353135	0.02802274
-685.28052805	0.03007962
-685.24752475	0.03115940
-685.21452145	0.03179990
-685.18151815	0.03202023
-685.14851485	0.03262584
-685.11551155	0.03387928
-685.08250825	0.03573876
-685.04950495	0.03801992
-685.01650165	0.04021457
-684.98349835	0.04199746
-684.95049505	0.04312752
-684.91749175	0.04294621
-684.88448845	0.04123781
-684.85148515	0.03805435
-684.81848185	0.03306059
-684.78547855	0.02700114
-684.75247525	0.02032255
-684.71947195	0.01380341
-684.68646865	0.00828366
-684.65346535	0.00436619
-684.62046205	0.00215009
-684.58745875	0.00173042
-684.55445545	0.00239400
-684.52145215	0.00362776
-684.48844884	0.00511839
-684.45544554	0.00665744
-684.42244224	0.00786441
-684.38943894	0.00903792
-684.35643564	0.00992400
-684.32343234	0.01022248
-684.29042904	0.01001915
-684.25742574	0.00910171
-684.22442244	0.00721588
-684.19141914	0.00471555
-684.15841584	0.00164614
-684.12541254	-0.00172136
-684.09240924	-0.00500529
-684.05940594	-0.00831957
-684.02640264	-0.01120764
-683.99339934	-0.01390455
-683.96039604	-0.01585240
-683.92739274	-0.01703074
-683.89438944	-0.01642050
-683.86138614	-0.01384579
-683.82838284	-0.00920915
-683.79537954	-0.00275407
-683.76237624	0.00420620
-683.72937294	0.01031880
-683.69636964	0.01393698
-683.66336634	0.01399580
-683.63036304	0.01018585
-683.59735974	0.00268120
-683.56435644	-0.00748048
-683.53135314	-0.01871430
-683.49834983	-0.02983983
-683.46534653	-0.03913726
-683.43234323	-0.04571848
-683.39933993	-0.04871392
-683.36633663	-0.04823334
-683.33333333	-0.04410802
-683.30033003	-0.03708826
-683.26732673	-0.02879009
-683.23432343	-0.02008620
-683.20132013	-0.01340809
-683.16831683	-0.00981941
-683.13531353	-0.01013791
-683.10231023	-0.01418784
-683.06930693	-0.02129582
-683.03630363	-0.02939118
-683.00330033	-0.03692781
-682.97029703	-0.04222071
-682.93729373	-0.04436218
-682.90429043	-0.04299757
-682.87128713	-0.03887391
-682.83828383	-0.03234696
-682.80528053	-0.02509000
-682.77227723	-0.01800520
-682.73927393	-0.01254844
-682.70627063	-0.01010615
-682.67326733	-0.01110316
-682.64026403	-0.01606578
-682.60726073	-0.02388647
-682.57425743	-0.03308243
-682.54125413	-0.04143392
-682.50825083	-0.04710718
-682.47524752	-0.04901878
-682.44224422	-0.04667544
-682.40924092	-0.04078387
-682.37623762	-0.03198700
-682.34323432	-0.02149152
-682.31023102	-0.01019424
-682.27722772	0.00053297
-682.24422442	0.01015582
-682.21122112	0.01740700
-682.17821782	0.02227065
-682.14521452	0.02454310
-682.11221122	0.02460390
-682.07920792	0.02317962
-682.04620462	0.02038006
-682.01320132	0.01621000
-681.98019802	0.01112328
-681.94719472	0.00470175
-681.91419142	-0.00273579
-681.88118812	-0.01061044
-681.84818482	-0.01836834
-681.81518152	-0.02541734
-681.78217822	-0.03090643
-681.74917492	-0.03452247
-681.71617162	-0.03556877
-681.68316832	-0.03384553
-681.65016502	-0.02967641
-681.61716172	-0.02306552
-681.58415842	-0.01551433
-681.55115512	-0.00779838
-681.51815182	-0.00107728
-681.48514851	0.00380577
-681.45214521	0.00673172
-681.41914191	0.00759684
-681.38613861	0.00689225
-681.35313531	0.00477650
-681.32013201	0.00196555
-681.28712871	-0.00140373
-681.25412541	-0.00481096
-681.22112211	-0.00745947
-681.18811881	-0.00857961
-681.15511551	-0.00785365
-681.12211221	-0.00453180
-681.08910891	0.00024324
-681.05610561	0.00606432
-681.02310231	0.01133351
-680.99009901	0.01506233
-680.95709571	0.01628154
-680.92409241	0.01489895
-680.89108911	0.01148617
-680.85808581	0.00705207
-680.82508251	0.00294527
-680.79207921	0.00024149
-680.75907591	-0.00054333
-680.72607261	0.00049019
-680.69306931	0.00303809
-680.66006601	0.00618418
-680.62706271	0.00913754
-680.59405941	0.01157587
-680.56105611	0.01340440
-680.52805281	0.01435876
-680.49504950	0.01531411
-680.46204620	0.01636281
-680.42904290	0.01809244
-680.39603960	0.02067348
-680.36303630	0.02376833
-680.33003300	0.02697193
-680.29702970	0.02909602
-680.26402640	0.02980254
-680.23102310	0.02839744
-680.19801980	0.02526092
-680.16501650	0.02061439
-680.13201320	0.01502312
-680.09900990	0.00937070
-680.06600660	0.00342885
-680.03300330	-0.00184627
-680.00000000	-0.00695323
-679.96699670	-0.01122725
-679.93399340	-0.01436917
-679.90099010	-0.01616022
-679.86798680	-0.01618037
-679.83498350	-0.01422106
-679.80198020	-0.01052796
-679.76897690	-0.00470711
-679.73597360	0.00254101
-679.70297030	0.01086837
-679.66996700	0.01957891
-679.63696370	0.02760262
-679.60396040	0.03419736
-679.57095710	0.03882863
-679.53795380	0.04116047
-679.50495050	0.04138349
-679.47194719	0.03970153
-679.43894389	0.03647439
-679.40594059	0.03181349
-679.37293729	0.02597242
-679.33993399	0.01896116
-679.30693069	0.01160846
-679.27392739	0.00434386
-679.24092409	-0.00164160
-679.20792079	-0.00607270
-679.17491749	-0.00882459
-679.14191419	-0.00988678
-679.10891089	-0.00994606
-679.07590759	-0.00945161
-679.04290429	-0.00879432
-679.00990099	-0.00759662
-678.97689769	-0.00602624
-678.94389439	-0.00319012
-678.91089109	0.00059258
-678.87788779	0.00551357
-678.84488449	0.01150868
-678.81188119	0.01816238
-678.77887789	0.02518905
-678.74587459	0.03193222
-678.71287129	0.03823004
-678.67986799	0.04285257
-678.64686469	0.04568640
-678.61386139	0.04624880
-678.58085809	0.04459090
-678.54785479	0.04111916
-678.51485149	0.03588062
-678.48184818	0.02947402
-678.44884488	0.02185262
-678.41584158	0.01322328
-678.38283828	0.00379445
-678.34983498	-0.00593891
-678.31683168	-0.01544729
-678.28382838	-0.02398775
-678.25082508	-0.03110590
-678.21782178	-0.03588042
-678.18481848	-0.03843163
-678.15181518	-0.03824066
-678.11881188	-0.03542828
-678.08580858	-0.03019795
-678.05280528	-0.02252071
-678.01980198	-0.01364714
-677.98679868	-0.00426705
-677.95379538	0.00456903
-677.92079208	0.01205077
-677.88778878	0.01734693
-677.85478548	0.02006851
-677.82178218	0.02039226
-677.78877888	0.01799114
-677.75577558	0.01315654
-677.72277228	0.00627903
-677.68976898	-0.00239011
-677.65676568	-0.01193096
-677.62376238	-0.02137014
-677.59075908	-0.02964355
-677.55775578	-0.03540200
-677.52475248	-0.03828275
-677.49174917	-0.03798068
-677.45874587	-0.03499730
-677.42574257	-0.03014314
-677.39273927	-0.02432172
-677.35973597	-0.01873722
-677.32673267	-0.01337889
-677.29372937	-0.00905662
-677.26072607	-0.00507074
-677.22772277	-0.00163203
-677.19471947	0.00149739
-677.16171617	0.00444085
-677.12871287	0.00749424
-677.09570957	0.01058043
-677.06270627	0.01404470
-677.02970297	0.01829459
-676.99669967	0.02269397
-676.96369637	0.02721159
-676.93069307	0.03096766
-676.89768977	0.03350878
-676.86468647	0.03444055
-676.83168317	0.03369518
-676.79867987	0.03130200
-676.76567657	0.02781310
-676.73267327	0.02361130
-676.69966997	0.01882648
-676.66666667	0.01412685
-676.63366337	0.00926868
-676.60066007	0.00436672
-676.56765677	-0.00084897
-676.53465347	-0.00600991
-676.50165017	-0.01167994
-676.46864686	-0.01671804
-676.43564356	-0.02132985
-676.40264026	-0.02440241
-676.36963696	-0.02598453
-676.33663366	-0.02568601
-676.30363036	-0.02369558
-676.27062706	-0.02045910
-676.23762376	-0.01607709
-676.20462046	-0.01075487
-676.17161716	-0.00451299
-676.13861386	0.00180033
-676.10561056	0.00804148
-676.07260726	0.01278197
-676.03960396	0.01557826
-676.00660066	0.01601966
-675.97359736	0.01402746
-675.94059406	0.01066701
-675.90759076	0.00692852
-675.87458746	0.00377218
-675.84158416	0.00150606
-675.80858086	0.00071452
-675.77557756	0.00060207
-675.74257426	0.00122266
-675.70957096	0.00173497
-675.67656766	0.00228766
-675.64356436	0.00211367
-675.61056106	0.00164310
-675.57755776	0.00026147
-675.54455446	-0.00153903
-675.51155116	-0.00367000
-675.47854785	-0.00535470
-675.44554455	-0.00616701
-675.41254125	-0.00530923
-675.37953795	-0.00296985
-675.34653465	0.00116400
-675.31353135	0.00588128
-675.28052805	0.01136847
-675.24752475	0.01648720
-675.21452145	0.02087344
-675.18151815	0.02454110
-675.14851485	0.02709298
-675.11551155	0.02815629
-675.08250825	0.02771307
-675.04950495	0.02499724
-675.01650165	0.02069522
-674.98349835	0.01451477
-674.95049505	0.00761857
-674.91749175	0.00039319
-674.88448845	-0.00614280
-674.85148515	-0.01138618
-674.81848185	-0.01522784
-674.78547855	-0.01740818
-674.75247525	-0.01849521
-674.71947195	-0.01827346
-674.68646865	-0.01773405
-674.65346535	-0.01664178
-674.62046205	-0.01567424
-674.58745875	-0.01417143
-674.55445545	-0.01260919
-674.52145215	-0.01019962
-674.48844884	-0.00675801
-674.45544554	-0.00242153
-674.42244224	0.00224484
-674.38943894	0.00662270
-674.35643564	0.00954533
-674.32343234	0.01044900
-674.29042904	0.00891460
-674.25742574	0.00513780
-674.22442244	-0.00021223
-674.19141914	-0.00645760
-674.15841584	-0.01243464
-674.12541254	-0.01737362
-674.09240924	-0.02079270
-674.05940594	-0.02231256
-674.02640264	-0.02158236
-673.99339934	-0.01872115
-673.96039604	-0.01367673
-673.92739274	-0.00707306
-673.89438944	0.00052108
-673.86138614	0.00786092
-673.82838284	0.01399154
-673.79537954	0.01765599
-673.76237624	0.01865577
-673.72937294	0.01660934
-673.69636964	0.01225597
-673.66336634	0.00657422
-673.63036304	0.00081827
-673.59735974	-0.00391306
-673.56435644	-0.00669550
-673.53135314	-0.00730787
-673.49834983	-0.00563028
-673.46534653	-0.00283058
-673.43234323	0.00053476
-673.39933993	0.00343070
-673.36633663	0.00478718
-673.33333333	0.00493435
-673.30033003	0.00352555
-673.26732673	0.00138176
-673.23432343	-0.00110643
-673.20132013	-0.00331722
-673.16831683	-0.00522446
-673.13531353	-0.00631310
-673.10231023	-0.00724557
-673.06930693	-0.00796647
-673.03630363	-0.00860434
-673.00330033	-0.00973969
-672.97029703	-0.01089054
-672.93729373	-0.01245478
-672.90429043	-0.01428916
-672.87128713	-0.01619818
-672.83828383	-0.01789741
-672.80528053	-0.01941032
-672.77227723	-0.02009524
-672.73927393	-0.02079560
-672.70627063	-0.02114336
-672.67326733	-0.02141486
-672.64026403	-0.02192526
-672.60726073	-0.02253518
-672.57425743	-0.02296861
-672.54125413	-0.02308800
-672.50825083	-0.02257525
-672.47524752	-0.02124372
-672.44224422	-0.01929720
-672.40924092	-0.01651401
-672.37623762	-0.01345221
-672.34323432	-0.01010335
-672.31023102	-0.00676128
-672.27722772	-0.00372727
-672.24422442	-0.00070332
-672.21122112	0.00195942
-672.17821782	0.00436762
-672.14521452	0.00651380
-672.11221122	0.00814659
-672.07920792	0.00927822
-672.04620462	0.00945783
-672.01320132	0.00877192
-671.98019802	0.00686069
-671.94719472	0.00372463
-671.91419142	-0.00002683
-671.88118812	-0.00447884
-671.84818482	-0.00879802
-671.81518152	-0.01244077
-671.78217822	-0.01489928
-671.74917492	-0.01600818
-671.71617162	-0.01545919
-671.68316832	-0.01365279
-671.65016502	-0.01072140
-671.61716172	-0.00686422
-671.58415842	-0.00304493
-671.55115512	0.00051984
-671.51815182	0.00328824
-671.48514851	0.00491619
-671.45214521	0.00531566
-671.41914191	0.00470694
-671.38613861	0.00320900
-671.35313531	0.00098396
-671.32013201	-0.00153640
-671.28712871	-0.00445434
-671.25412541	-0.00762807
-671.22112211	-0.01093610
-671.18811881	-0.01425849
-671.15511551	-0.01695557
-671.12211221	-0.01894113
-671.08910891	-0.01972097
-671.05610561	-0.01935262
-671.02310231	-0.01799822
-670.99009901	-0.01574575
-670.95709571	-0.01303401
-670.92409241	-0.01002945
-670.89108911	-0.00754812
-670.85808581	-0.00563091
-670.82508251	-0.00477788
-670.79207921	-0.00499142
-670.75907591	-0.00632453
-670.72607261	-0.00805924
-670.69306931	-0.00997717
-670.66006601	-0.01110549
-670.62706271	-0.01134583
-670.59405941	-0.01008559
-670.56105611	-0.00741121
-670.52805281	-0.00335261
-670.49504950	0.00188885
-670.46204620	0.00778818
-670.42904290	0.01424505
-670.39603960	0.02069711
-670.36303630	0.02669085
-670.33003300	0.03192972
-670.29702970	0.03609521
-670.26402640	0.03876892
-670.23102310	0.03978384
-670.19801980	0.03890932
-670.16501650	0.03606382
-670.13201320	0.03185362
-670.09900990	0.02584358
-670.06600660	0.01877010
-670.03300330	0.01107258
-670.00000000	0.00369887
-669.96699670	-0.00287527
-669.93399340	-0.00749995
-669.90099010	-0.00963909
-669.86798680	-0.00947752
-669.83498350	-0.00724490
-669.80198020	-0.00424168
-669.76897690	-0.00124633
-669.73597360	0.00092330
-669.70297030	0.00194532
-669.66996700	0.00185383
-669.63696370	0.00124094
-669.60396040	0.00041150
-669.57095710	-0.00008424
-669.53795380	-0.00024836
-669.50495050	0.00001192
-669.47194719	0.00096775
-669.43894389	0.00220414
-669.40594059	0.00402818
-669.37293729	0.00600235
-669.33993399	0.00784911
-669.30693069	0.00940670
-669.27392739	0.01015706
-669.24092409	0.01013295
-669.20792079	0.00956414
-669.17491749	0.00872158
-669.14191419	0.00794904
-669.10891089	0.00758466
-669.07590759	0.00775527
-669.04290429	0.00832802
-669.00990099	0.00893058
-668.97689769	0.00943851
-668.94389439	0.01009425
-668.91089109	0.01056245
-668.87788779	0.01089523
-668.84488449	0.01117146
-668.81188119	0.01109886
-668.77887789	0.01050702
-668.74587459	0.00919636
-668.71287129	0.00724650
-668.67986799	0.00463606
-668.64686469	0.00163723
-668.61386139	-0.00144797
-668.58085809	-0.00460998
-668.54785479	-0.00737791
-668.51485149	-0.01012259
-668.48184818	-0.01245281
-668.44884488	-0.01461960
-668.41584158	-0.01647642
-668.38283828	-0.01751734
-668.34983498	-0.01832529
-668.31683168	-0.01825917
-668.28382838	-0.01787775
-668.25082508	-0.01697822
-668.21782178	-0.01569685
-668.18481848	-0.01407231
-668.15181518	-0.01232643
-668.11881188	-0.01028243
-668.08580858	-0.00808447
-668.05280528	-0.00538855
-668.01980198	-0.00234981
-667.98679868	0.00156993
-667.95379538	0.00648141
-667.92079208	0.01181658
-667.88778878	0.01779439
-667.85478548	0.02324167
-667.82178218	0.02792369
-667.78877888	0.03123983
-667.75577558	0.03284050
-667.72277228	0.03283746
-667.68976898	0.03116796
-667.65676568	0.02831086
-667.62376238	0.02484574
-667.59075908	0.02079448
-667.55775578	0.01671562
-667.52475248	0.01293329
-667.49174917	0.00961613
-667.45874587	0.00691784
-667.42574257	0.00482146
-667.39273927	0.00335097
-667.35973597	0.00252995
-667.32673267	0.00212012
-667.29372937	0.00229736
-667.26072607	0.00253888
-667.22772277	0.00292649
-667.19471947	0.00308605
-667.16171617	0.00281929
-667.12871287	0.00222622
-667.09570957	0.00087469
-667.06270627	-0.00108393
-667.02970297	-0.00377021
-666.99669967	-0.00711378
-666.96369637	-0.01050818
-666.93069307	-0.01400298
-666.89768977	-0.01695202
-666.86468647	-0.01897568
-666.83168317	-0.01979592
-666.79867987	-0.01946512
-666.76567657	-0.01781949
-666.73267327	-0.01500409
-666.69966997	-0.01111246
-666.66666667	-0.00668304
-666.63366337	-0.00181600
-666.60066007	0.00274822
-666.56765677	0.00644275
-666.53465347	0.00893477
-666.50165017	0.00973308
-666.46864686	0.00848956
-666.43564356	0.00569798
-666.40264026	0.00151586
-666.36963696	-0.00306064
-666.33663366	-0.00731695
-666.30363036	-0.01023944
-666.27062706	-0.01095512
-666.23762376	-0.00932133
-666.20462046	-0.00511588
-666.17161716	0.00115391
-666.13861386	0.00876894
-666.10561056	0.01684490
-666.07260726	0.02451848
-666.03960396	0.03088284
-666.00660066	0.03499082
-665.97359736	0.03621333
-665.94059406	0.03445487
-665.90759076	0.02952393
-665.87458746	0.02232334
-665.84158416	0.01366598
-665.80858086	0.00451497
-665.77557756	-0.00428386
-665.74257426	-0.01163101
-665.70957096	-0.01746110
-665.67656766	-0.02132398
-665.64356436	-0.02327246
-665.61056106	-0.02365457
-665.57755776	-0.02244533
-665.54455446	-0.02026584
-665.51155116	-0.01799384
-665.47854785	-0.01600970
-665.44554455	-0.01489468
-665.41254125	-0.01482467
-665.37953795	-0.01533317
-665.34653465	-0.01577611
-665.31353135	-0.01618277
-665.28052805	-0.01560615
-665.24752475	-0.01443647
-665.21452145	-0.01226333
-665.18151815	-0.00953490
-665.14851485	-0.00630750
-665.11551155	-0.00282979
-665.08250825	0.00068845
-665.04950495	0.00395885
-665.01650165	0.00659367
-664.98349835	0.00854620
-664.95049505	0.00963864
-664.91749175	0.01004390
-664.88448845	0.00956696
-664.85148515	0.00861513
-664.81848185	0.00703733
-664.78547855	0.00517233
-664.75247525	0.00296819
-664.71947195	0.00092220
-664.68646865	-0.00079739
-664.65346535	-0.00170208
-664.62046205	-0.00148089
-664.58745875	-0.00067781
-664.55445545	0.00063078
-664.52145215	0.00177371
-664.48844884	0.00239037
-664.45544554	0.00212740
-664.42244224	0.00112141
-664.38943894	-0.00039622
-664.35643564	-0.00196360
-664.32343234	-0.00308704
-664.29042904	-0.00354301
-664.25742574	-0.00322298
-664.22442244	-0.00171025
-664.19141914	0.00068469
-664.15841584	0.00401482
-664.12541254	0.00774357
-664.09240924	0.01138227
-664.05940594	0.01438368
-664.02640264	0.01621210
-663.99339934	0.01653879
-663.96039604	0.01522225
-663.92739274	0.01261261
-663.89438944	0.00912610
-663.86138614	0.00529781
-663.82838284	0.00158900
-663.79537954	-0.00177107
-663.76237624	-0.00502322
-663.72937294	-0.00780730
-663.69636964	-0.01039321
-663.66336634	-0.01257879
-663.63036304	-0.01429618
-663.59735974	-0.01544419
-663.56435644	-0.01627018
-663.53135314	-0.01649452
-663.49834983	-0.01617370
-663.46534653	-0.01544136
-663.43234323	-0.01377261
-663.39933993	-0.01131944
-663.36633663	-0.00802645
-663.33333333	-0.00396153
-663.30033003	0.00000232
-663.26732673	0.00299097
-663.23432343	0.00499483
-663.20132013	0.00548818
-663.16831683	0.00477798
-663.13531353	0.00319494
-663.10231023	0.00121868
-663.06930693	-0.00091488
-663.03630363	-0.00303712
-663.00330033	-0.00498099
-662.97029703	-0.00697350
-662.93729373	-0.00890920
-662.90429043	-0.01089762
-662.87128713	-0.01288143
-662.83828383	-0.01488908
-662.80528053	-0.01672501
-662.77227723	-0.01851924
-662.73927393	-0.01971251
-662.70627063	-0.02009465
-662.67326733	-0.01927488
-662.64026403	-0.01721702
-662.60726073	-0.01386766
-662.57425743	-0.00916156
-662.54125413	-0.00347904
-662.50825083	0.00316422
-662.47524752	0.01055025
-662.44224422	0.01790271
-662.40924092	0.02494177
-662.37623762	0.03073485
-662.34323432	0.03482626
-662.31023102	0.03659362
-662.27722772	0.03616364
-662.24422442	0.03335473
-662.21122112	0.02867326
-662.17821782	0.02223822
-662.14521452	0.01461062
-662.11221122	0.00636924
-662.07920792	-0.00196378
-662.04620462	-0.00982973
-662.01320132	-0.01662128
-661.98019802	-0.02192894
-661.94719472	-0.02550912
-661.91419142	-0.02746352
-661.88118812	-0.02800215
-661.84818482	-0.02749500
-661.81518152	-0.02607301
-661.78217822	-0.02405472
-661.74917492	-0.02165957
-661.71617162	-0.01886131
-661.68316832	-0.01589099
-661.65016502	-0.01271835
-661.61716172	-0.00962855
-661.58415842	-0.00629083
-661.55115512	-0.00318597
-661.51815182	-0.00068563
-661.48514851	0.00091139
-661.45214521	0.00152219
-661.41914191	0.00115158
-661.38613861	0.00020225
-661.35313531	-0.00106912
-661.32013201	-0.00215793
-661.28712871	-0.00284902
-661.25412541	-0.00267551
-661.22112211	-0.00188378
-661.18811881	-0.00063165
-661.15511551	0.00085163
-661.12211221	0.00241424
-661.08910891	0.00355118
-661.05610561	0.00430802
-661.02310231	0.00470612
-660.99009901	0.00481483
-660.95709571	0.00479924
-660.92409241	0.00501343
-660.89108911	0.00575089
-660.85808581	0.00719634
-660.82508251	0.00896934
-660.79207921	0.01133910
-660.75907591	0.01373841
-660.72607261	0.01600399
-660.69306931	0.01784513
-660.66006601	0.01908305
-660.62706271	0.01990030
-660.59405941	0.02031429
-660.56105611	0.02049515
-660.52805281	0.02041492
-660.49504950	0.01969573
-660.46204620	0.01812851
-660.42904290	0.01551470
-660.39603960	0.01190380
-660.36303630	0.00753168
-660.33003300	0.00262821
-660.29702970	-0.00207169
-660.26402640	-0.00625228
-660.23102310	-0.01007092
-660.19801980	-0.01345122
-660.16501650	-0.01658712
-660.13201320	-0.01940579
-660.09900990	-0.02148056
-660.06600660	-0.02264576
-660.03300330	-0.02265199
-660.00000000	-0.02137662
