# Menlo Systems GmbH ScanControl
# Program Version 1.14.3
# Start: -740.00000000 ps, Average over 1000 waveforms. Timestamp: 2026-02-11T13:29:57
# User time axis shift: 0 ps
# Time axis offset: 0 ps
# Time [ps]	THz Signal [a.u.]
-740.00000000	-0.00015109
-739.96699670	-0.00022459
-739.93399340	-0.00012942
-739.90099010	-0.00010764
-739.86798680	-0.00010584
-739.83498350	-0.00015999
-739.80198020	-0.00012635
-739.76897690	-0.00005781
-739.73597360	-0.00010610
-739.70297030	-0.00005661
-739.66996700	-0.00004477
-739.63696370	0.00000461
-739.60396040	-0.00000231
-739.57095710	0.00006784
-739.53795380	0.00012234
-739.50495050	0.00009068
-739.47194719	0.00004878
-739.43894389	0.00010476
-739.40594059	0.00011732
-739.37293729	0.00003149
-739.33993399	0.00004249
-739.30693069	0.00014774
-739.27392739	0.00000560
-739.24092409	0.00007690
-739.20792079	-0.00000483
-739.17491749	0.00012342
-739.14191419	0.00012464
-739.10891089	0.00007863
-739.07590759	0.00007913
-739.04290429	0.00001097
-739.00990099	0.00005500
-738.97689769	0.00008625
-738.94389439	0.00009176
-738.91089109	0.00001090
-738.87788779	0.00001355
-738.84488449	-0.00010720
-738.81188119	-0.00008927
-738.77887789	0.00003387
-738.74587459	-0.00005886
-738.71287129	-0.00007532
-738.67986799	-0.00010215
-738.64686469	-0.00004163
-738.61386139	-0.00005659
-738.58085809	-0.00006384
-738.54785479	-0.00002318
-738.51485149	-0.00008649
-738.48184818	-0.00013558
-738.44884488	-0.00013179
-738.41584158	-0.00011957
-738.38283828	-0.00012758
-738.34983498	-0.00017329
-738.31683168	-0.00019615
-738.28382838	-0.00009707
-738.25082508	-0.00005937
-738.21782178	-0.00019260
-738.18481848	-0.00020850
-738.15181518	-0.00013976
-738.11881188	-0.00026021
-738.08580858	-0.00015596
-738.05280528	-0.00009287
-738.01980198	-0.00011865
-737.98679868	-0.00009963
-737.95379538	-0.00018232
-737.92079208	-0.00020431
-737.88778878	-0.00013617
-737.85478548	-0.00015247
-737.82178218	-0.00007868
-737.78877888	-0.00016835
-737.75577558	-0.00018998
-737.72277228	-0.00016011
-737.68976898	-0.00014653
-737.65676568	-0.00006191
-737.62376238	-0.00006425
-737.59075908	-0.00007542
-737.55775578	-0.00003735
-737.52475248	-0.00001147
-737.49174917	-0.00007101
-737.45874587	-0.00003220
-737.42574257	0.00001501
-737.39273927	-0.00000085
-737.35973597	0.00008230
-737.32673267	0.00009927
-737.29372937	0.00001677
-737.26072607	0.00012340
-737.22772277	0.00017104
-737.19471947	0.00017840
-737.16171617	0.00025245
-737.12871287	0.00027698
-737.09570957	0.00042812
-737.06270627	0.00042968
-737.02970297	0.00043006
-736.99669967	0.00052113
-736.96369637	0.00055213
-736.93069307	0.00053020
-736.89768977	0.00064675
-736.86468647	0.00060836
-736.83168317	0.00065892
-736.79867987	0.00064200
-736.76567657	0.00064191
-736.73267327	0.00064701
-736.69966997	0.00055786
-736.66666667	0.00051320
-736.63366337	0.00037366
-736.60066007	0.00026458
-736.56765677	0.00018251
-736.53465347	0.00005697
-736.50165017	-0.00010556
-736.46864686	-0.00038169
-736.43564356	-0.00050571
-736.40264026	-0.00069933
-736.36963696	-0.00100394
-736.33663366	-0.00126617
-736.30363036	-0.00153713
-736.27062706	-0.00171527
-736.23762376	-0.00196931
-736.20462046	-0.00213712
-736.17161716	-0.00234067
-736.13861386	-0.00248175
-736.10561056	-0.00264598
-736.07260726	-0.00271126
-736.03960396	-0.00278343
-736.00660066	-0.00277476
-735.97359736	-0.00279379
-735.94059406	-0.00291973
-735.90759076	-0.00295997
-735.87458746	-0.00308174
-735.84158416	-0.00301150
-735.80858086	-0.00281378
-735.77557756	-0.00269441
-735.74257426	-0.00245332
-735.70957096	-0.00205708
-735.67656766	-0.00168188
-735.64356436	-0.00123390
-735.61056106	-0.00061071
-735.57755776	0.00005732
-735.54455446	0.00067093
-735.51155116	0.00114422
-735.47854785	0.00164900
-735.44554455	0.00211439
-735.41254125	0.00223757
-735.37953795	0.00249221
-735.34653465	0.00253471
-735.31353135	0.00243760
-735.28052805	0.00234996
-735.24752475	0.00201451
-735.21452145	0.00181808
-735.18151815	0.00158011
-735.14851485	0.00126114
-735.11551155	0.00101787
-735.08250825	0.00088421
-735.04950495	0.00063481
-735.01650165	0.00052277
-734.98349835	0.00036446
-734.95049505	0.00040673
-734.91749175	0.00022525
-734.88448845	0.00019825
-734.85148515	0.00016501
-734.81848185	0.00022398
-734.78547855	0.00015879
-734.75247525	0.00002627
-734.71947195	0.00006706
-734.68646865	0.00007609
-734.65346535	0.00004241
-734.62046205	-0.00004222
-734.58745875	-0.00002952
-734.55445545	-0.00010055
-734.52145215	-0.00015281
-734.48844884	-0.00011125
-734.45544554	-0.00018239
-734.42244224	-0.00025796
-734.38943894	-0.00015942
-734.35643564	-0.00028955
-734.32343234	-0.00021678
-734.29042904	-0.00017983
-734.25742574	-0.00020464
-734.22442244	-0.00023983
-734.19141914	-0.00014409
-734.15841584	-0.00011054
-734.12541254	0.00000969
-734.09240924	-0.00008020
-734.05940594	0.00008294
-734.02640264	0.00000745
-733.99339934	0.00001341
-733.96039604	0.00001474
-733.92739274	0.00017060
-733.89438944	0.00013394
-733.86138614	0.00012506
-733.82838284	0.00017750
-733.79537954	0.00010013
-733.76237624	0.00012940
-733.72937294	0.00012399
-733.69636964	0.00014402
-733.66336634	0.00016820
-733.63036304	0.00016436
-733.59735974	0.00015867
-733.56435644	0.00028358
-733.53135314	0.00022541
-733.49834983	0.00021724
-733.46534653	0.00029770
-733.43234323	0.00023393
-733.39933993	0.00022321
-733.36633663	0.00033415
-733.33333333	0.00022905
-733.30033003	0.00022461
-733.26732673	0.00027680
-733.23432343	0.00031910
-733.20132013	0.00018636
-733.16831683	0.00023569
-733.13531353	0.00019176
-733.10231023	0.00021620
-733.06930693	0.00025845
-733.03630363	0.00020958
-733.00330033	0.00022352
-732.97029703	0.00019035
-732.93729373	0.00022323
-732.90429043	0.00020700
-732.87128713	0.00031550
-732.83828383	0.00030745
-732.80528053	0.00032539
-732.77227723	0.00036949
-732.73927393	0.00042412
-732.70627063	0.00045520
-732.67326733	0.00044569
-732.64026403	0.00058847
-732.60726073	0.00066705
-732.57425743	0.00068408
-732.54125413	0.00081405
-732.50825083	0.00086136
-732.47524752	0.00086319
-732.44224422	0.00097699
-732.40924092	0.00102865
-732.37623762	0.00118174
-732.34323432	0.00123523
-732.31023102	0.00134037
-732.27722772	0.00137320
-732.24422442	0.00148604
-732.21122112	0.00164566
-732.17821782	0.00172993
-732.14521452	0.00180313
-732.11221122	0.00190711
-732.07920792	0.00191134
-732.04620462	0.00211684
-732.01320132	0.00194286
-731.98019802	0.00192568
-731.94719472	0.00179727
-731.91419142	0.00149387
-731.88118812	0.00100275
-731.84818482	0.00046691
-731.81518152	-0.00036635
-731.78217822	-0.00133009
-731.74917492	-0.00252987
-731.71617162	-0.00376318
-731.68316832	-0.00497621
-731.65016502	-0.00603237
-731.61716172	-0.00703578
-731.58415842	-0.00754984
-731.55115512	-0.00779323
-731.51815182	-0.00751909
-731.48514851	-0.00688536
-731.45214521	-0.00591627
-731.41914191	-0.00472568
-731.38613861	-0.00323431
-731.35313531	-0.00193113
-731.32013201	-0.00064240
-731.28712871	0.00049917
-731.25412541	0.00138650
-731.22112211	0.00197167
-731.18811881	0.00256943
-731.15511551	0.00274943
-731.12211221	0.00287669
-731.08910891	0.00297320
-731.05610561	0.00278343
-731.02310231	0.00267100
-730.99009901	0.00251476
-730.95709571	0.00212610
-730.92409241	0.00207877
-730.89108911	0.00185871
-730.85808581	0.00165191
-730.82508251	0.00160843
-730.79207921	0.00143330
-730.75907591	0.00121373
-730.72607261	0.00114336
-730.69306931	0.00100309
-730.66006601	0.00086902
-730.62706271	0.00089378
-730.59405941	0.00083000
-730.56105611	0.00073778
-730.52805281	0.00076495
-730.49504950	0.00058405
-730.46204620	0.00059183
-730.42904290	0.00057355
-730.39603960	0.00048196
-730.36303630	0.00034723
-730.33003300	0.00021069
-730.29702970	0.00025976
-730.26402640	0.00004013
-730.23102310	0.00005818
-730.19801980	-0.00003602
-730.16501650	-0.00009105
-730.13201320	-0.00009454
-730.09900990	-0.00019578
-730.06600660	0.00002514
-730.03300330	-0.00005212
-730.00000000	0.00001927
-729.96699670	0.00011185
-729.93399340	0.00022264
-729.90099010	0.00015206
-729.86798680	0.00025682
-729.83498350	0.00016776
-729.80198020	0.00014472
-729.76897690	0.00018300
-729.73597360	0.00019613
-729.70297030	0.00004946
-729.66996700	0.00011512
-729.63696370	-0.00004492
-729.60396040	-0.00001621
-729.57095710	-0.00004899
-729.53795380	-0.00009370
-729.50495050	-0.00002045
-729.47194719	0.00008057
-729.43894389	0.00006796
-729.40594059	0.00017752
-729.37293729	0.00029991
-729.33993399	0.00035788
-729.30693069	0.00037286
-729.27392739	0.00040432
-729.24092409	0.00036012
-729.20792079	0.00019390
-729.17491749	0.00012486
-729.14191419	-0.00021652
-729.10891089	-0.00051248
-729.07590759	-0.00073217
-729.04290429	-0.00123234
-729.00990099	-0.00165251
-728.97689769	-0.00206591
-728.94389439	-0.00245104
-728.91089109	-0.00284960
-728.87788779	-0.00317216
-728.84488449	-0.00333429
-728.81188119	-0.00356133
-728.77887789	-0.00374278
-728.74587459	-0.00379142
-728.71287129	-0.00392673
-728.67986799	-0.00418500
-728.64686469	-0.00445532
-728.61386139	-0.00510507
-728.58085809	-0.00583122
-728.54785479	-0.00674542
-728.51485149	-0.00799022
-728.48184818	-0.00920010
-728.44884488	-0.01034355
-728.41584158	-0.01150871
-728.38283828	-0.01221224
-728.34983498	-0.01245139
-728.31683168	-0.01210586
-728.28382838	-0.01101215
-728.25082508	-0.00932988
-728.21782178	-0.00693565
-728.18481848	-0.00426687
-728.15181518	-0.00131162
-728.11881188	0.00124070
-728.08580858	0.00349226
-728.05280528	0.00482763
-728.01980198	0.00577574
-727.98679868	0.00588389
-727.95379538	0.00552638
-727.92079208	0.00488753
-727.88778878	0.00429201
-727.85478548	0.00381764
-727.82178218	0.00366862
-727.78877888	0.00373016
-727.75577558	0.00405482
-727.72277228	0.00465810
-727.68976898	0.00516311
-727.65676568	0.00597360
-727.62376238	0.00641149
-727.59075908	0.00686695
-727.55775578	0.00701239
-727.52475248	0.00671724
-727.49174917	0.00632513
-727.45874587	0.00526710
-727.42574257	0.00432666
-727.39273927	0.00303810
-727.35973597	0.00178159
-727.32673267	0.00051387
-727.29372937	-0.00081891
-727.26072607	-0.00188706
-727.22772277	-0.00301939
-727.19471947	-0.00380695
-727.16171617	-0.00464862
-727.12871287	-0.00523182
-727.09570957	-0.00598632
-727.06270627	-0.00660186
-727.02970297	-0.00766042
-726.99669967	-0.00879512
-726.96369637	-0.01052911
-726.93069307	-0.01259976
-726.89768977	-0.01511365
-726.86468647	-0.01820042
-726.83168317	-0.02136971
-726.79867987	-0.02469369
-726.76567657	-0.02751642
-726.73267327	-0.02972971
-726.69966997	-0.03083454
-726.66666667	-0.03055516
-726.63366337	-0.02850387
-726.60066007	-0.02491413
-726.56765677	-0.01980724
-726.53465347	-0.01370491
-726.50165017	-0.00723772
-726.46864686	-0.00099388
-726.43564356	0.00429611
-726.40264026	0.00815799
-726.36963696	0.01053026
-726.33663366	0.01135803
-726.30363036	0.01087995
-726.27062706	0.00952907
-726.23762376	0.00788893
-726.20462046	0.00614623
-726.17161716	0.00451855
-726.13861386	0.00303586
-726.10561056	0.00189680
-726.07260726	0.00086391
-726.03960396	0.00017440
-726.00660066	-0.00000623
-725.97359736	-0.00007373
-725.94059406	0.00027720
-725.90759076	0.00094209
-725.87458746	0.00162779
-725.84158416	0.00239792
-725.80858086	0.00324164
-725.77557756	0.00417359
-725.74257426	0.00512721
-725.70957096	0.00653830
-725.67656766	0.00791387
-725.64356436	0.00949195
-725.61056106	0.01136195
-725.57755776	0.01322630
-725.54455446	0.01544316
-725.51155116	0.01780732
-725.47854785	0.02048219
-725.44554455	0.02349857
-725.41254125	0.02701330
-725.37953795	0.03084225
-725.34653465	0.03563479
-725.31353135	0.04076212
-725.28052805	0.04690032
-725.24752475	0.05362784
-725.21452145	0.06124761
-725.18151815	0.06950886
-725.14851485	0.07847379
-725.11551155	0.08813730
-725.08250825	0.09826735
-725.04950495	0.10874528
-725.01650165	0.11944009
-724.98349835	0.13021501
-724.95049505	0.14077831
-724.91749175	0.15127146
-724.88448845	0.16146917
-724.85148515	0.17151673
-724.81848185	0.18163152
-724.78547855	0.19199722
-724.75247525	0.20297668
-724.71947195	0.21512368
-724.68646865	0.22894408
-724.65346535	0.24486235
-724.62046205	0.26361634
-724.58745875	0.28574009
-724.55445545	0.31162629
-724.52145215	0.34188149
-724.48844884	0.37592083
-724.45544554	0.41451370
-724.42244224	0.45605988
-724.38943894	0.50014451
-724.35643564	0.54520820
-724.32343234	0.58939602
-724.29042904	0.63041060
-724.25742574	0.66587406
-724.22442244	0.69223896
-724.19141914	0.70720272
-724.15841584	0.70730493
-724.12541254	0.69048900
-724.09240924	0.65457411
-724.05940594	0.59920773
-724.02640264	0.52499922
-723.99339934	0.43369117
-723.96039604	0.32889494
-723.92739274	0.21507538
-723.89438944	0.09753257
-723.86138614	-0.01856606
-723.82838284	-0.12904781
-723.79537954	-0.23121539
-723.76237624	-0.32519766
-723.72937294	-0.41431486
-723.69636964	-0.50478066
-723.66336634	-0.60585623
-723.63036304	-0.72801704
-723.59735974	-0.88222344
-723.56435644	-1.07757826
-723.53135314	-1.31979198
-723.49834983	-1.60995934
-723.46534653	-1.94067442
-723.43234323	-2.29539187
-723.39933993	-2.64759270
-723.36633663	-2.96264479
-723.33333333	-3.20241816
-723.30033003	-3.32876483
-723.26732673	-3.30925787
-723.23432343	-3.12351024
-723.20132013	-2.76630150
-723.16831683	-2.25380119
-723.13531353	-1.62300168
-723.10231023	-0.92805688
-723.06930693	-0.22894391
-723.03630363	0.41610632
-723.00330033	0.96221339
-722.97029703	1.38462121
-722.93729373	1.68007368
-722.90429043	1.86181875
-722.87128713	1.95165270
-722.83828383	1.97026478
-722.80528053	1.93423319
-722.77227723	1.85517606
-722.73927393	1.74221058
-722.70627063	1.60590721
-722.67326733	1.45916152
-722.64026403	1.31536393
-722.60726073	1.18411545
-722.57425743	1.06880605
-722.54125413	0.96583690
-722.50825083	0.86914431
-722.47524752	0.77339468
-722.44224422	0.67894222
-722.40924092	0.59013754
-722.37623762	0.51238447
-722.34323432	0.44910148
-722.31023102	0.39856523
-722.27722772	0.35577891
-722.24422442	0.31586337
-722.21122112	0.27545102
-722.17821782	0.23392629
-722.14521452	0.19189193
-722.11221122	0.14935540
-722.07920792	0.10615209
-722.04620462	0.06177616
-722.01320132	0.01790594
-721.98019802	-0.02276465
-721.94719472	-0.05687877
-721.91419142	-0.08224500
-721.88118812	-0.09846518
-721.84818482	-0.10504662
-721.81518152	-0.10321636
-721.78217822	-0.09226812
-721.74917492	-0.07323071
-721.71617162	-0.04762539
-721.68316832	-0.01875793
-721.65016502	0.00953542
-721.61716172	0.03379708
-721.58415842	0.05148861
-721.55115512	0.06197709
-721.51815182	0.06474061
-721.48514851	0.06076285
-721.45214521	0.05155567
-721.41914191	0.03885141
-721.38613861	0.02462727
-721.35313531	0.01006830
-721.32013201	-0.00352968
-721.28712871	-0.01584024
-721.25412541	-0.02570005
-721.22112211	-0.03184505
-721.18811881	-0.03360916
-721.15511551	-0.03107634
-721.12211221	-0.02501554
-721.08910891	-0.01696112
-721.05610561	-0.00799027
-721.02310231	0.00082309
-720.99009901	0.00846936
-720.95709571	0.01301377
-720.92409241	0.01377140
-720.89108911	0.00996937
-720.85808581	0.00346803
-720.82508251	-0.00416953
-720.79207921	-0.01113057
-720.75907591	-0.01706269
-720.72607261	-0.02239309
-720.69306931	-0.02786879
-720.66006601	-0.03370911
-720.62706271	-0.03950388
-720.59405941	-0.04503722
-720.56105611	-0.04935121
-720.52805281	-0.05194742
-720.49504950	-0.05241355
-720.46204620	-0.05076893
-720.42904290	-0.04768887
-720.39603960	-0.04387923
-720.36303630	-0.03997205
-720.33003300	-0.03592886
-720.29702970	-0.03146440
-720.26402640	-0.02719712
-720.23102310	-0.02425258
-720.19801980	-0.02408269
-720.16501650	-0.02610649
-720.13201320	-0.02927037
-720.09900990	-0.03047722
-720.06600660	-0.02816874
-720.03300330	-0.02124440
-720.00000000	-0.01021362
-719.96699670	0.00376628
-719.93399340	0.01888108
-719.90099010	0.03396143
-719.86798680	0.04789870
-719.83498350	0.05980389
-719.80198020	0.06934199
-719.76897690	0.07592090
-719.73597360	0.07939114
-719.70297030	0.07942665
-719.66996700	0.07599740
-719.63696370	0.06893509
-719.60396040	0.05841722
-719.57095710	0.04416609
-719.53795380	0.02652800
-719.50495050	0.00643881
-719.47194719	-0.01428702
-719.43894389	-0.03355142
-719.40594059	-0.04921995
-719.37293729	-0.05943723
-719.33993399	-0.06407373
-719.30693069	-0.06284617
-719.27392739	-0.05727986
-719.24092409	-0.04821281
-719.20792079	-0.03739670
-719.17491749	-0.02586336
-719.14191419	-0.01508245
-719.10891089	-0.00695224
-719.07590759	-0.00257758
-719.04290429	-0.00328053
-719.00990099	-0.00810758
-718.97689769	-0.01600367
-718.94389439	-0.02481469
-718.91089109	-0.03335546
-718.87788779	-0.04061482
-718.84488449	-0.04600144
-718.81188119	-0.04929202
-718.77887789	-0.04985683
-718.74587459	-0.04748216
-718.71287129	-0.04305185
-718.67986799	-0.03646179
-718.64686469	-0.02927989
-718.61386139	-0.02244533
-718.58085809	-0.01667948
-718.54785479	-0.01231745
-718.51485149	-0.00901687
-718.48184818	-0.00653171
-718.44884488	-0.00419840
-718.41584158	-0.00229244
-718.38283828	-0.00102717
-718.34983498	-0.00043804
-718.31683168	-0.00028864
-718.28382838	-0.00056183
-718.25082508	-0.00145547
-718.21782178	-0.00341182
-718.18481848	-0.00678200
-718.15181518	-0.01117447
-718.11881188	-0.01547287
-718.08580858	-0.01820626
-718.05280528	-0.01764124
-718.01980198	-0.01363422
-717.98679868	-0.00694776
-717.95379538	0.00046257
-717.92079208	0.00576759
-717.88778878	0.00739643
-717.85478548	0.00408461
-717.82178218	-0.00344807
-717.78877888	-0.01411236
-717.75577558	-0.02559193
-717.72277228	-0.03622035
-717.68976898	-0.04479232
-717.65676568	-0.05057828
-717.62376238	-0.05346210
-717.59075908	-0.05373972
-717.55775578	-0.05184627
-717.52475248	-0.04845249
-717.49174917	-0.04421943
-717.45874587	-0.03977356
-717.42574257	-0.03550986
-717.39273927	-0.03170197
-717.35973597	-0.02859574
-717.32673267	-0.02606123
-717.29372937	-0.02422313
-717.26072607	-0.02275461
-717.22772277	-0.02196801
-717.19471947	-0.02197420
-717.16171617	-0.02347709
-717.12871287	-0.02640482
-717.09570957	-0.03031551
-717.06270627	-0.03306944
-717.02970297	-0.03313441
-716.99669967	-0.02909286
-716.96369637	-0.02081308
-716.93069307	-0.00977041
-716.89768977	0.00167094
-716.86468647	0.01091742
-716.83168317	0.01647602
-716.79867987	0.01842945
-716.76567657	0.01771096
-716.73267327	0.01587945
-716.69966997	0.01401400
-716.66666667	0.01234485
-716.63366337	0.01064581
-716.60066007	0.00908209
-716.56765677	0.00769783
-716.53465347	0.00710815
-716.50165017	0.00757577
-716.46864686	0.00971941
-716.43564356	0.01322992
-716.40264026	0.01760916
-716.36963696	0.02176727
-716.33663366	0.02504878
-716.30363036	0.02704878
-716.27062706	0.02833993
-716.23762376	0.02959539
-716.20462046	0.03140584
-716.17161716	0.03390551
-716.13861386	0.03659618
-716.10561056	0.03849487
-716.07260726	0.03857419
-716.03960396	0.03574599
-716.00660066	0.02940941
-715.97359736	0.02012369
-715.94059406	0.00837656
-715.90759076	-0.00440442
-715.87458746	-0.01662899
-715.84158416	-0.02730572
-715.80858086	-0.03509034
-715.77557756	-0.04016012
-715.74257426	-0.04294270
-715.70957096	-0.04436943
-715.67656766	-0.04529852
-715.64356436	-0.04690124
-715.61056106	-0.05002011
-715.57755776	-0.05514461
-715.54455446	-0.06222275
-715.51155116	-0.07069282
-715.47854785	-0.07904459
-715.44554455	-0.08500789
-715.41254125	-0.08701149
-715.37953795	-0.08392266
-715.34653465	-0.07590496
-715.31353135	-0.06465264
-715.28052805	-0.05129715
-715.24752475	-0.03769527
-715.21452145	-0.02494583
-715.18151815	-0.01312721
-715.14851485	-0.00200393
-715.11551155	0.00922242
-715.08250825	0.02071052
-715.04950495	0.03212518
-715.01650165	0.04259534
-714.98349835	0.05105800
-714.95049505	0.05660390
-714.91749175	0.05865679
-714.88448845	0.05753623
-714.85148515	0.05365863
-714.81848185	0.04756655
-714.78547855	0.04029976
-714.75247525	0.03335552
-714.71947195	0.02778349
-714.68646865	0.02503397
-714.65346535	0.02528653
-714.62046205	0.02841933
-714.58745875	0.03333752
-714.55445545	0.03888164
-714.52145215	0.04407778
-714.48844884	0.04804244
-714.45544554	0.05100778
-714.42244224	0.05308743
-714.38943894	0.05424691
-714.35643564	0.05488521
-714.32343234	0.05452567
-714.29042904	0.05326293
-714.25742574	0.04985200
-714.22442244	0.04426421
-714.19141914	0.03564795
-714.15841584	0.02460774
-714.12541254	0.01231700
-714.09240924	0.00027172
-714.05940594	-0.00996250
-714.02640264	-0.01732536
-713.99339934	-0.02195024
-713.96039604	-0.02419892
-713.92739274	-0.02495635
-713.89438944	-0.02508823
-713.86138614	-0.02506542
-713.82838284	-0.02546656
-713.79537954	-0.02624067
-713.76237624	-0.02740697
-713.72937294	-0.02869791
-713.69636964	-0.02973429
-713.66336634	-0.02979675
-713.63036304	-0.02892025
-713.59735974	-0.02718147
-713.56435644	-0.02528515
-713.53135314	-0.02394712
-713.49834983	-0.02352203
-713.46534653	-0.02354168
-713.43234323	-0.02367632
-713.39933993	-0.02323041
-713.36633663	-0.02214673
-713.33333333	-0.02050444
-713.30033003	-0.01823769
-713.26732673	-0.01543430
-713.23432343	-0.01221044
-713.20132013	-0.00813901
-713.16831683	-0.00382316
-713.13531353	0.00021432
-713.10231023	0.00290938
-713.06930693	0.00315342
-713.03630363	0.00066903
-713.00330033	-0.00395571
-712.97029703	-0.00980684
-712.93729373	-0.01494601
-712.90429043	-0.01874613
-712.87128713	-0.02009966
-712.83828383	-0.01891245
-712.80528053	-0.01560380
-712.77227723	-0.01068543
-712.73927393	-0.00503097
-712.70627063	0.00053340
-712.67326733	0.00520522
-712.64026403	0.00836960
-712.60726073	0.00984670
-712.57425743	0.00984153
-712.54125413	0.00874887
-712.50825083	0.00759330
-712.47524752	0.00692137
-712.44224422	0.00682836
-712.40924092	0.00701977
-712.37623762	0.00702403
-712.34323432	0.00645251
-712.31023102	0.00547585
-712.27722772	0.00426476
-712.24422442	0.00287128
-712.21122112	0.00175515
-712.17821782	0.00070458
-712.14521452	0.00026018
-712.11221122	0.00007294
-712.07920792	0.00037565
-712.04620462	0.00074722
-712.01320132	0.00135952
-711.98019802	0.00229986
-711.94719472	0.00324359
-711.91419142	0.00476115
-711.88118812	0.00616311
-711.84818482	0.00708919
-711.81518152	0.00688748
-711.78217822	0.00469549
-711.74917492	0.00116625
-711.71617162	-0.00322620
-711.68316832	-0.00755258
-711.65016502	-0.01061960
-711.61716172	-0.01236010
-711.58415842	-0.01249140
-711.55115512	-0.01094304
-711.51815182	-0.00801645
-711.48514851	-0.00353137
-711.45214521	0.00185709
-711.41914191	0.00796776
-711.38613861	0.01339360
-711.35313531	0.01801297
-711.32013201	0.02131080
-711.28712871	0.02307693
-711.25412541	0.02417024
-711.22112211	0.02447733
-711.18811881	0.02419216
-711.15511551	0.02308863
-711.12211221	0.02042702
-711.08910891	0.01608173
-711.05610561	0.00987577
-711.02310231	0.00251377
-710.99009901	-0.00526189
-710.95709571	-0.01204956
-710.92409241	-0.01703429
-710.89108911	-0.01983793
-710.85808581	-0.02030699
-710.82508251	-0.01858119
-710.79207921	-0.01484909
-710.75907591	-0.00926932
-710.72607261	-0.00255822
-710.69306931	0.00475710
-710.66006601	0.01149143
-710.62706271	0.01691173
-710.59405941	0.02020474
-710.56105611	0.02143655
-710.52805281	0.02103130
-710.49504950	0.01957503
-710.46204620	0.01799880
-710.42904290	0.01627989
-710.39603960	0.01402426
-710.36303630	0.01106847
-710.33003300	0.00669191
-710.29702970	0.00067277
-710.26402640	-0.00666554
-710.23102310	-0.01428112
-710.19801980	-0.02080084
-710.16501650	-0.02488609
-710.13201320	-0.02543995
-710.09900990	-0.02239752
-710.06600660	-0.01655420
-710.03300330	-0.00971996
-710.00000000	-0.00312578
-709.96699670	0.00177593
-709.93399340	0.00468172
-709.90099010	0.00559473
-709.86798680	0.00476558
-709.83498350	0.00270310
-709.80198020	-0.00022828
-709.76897690	-0.00309121
-709.73597360	-0.00536492
-709.70297030	-0.00617420
-709.66996700	-0.00477167
-709.63696370	-0.00148483
-709.60396040	0.00356691
-709.57095710	0.00959559
-709.53795380	0.01522481
-709.50495050	0.01995614
-709.47194719	0.02299084
-709.43894389	0.02430879
-709.40594059	0.02456386
-709.37293729	0.02347208
-709.33993399	0.02165690
-709.30693069	0.01893567
-709.27392739	0.01490870
-709.24092409	0.00976914
-709.20792079	0.00357684
-709.17491749	-0.00263400
-709.14191419	-0.00806872
-709.10891089	-0.01170970
-709.07590759	-0.01263511
-709.04290429	-0.01080921
-709.00990099	-0.00625219
-708.97689769	0.00027731
-708.94389439	0.00804884
-708.91089109	0.01599538
-708.87788779	0.02346146
-708.84488449	0.03009474
-708.81188119	0.03533970
-708.77887789	0.03841751
-708.74587459	0.03852854
-708.71287129	0.03471396
-708.67986799	0.02699130
-708.64686469	0.01656617
-708.61386139	0.00459829
-708.58085809	-0.00643150
-708.54785479	-0.01519048
-708.51485149	-0.02134955
-708.48184818	-0.02502986
-708.44884488	-0.02677005
-708.41584158	-0.02709003
-708.38283828	-0.02600511
-708.34983498	-0.02351183
-708.31683168	-0.01955258
-708.28382838	-0.01485058
-708.25082508	-0.01077818
-708.21782178	-0.00751821
-708.18481848	-0.00636528
-708.15181518	-0.00723591
-708.11881188	-0.00976040
-708.08580858	-0.01394957
-708.05280528	-0.01888832
-708.01980198	-0.02315282
-707.98679868	-0.02611423
-707.95379538	-0.02699540
-707.92079208	-0.02457616
-707.88778878	-0.01882681
-707.85478548	-0.01002424
-707.82178218	0.00126350
-707.78877888	0.01330872
-707.75577558	0.02489512
-707.72277228	0.03478633
-707.68976898	0.04152840
-707.65676568	0.04403712
-707.62376238	0.04211261
-707.59075908	0.03579021
-707.55775578	0.02614318
-707.52475248	0.01467770
-707.49174917	0.00332746
-707.45874587	-0.00661127
-707.42574257	-0.01434471
-707.39273927	-0.02001519
-707.35973597	-0.02412568
-707.32673267	-0.02704383
-707.29372937	-0.02856050
-707.26072607	-0.02811446
-707.22772277	-0.02462718
-707.19471947	-0.01741606
-707.16171617	-0.00622825
-707.12871287	0.00760855
-707.09570957	0.02257156
-707.06270627	0.03620399
-707.02970297	0.04627203
-706.99669967	0.05075837
-706.96369637	0.04903832
-706.93069307	0.04106590
-706.89768977	0.02845295
-706.86468647	0.01302411
-706.83168317	-0.00272828
-706.79867987	-0.01710338
-706.76567657	-0.02844059
-706.73267327	-0.03581266
-706.69966997	-0.03907107
-706.66666667	-0.03846501
-706.63366337	-0.03449071
-706.60066007	-0.02888652
-706.56765677	-0.02296496
-706.53465347	-0.01766867
-706.50165017	-0.01399153
-706.46864686	-0.01179307
-706.43564356	-0.01010771
-706.40264026	-0.00852050
-706.36963696	-0.00664507
-706.33663366	-0.00436048
-706.30363036	-0.00208328
-706.27062706	-0.00038568
-706.23762376	0.00075207
-706.20462046	0.00150383
-706.17161716	0.00213199
-706.13861386	0.00313383
-706.10561056	0.00449999
-706.07260726	0.00615625
-706.03960396	0.00805687
-706.00660066	0.00983272
-705.97359736	0.01136622
-705.94059406	0.01259702
-705.90759076	0.01330720
-705.87458746	0.01338202
-705.84158416	0.01264165
-705.80858086	0.01091902
-705.77557756	0.00832705
-705.74257426	0.00488210
-705.70957096	0.00055295
-705.67656766	-0.00414789
-705.64356436	-0.00945008
-705.61056106	-0.01498403
-705.57755776	-0.02031360
-705.54455446	-0.02499715
-705.51155116	-0.02775502
-705.47854785	-0.02773926
-705.44554455	-0.02464894
-705.41254125	-0.01835950
-705.37953795	-0.00950964
-705.34653465	0.00039383
-705.31353135	0.01026414
-705.28052805	0.01891961
-705.24752475	0.02572158
-705.21452145	0.03005151
-705.18151815	0.03193031
-705.14851485	0.03093573
-705.11551155	0.02688349
-705.08250825	0.02026511
-705.04950495	0.01152639
-705.01650165	0.00178408
-704.98349835	-0.00785092
-704.95049505	-0.01604036
-704.91749175	-0.02204613
-704.88448845	-0.02517750
-704.85148515	-0.02559454
-704.81848185	-0.02335240
-704.78547855	-0.01886435
-704.75247525	-0.01289979
-704.71947195	-0.00626223
-704.68646865	0.00006247
-704.65346535	0.00529153
-704.62046205	0.00836962
-704.58745875	0.00872966
-704.55445545	0.00694074
-704.52145215	0.00308985
-704.48844884	-0.00175679
-704.45544554	-0.00631074
-704.42244224	-0.00968528
-704.38943894	-0.01121014
-704.35643564	-0.01077733
-704.32343234	-0.00888913
-704.29042904	-0.00593918
-704.25742574	-0.00247392
-704.22442244	0.00105784
-704.19141914	0.00472930
-704.15841584	0.00878372
-704.12541254	0.01300696
-704.09240924	0.01716012
-704.05940594	0.02048396
-704.02640264	0.02157143
-703.99339934	0.01963330
-703.96039604	0.01445950
-703.92739274	0.00649437
-703.89438944	-0.00281964
-703.86138614	-0.01166945
-703.82838284	-0.01873789
-703.79537954	-0.02309895
-703.76237624	-0.02508884
-703.72937294	-0.02485769
-703.69636964	-0.02212325
-703.66336634	-0.01698972
-703.63036304	-0.00929877
-703.59735974	0.00112540
-703.56435644	0.01336698
-703.53135314	0.02635255
-703.49834983	0.03847372
-703.46534653	0.04782918
-703.43234323	0.05284460
-703.39933993	0.05276687
-703.36633663	0.04731575
-703.33333333	0.03733143
-703.30033003	0.02458422
-703.26732673	0.01059332
-703.23432343	-0.00292481
-703.20132013	-0.01446530
-703.16831683	-0.02348206
-703.13531353	-0.02929362
-703.10231023	-0.03137449
-703.06930693	-0.02969581
-703.03630363	-0.02509595
-703.00330033	-0.01830498
-702.97029703	-0.01062151
-702.93729373	-0.00345098
-702.90429043	0.00254787
-702.87128713	0.00686113
-702.83828383	0.00947439
-702.80528053	0.01034844
-702.77227723	0.00956670
-702.73927393	0.00740796
-702.70627063	0.00339521
-702.67326733	-0.00182228
-702.64026403	-0.00743352
-702.60726073	-0.01283224
-702.57425743	-0.01637486
-702.54125413	-0.01730645
-702.50825083	-0.01525488
-702.47524752	-0.01049051
-702.44224422	-0.00435987
-702.40924092	0.00179226
-702.37623762	0.00661782
-702.34323432	0.00927699
-702.31023102	0.00968714
-702.27722772	0.00807409
-702.24422442	0.00508606
-702.21122112	0.00139649
-702.17821782	-0.00200769
-702.14521452	-0.00460721
-702.11221122	-0.00599216
-702.07920792	-0.00646257
-702.04620462	-0.00664158
-702.01320132	-0.00705697
-701.98019802	-0.00787792
-701.94719472	-0.00907695
-701.91419142	-0.01019156
-701.88118812	-0.01030997
-701.84818482	-0.00910584
-701.81518152	-0.00635413
-701.78217822	-0.00195091
-701.74917492	0.00306147
-701.71617162	0.00807959
-701.68316832	0.01224587
-701.65016502	0.01434467
-701.61716172	0.01383108
-701.58415842	0.01026140
-701.55115512	0.00380141
-701.51815182	-0.00441033
-701.48514851	-0.01297515
-701.45214521	-0.01986335
-701.41914191	-0.02390501
-701.38613861	-0.02444004
-701.35313531	-0.02168165
-701.32013201	-0.01702872
-701.28712871	-0.01177685
-701.25412541	-0.00669000
-701.22112211	-0.00238665
-701.18811881	0.00118427
-701.15511551	0.00416069
-701.12211221	0.00663140
-701.08910891	0.00809830
-701.05610561	0.00854330
-701.02310231	0.00762511
-700.99009901	0.00532505
-700.95709571	0.00182071
-700.92409241	-0.00220593
-700.89108911	-0.00633419
-700.85808581	-0.01016208
-700.82508251	-0.01258619
-700.79207921	-0.01348816
-700.75907591	-0.01234346
-700.72607261	-0.00917521
-700.69306931	-0.00425784
-700.66006601	0.00149576
-700.62706271	0.00730416
-700.59405941	0.01197787
-700.56105611	0.01513803
-700.52805281	0.01635667
-700.49504950	0.01564231
-700.46204620	0.01323863
-700.42904290	0.00973800
-700.39603960	0.00565298
-700.36303630	0.00142839
-700.33003300	-0.00213380
-700.29702970	-0.00487116
-700.26402640	-0.00701800
-700.23102310	-0.00837203
-700.19801980	-0.00910342
-700.16501650	-0.00910365
-700.13201320	-0.00779621
-700.09900990	-0.00494781
-700.06600660	-0.00096388
-700.03300330	0.00375269
-700.00000000	0.00876968
-699.96699670	0.01348775
-699.93399340	0.01742126
-699.90099010	0.02047247
-699.86798680	0.02225699
-699.83498350	0.02206504
-699.80198020	0.01973957
-699.76897690	0.01469899
-699.73597360	0.00766054
-699.70297030	-0.00070985
-699.66996700	-0.00955159
-699.63696370	-0.01721396
-699.60396040	-0.02325638
-699.57095710	-0.02669054
-699.53795380	-0.02738949
-699.50495050	-0.02498630
-699.47194719	-0.01942684
-699.43894389	-0.01156859
-699.40594059	-0.00248838
-699.37293729	0.00633950
-699.33993399	0.01293352
-699.30693069	0.01640093
-699.27392739	0.01593892
-699.24092409	0.01229008
-699.20792079	0.00633494
-699.17491749	-0.00039428
-699.14191419	-0.00690141
-699.10891089	-0.01260906
-699.07590759	-0.01676722
-699.04290429	-0.01987420
-699.00990099	-0.02195980
-698.97689769	-0.02283109
-698.94389439	-0.02318758
-698.91089109	-0.02275680
-698.87788779	-0.02144037
-698.84488449	-0.01922461
-698.81188119	-0.01561159
-698.77887789	-0.01078810
-698.74587459	-0.00526117
-698.71287129	0.00012283
-698.67986799	0.00423236
-698.64686469	0.00621340
-698.61386139	0.00574931
-698.58085809	0.00345251
-698.54785479	0.00009017
-698.51485149	-0.00361965
-698.48184818	-0.00632123
-698.44884488	-0.00722222
-698.41584158	-0.00585202
-698.38283828	-0.00199457
-698.34983498	0.00378918
-698.31683168	0.01050683
-698.28382838	0.01689533
-698.25082508	0.02126246
-698.21782178	0.02342101
-698.18481848	0.02326002
-698.15181518	0.02104715
-698.11881188	0.01767590
-698.08580858	0.01357937
-698.05280528	0.00905255
-698.01980198	0.00404160
-697.98679868	-0.00143882
-697.95379538	-0.00708600
-697.92079208	-0.01204318
-697.88778878	-0.01540650
-697.85478548	-0.01647813
-697.82178218	-0.01408685
-697.78877888	-0.00867489
-697.75577558	-0.00140994
-697.72277228	0.00646961
-697.68976898	0.01303175
-697.65676568	0.01720441
-697.62376238	0.01807570
-697.59075908	0.01610599
-697.55775578	0.01173965
-697.52475248	0.00607916
-697.49174917	0.00025480
-697.45874587	-0.00543312
-697.42574257	-0.01004525
-697.39273927	-0.01325873
-697.35973597	-0.01551353
-697.32673267	-0.01668417
-697.29372937	-0.01676283
-697.26072607	-0.01611325
-697.22772277	-0.01460592
-697.19471947	-0.01211152
-697.16171617	-0.00904839
-697.12871287	-0.00550077
-697.09570957	-0.00146181
-697.06270627	0.00282134
-697.02970297	0.00749885
-696.99669967	0.01184450
-696.96369637	0.01540044
-696.93069307	0.01775899
-696.89768977	0.01849272
-696.86468647	0.01780335
-696.83168317	0.01572038
-696.79867987	0.01298351
-696.76567657	0.00993758
-696.73267327	0.00700527
-696.69966997	0.00476445
-696.66666667	0.00293785
-696.63366337	0.00197915
-696.60066007	0.00205450
-696.56765677	0.00291779
-696.53465347	0.00505712
-696.50165017	0.00818982
-696.46864686	0.01174266
-696.43564356	0.01486051
-696.40264026	0.01712043
-696.36963696	0.01742288
-696.33663366	0.01559373
-696.30363036	0.01195115
-696.27062706	0.00694074
-696.23762376	0.00154713
-696.20462046	-0.00382859
-696.17161716	-0.00817060
-696.13861386	-0.01077351
-696.10561056	-0.01139813
-696.07260726	-0.01000742
-696.03960396	-0.00681896
-696.00660066	-0.00271388
-695.97359736	0.00157308
-695.94059406	0.00539857
-695.90759076	0.00838901
-695.87458746	0.01052298
-695.84158416	0.01183178
-695.80858086	0.01206048
-695.77557756	0.01109401
-695.74257426	0.00948514
-695.70957096	0.00741677
-695.67656766	0.00494909
-695.64356436	0.00271992
-695.61056106	0.00075062
-695.57755776	-0.00116491
-695.54455446	-0.00303395
-695.51155116	-0.00523287
-695.47854785	-0.00759419
-695.44554455	-0.00958503
-695.41254125	-0.01118446
-695.37953795	-0.01181909
-695.34653465	-0.01126741
-695.31353135	-0.00989272
-695.28052805	-0.00810551
-695.24752475	-0.00562041
-695.21452145	-0.00279817
-695.18151815	0.00048126
-695.14851485	0.00422619
-695.11551155	0.00801371
-695.08250825	0.01168832
-695.04950495	0.01476486
-695.01650165	0.01680943
-694.98349835	0.01780599
-694.95049505	0.01774216
-694.91749175	0.01695648
-694.88448845	0.01523959
-694.85148515	0.01312737
-694.81848185	0.01041385
-694.78547855	0.00707613
-694.75247525	0.00344539
-694.71947195	-0.00053566
-694.68646865	-0.00448784
-694.65346535	-0.00758754
-694.62046205	-0.00943750
-694.58745875	-0.00989892
-694.55445545	-0.00885773
-694.52145215	-0.00692627
-694.48844884	-0.00484461
-694.45544554	-0.00313583
-694.42244224	-0.00188581
-694.38943894	-0.00146006
-694.35643564	-0.00129542
-694.32343234	-0.00109839
-694.29042904	-0.00041379
-694.25742574	0.00137470
-694.22442244	0.00396508
-694.19141914	0.00729790
-694.15841584	0.01092332
-694.12541254	0.01439931
-694.09240924	0.01691263
-694.05940594	0.01762886
-694.02640264	0.01644154
-693.99339934	0.01287351
-693.96039604	0.00724434
-693.92739274	0.00071313
-693.89438944	-0.00599079
-693.86138614	-0.01151471
-693.82838284	-0.01490662
-693.79537954	-0.01646507
-693.76237624	-0.01661927
-693.72937294	-0.01551607
-693.69636964	-0.01444580
-693.66336634	-0.01366388
-693.63036304	-0.01347465
-693.59735974	-0.01404523
-693.56435644	-0.01500036
-693.53135314	-0.01608520
-693.49834983	-0.01682256
-693.46534653	-0.01640312
-693.43234323	-0.01453033
-693.39933993	-0.01078191
-693.36633663	-0.00601626
-693.33333333	-0.00037701
-693.30033003	0.00491930
-693.26732673	0.00882685
-693.23432343	0.01071229
-693.20132013	0.01083407
-693.16831683	0.00853087
-693.13531353	0.00487922
-693.10231023	0.00063392
-693.06930693	-0.00359560
-693.03630363	-0.00711456
-693.00330033	-0.00976202
-692.97029703	-0.01103053
-692.93729373	-0.01107543
-692.90429043	-0.01014366
-692.87128713	-0.00863140
-692.83828383	-0.00682687
-692.80528053	-0.00504197
-692.77227723	-0.00301269
-692.73927393	-0.00141104
-692.70627063	-0.00007298
-692.67326733	0.00079063
-692.64026403	0.00028072
-692.60726073	-0.00160023
-692.57425743	-0.00437052
-692.54125413	-0.00756887
-692.50825083	-0.01032892
-692.47524752	-0.01139270
-692.44224422	-0.01118254
-692.40924092	-0.00932406
-692.37623762	-0.00651845
-692.34323432	-0.00347295
-692.31023102	-0.00113009
-692.27722772	0.00005898
-692.24422442	-0.00022285
-692.21122112	-0.00210010
-692.17821782	-0.00488968
-692.14521452	-0.00800207
-692.11221122	-0.01066941
-692.07920792	-0.01191197
-692.04620462	-0.01182009
-692.01320132	-0.01073021
-691.98019802	-0.00931412
-691.94719472	-0.00832469
-691.91419142	-0.00816682
-691.88118812	-0.00884651
-691.84818482	-0.01015593
-691.81518152	-0.01146327
-691.78217822	-0.01247547
-691.74917492	-0.01283965
-691.71617162	-0.01217694
-691.68316832	-0.01078128
-691.65016502	-0.00801300
-691.61716172	-0.00383826
-691.58415842	0.00134649
-691.55115512	0.00771277
-691.51815182	0.01456630
-691.48514851	0.02112300
-691.45214521	0.02639702
-691.41914191	0.03006363
-691.38613861	0.03095219
-691.35313531	0.02937074
-691.32013201	0.02569458
-691.28712871	0.02038494
-691.25412541	0.01457734
-691.22112211	0.00897570
-691.18811881	0.00440716
-691.15511551	0.00117235
-691.12211221	-0.00077332
-691.08910891	-0.00129275
-691.05610561	-0.00073847
-691.02310231	0.00076703
-690.99009901	0.00303675
-690.95709571	0.00517490
-690.92409241	0.00718383
-690.89108911	0.00896707
-690.85808581	0.01010091
-690.82508251	0.01124055
-690.79207921	0.01257463
-690.75907591	0.01416955
-690.72607261	0.01576759
-690.69306931	0.01697735
-690.66006601	0.01731126
-690.62706271	0.01652771
-690.59405941	0.01498559
-690.56105611	0.01313465
-690.52805281	0.01129594
-690.49504950	0.00945625
-690.46204620	0.00759866
-690.42904290	0.00513430
-690.39603960	0.00194203
-690.36303630	-0.00181900
-690.33003300	-0.00587126
-690.29702970	-0.00966602
-690.26402640	-0.01263571
-690.23102310	-0.01423073
-690.19801980	-0.01436864
-690.16501650	-0.01309531
-690.13201320	-0.01067113
-690.09900990	-0.00762590
-690.06600660	-0.00453317
-690.03300330	-0.00213840
-690.00000000	-0.00103569
-689.96699670	-0.00124174
-689.93399340	-0.00290072
-689.90099010	-0.00532004
-689.86798680	-0.00806898
-689.83498350	-0.01055340
-689.80198020	-0.01251859
-689.76897690	-0.01386621
-689.73597360	-0.01439973
-689.70297030	-0.01381846
-689.66996700	-0.01227550
-689.63696370	-0.00972390
-689.60396040	-0.00653315
-689.57095710	-0.00321489
-689.53795380	-0.00076296
-689.50495050	0.00041212
-689.47194719	0.00002002
-689.43894389	-0.00222401
-689.40594059	-0.00565372
-689.37293729	-0.00911493
-689.33993399	-0.01250476
-689.30693069	-0.01451057
-689.27392739	-0.01517230
-689.24092409	-0.01449696
-689.20792079	-0.01232416
-689.17491749	-0.00881858
-689.14191419	-0.00429351
-689.10891089	0.00077429
-689.07590759	0.00567575
-689.04290429	0.00976399
-689.00990099	0.01231223
-688.97689769	0.01304916
-688.94389439	0.01195014
-688.91089109	0.00974058
-688.87788779	0.00708858
-688.84488449	0.00457328
-688.81188119	0.00279936
-688.77887789	0.00162296
-688.74587459	0.00092246
-688.71287129	0.00032325
-688.67986799	-0.00032956
-688.64686469	-0.00089353
-688.61386139	-0.00122317
-688.58085809	-0.00113995
-688.54785479	-0.00025546
-688.51485149	0.00054078
-688.48184818	0.00118604
-688.44884488	0.00113065
-688.41584158	0.00024174
-688.38283828	-0.00131145
-688.34983498	-0.00328750
-688.31683168	-0.00561832
-688.28382838	-0.00767531
-688.25082508	-0.00962700
-688.21782178	-0.01133038
-688.18481848	-0.01266697
-688.15181518	-0.01374474
-688.11881188	-0.01440810
-688.08580858	-0.01443250
-688.05280528	-0.01347502
-688.01980198	-0.01152999
-687.98679868	-0.00822879
-687.95379538	-0.00400632
-687.92079208	0.00109105
-687.88778878	0.00601525
-687.85478548	0.01041380
-687.82178218	0.01376812
-687.78877888	0.01536085
-687.75577558	0.01568828
-687.72277228	0.01453072
-687.68976898	0.01225090
-687.65676568	0.00907335
-687.62376238	0.00519241
-687.59075908	0.00110889
-687.55775578	-0.00310627
-687.52475248	-0.00678562
-687.49174917	-0.00946615
-687.45874587	-0.01083331
-687.42574257	-0.01046901
-687.39273927	-0.00854901
-687.35973597	-0.00537333
-687.32673267	-0.00128016
-687.29372937	0.00335734
-687.26072607	0.00780855
-687.22772277	0.01179082
-687.19471947	0.01449414
-687.16171617	0.01536801
-687.12871287	0.01438405
-687.09570957	0.01153469
-687.06270627	0.00755675
-687.02970297	0.00330892
-686.99669967	-0.00033594
-686.96369637	-0.00300992
-686.93069307	-0.00446550
-686.89768977	-0.00490165
-686.86468647	-0.00508192
-686.83168317	-0.00539513
-686.79867987	-0.00563635
-686.76567657	-0.00656053
-686.73267327	-0.00764449
-686.69966997	-0.00843035
-686.66666667	-0.00915303
-686.63366337	-0.00932045
-686.60066007	-0.00889335
-686.56765677	-0.00810481
-686.53465347	-0.00747264
-686.50165017	-0.00679526
-686.46864686	-0.00673259
-686.43564356	-0.00763052
-686.40264026	-0.00907951
-686.36963696	-0.01119048
-686.33663366	-0.01374533
-686.30363036	-0.01566786
-686.27062706	-0.01663979
-686.23762376	-0.01684512
-686.20462046	-0.01545683
-686.17161716	-0.01344715
-686.13861386	-0.01100265
-686.10561056	-0.00855753
-686.07260726	-0.00612964
-686.03960396	-0.00370863
-686.00660066	-0.00136754
-685.97359736	0.00099156
-685.94059406	0.00323846
-685.90759076	0.00488594
-685.87458746	0.00598246
-685.84158416	0.00632960
-685.80858086	0.00647108
-685.77557756	0.00606436
-685.74257426	0.00589429
-685.70957096	0.00552016
-685.67656766	0.00501200
-685.64356436	0.00475497
-685.61056106	0.00459571
-685.57755776	0.00569135
-685.54455446	0.00818028
-685.51155116	0.01237723
-685.47854785	0.01754250
-685.44554455	0.02297052
-685.41254125	0.02738183
-685.37953795	0.03037846
-685.34653465	0.03141404
-685.31353135	0.03106585
-685.28052805	0.03002868
-685.24752475	0.02882208
-685.21452145	0.02785855
-685.18151815	0.02745376
-685.14851485	0.02762717
-685.11551155	0.02832635
-685.08250825	0.02958182
-685.04950495	0.03150224
-685.01650165	0.03393006
-684.98349835	0.03626789
-684.95049505	0.03851830
-684.91749175	0.03993618
-684.88448845	0.04067159
-684.85148515	0.04042503
-684.81848185	0.03930505
-684.78547855	0.03705521
-684.75247525	0.03385713
-684.71947195	0.02973111
-684.68646865	0.02504242
-684.65346535	0.02000738
-684.62046205	0.01513562
-684.58745875	0.01098668
-684.55445545	0.00773598
-684.52145215	0.00584313
-684.48844884	0.00521871
-684.45544554	0.00553442
-684.42244224	0.00684225
-684.38943894	0.00856282
-684.35643564	0.01023420
-684.32343234	0.01169366
-684.29042904	0.01246506
-684.25742574	0.01224671
-684.22442244	0.01088598
-684.19141914	0.00850954
-684.15841584	0.00535887
-684.12541254	0.00177275
-684.09240924	-0.00216395
-684.05940594	-0.00608520
-684.02640264	-0.00985410
-683.99339934	-0.01319279
-683.96039604	-0.01618677
-683.92739274	-0.01826807
-683.89438944	-0.01944567
-683.86138614	-0.01929067
-683.82838284	-0.01804485
-683.79537954	-0.01544631
-683.76237624	-0.01217232
-683.72937294	-0.00852356
-683.69636964	-0.00512551
-683.66336634	-0.00252485
-683.63036304	-0.00091337
-683.59735974	-0.00072997
-683.56435644	-0.00221105
-683.53135314	-0.00559989
-683.49834983	-0.01053718
-683.46534653	-0.01694550
-683.43234323	-0.02397180
-683.39933993	-0.03040486
-683.36633663	-0.03553466
-683.33333333	-0.03821728
-683.30033003	-0.03794624
-683.26732673	-0.03512696
-683.23432343	-0.03020820
-683.20132013	-0.02398680
-683.16831683	-0.01788969
-683.13531353	-0.01255157
-683.10231023	-0.00920361
-683.06930693	-0.00838966
-683.03630363	-0.01017846
-683.00330033	-0.01419356
-682.97029703	-0.01977823
-682.93729373	-0.02564015
-682.90429043	-0.03074984
-682.87128713	-0.03424836
-682.83828383	-0.03545879
-682.80528053	-0.03455802
-682.77227723	-0.03200387
-682.73927393	-0.02851715
-682.70627063	-0.02479600
-682.67326733	-0.02199496
-682.64026403	-0.01996233
-682.60726073	-0.01949971
-682.57425743	-0.02014748
-682.54125413	-0.02180293
-682.50825083	-0.02383468
-682.47524752	-0.02583844
-682.44224422	-0.02732719
-682.40924092	-0.02816761
-682.37623762	-0.02803334
-682.34323432	-0.02751533
-682.31023102	-0.02603034
-682.27722772	-0.02378075
-682.24422442	-0.02086928
-682.21122112	-0.01706995
-682.17821782	-0.01298778
-682.14521452	-0.00915199
-682.11221122	-0.00597739
-682.07920792	-0.00361586
-682.04620462	-0.00241993
-682.01320132	-0.00155016
-681.98019802	-0.00109959
-681.94719472	-0.00042405
-681.91419142	0.00009664
-681.88118812	0.00014504
-681.84818482	-0.00084059
-681.81518152	-0.00304008
-681.78217822	-0.00646301
-681.74917492	-0.01060859
-681.71617162	-0.01462145
-681.68316832	-0.01794268
-681.65016502	-0.01996751
-681.61716172	-0.02031261
-681.58415842	-0.01911442
-681.55115512	-0.01590651
-681.51815182	-0.01145879
-681.48514851	-0.00617616
-681.45214521	-0.00049210
-681.41914191	0.00428587
-681.38613861	0.00762394
-681.35313531	0.00923799
-681.32013201	0.00921858
-681.28712871	0.00823381
-681.25412541	0.00650083
-681.22112211	0.00471413
-681.18811881	0.00264591
-681.15511551	0.00087411
-681.12211221	-0.00103274
-681.08910891	-0.00292464
-681.05610561	-0.00404911
-681.02310231	-0.00467138
-680.99009901	-0.00398287
-680.95709571	-0.00244864
-680.92409241	-0.00011988
-680.89108911	0.00237163
-680.85808581	0.00461891
-680.82508251	0.00615624
-680.79207921	0.00696410
-680.75907591	0.00710124
-680.72607261	0.00697453
-680.69306931	0.00650092
-680.66006601	0.00599879
-680.62706271	0.00556436
-680.59405941	0.00545245
-680.56105611	0.00517775
-680.52805281	0.00556849
-680.49504950	0.00574067
-680.46204620	0.00607982
-680.42904290	0.00646288
-680.39603960	0.00682083
-680.36303630	0.00721871
-680.33003300	0.00790424
-680.29702970	0.00915368
-680.26402640	0.01115400
-680.23102310	0.01336587
-680.19801980	0.01554074
-680.16501650	0.01738885
-680.13201320	0.01806580
-680.09900990	0.01758563
-680.06600660	0.01578568
-680.03300330	0.01305135
-680.00000000	0.00955629
-679.96699670	0.00591389
-679.93399340	0.00251200
-679.90099010	-0.00080036
-679.86798680	-0.00323954
-679.83498350	-0.00482037
-679.80198020	-0.00488519
-679.76897690	-0.00353236
-679.73597360	-0.00049800
-679.70297030	0.00367803
-679.66996700	0.00857383
-679.63696370	0.01386670
-679.60396040	0.01875283
-679.57095710	0.02314235
-679.53795380	0.02678896
-679.50495050	0.02928160
-679.47194719	0.03072236
-679.43894389	0.03087867
-679.40594059	0.02952867
-679.37293729	0.02706734
-679.33993399	0.02329092
-679.30693069	0.01897956
-679.27392739	0.01449619
-679.24092409	0.01050562
-679.20792079	0.00721613
-679.17491749	0.00492862
-679.14191419	0.00388360
-679.10891089	0.00386185
-679.07590759	0.00474035
-679.04290429	0.00651470
-679.00990099	0.00843628
-678.97689769	0.01069790
-678.94389439	0.01239744
-678.91089109	0.01377996
-678.87788779	0.01464552
-678.84488449	0.01504836
-678.81188119	0.01537896
-678.77887789	0.01551430
-678.74587459	0.01585371
-678.71287129	0.01623324
-678.67986799	0.01715135
-678.64686469	0.01854720
-678.61386139	0.02031909
-678.58085809	0.02218298
-678.54785479	0.02357582
-678.51485149	0.02383664
-678.48184818	0.02296955
-678.44884488	0.02061406
-678.41584158	0.01738643
-678.38283828	0.01327720
-678.34983498	0.00890806
-678.31683168	0.00465900
-678.28382838	0.00026435
-678.25082508	-0.00382456
-678.21782178	-0.00783574
-678.18481848	-0.01162668
-678.15181518	-0.01480882
-678.11881188	-0.01761591
-678.08580858	-0.01968403
-678.05280528	-0.02069243
-678.01980198	-0.02052955
-677.98679868	-0.01865289
-677.95379538	-0.01530543
-677.92079208	-0.01029593
-677.88778878	-0.00443180
-677.85478548	0.00158544
-677.82178218	0.00673158
-677.78877888	0.00995439
-677.75577558	0.01115413
-677.72277228	0.00970012
-677.68976898	0.00653072
-677.65676568	0.00153598
-677.62376238	-0.00414626
-677.59075908	-0.00992666
-677.55775578	-0.01489723
-677.52475248	-0.01869326
-677.49174917	-0.02077653
-677.45874587	-0.02107551
-677.42574257	-0.02020910
-677.39273927	-0.01815139
-677.35973597	-0.01566652
-677.32673267	-0.01283684
-677.29372937	-0.00982519
-677.26072607	-0.00679771
-677.22772277	-0.00381511
-677.19471947	-0.00102179
-677.16171617	0.00155603
-677.12871287	0.00367707
-677.09570957	0.00521525
-677.06270627	0.00609422
-677.02970297	0.00646979
-676.99669967	0.00632199
-676.96369637	0.00635787
-676.93069307	0.00639607
-676.89768977	0.00704039
-676.86468647	0.00811024
-676.83168317	0.00926253
-676.79867987	0.01052808
-676.76567657	0.01121867
-676.73267327	0.01152394
-676.69966997	0.01091054
-676.66666667	0.00978495
-676.63366337	0.00810566
-676.60066007	0.00613868
-676.56765677	0.00396675
-676.53465347	0.00181967
-676.50165017	-0.00059944
-676.46864686	-0.00289283
-676.43564356	-0.00536715
-676.40264026	-0.00792303
-676.36963696	-0.01027588
-676.33663366	-0.01269017
-676.30363036	-0.01456465
-676.27062706	-0.01540453
-676.23762376	-0.01499877
-676.20462046	-0.01278897
-676.17161716	-0.00933636
-676.13861386	-0.00471876
-676.10561056	0.00007671
-676.07260726	0.00485869
-676.03960396	0.00867120
-676.00660066	0.01166220
-675.97359736	0.01319593
-675.94059406	0.01361081
-675.90759076	0.01267856
-675.87458746	0.01075275
-675.84158416	0.00812871
-675.80858086	0.00545256
-675.77557756	0.00306267
-675.74257426	0.00136445
-675.70957096	0.00083862
-675.67656766	0.00074457
-675.64356436	0.00135895
-675.61056106	0.00205405
-675.57755776	0.00254744
-675.54455446	0.00296158
-675.51155116	0.00298180
-675.47854785	0.00306350
-675.44554455	0.00288940
-675.41254125	0.00282669
-675.37953795	0.00282474
-675.34653465	0.00301643
-675.31353135	0.00362659
-675.28052805	0.00467936
-675.24752475	0.00642403
-675.21452145	0.00857179
-675.18151815	0.01075238
-675.14851485	0.01271059
-675.11551155	0.01406029
-675.08250825	0.01457201
-675.04950495	0.01406883
-675.01650165	0.01285241
-674.98349835	0.01093465
-674.95049505	0.00868153
-674.91749175	0.00623983
-674.88448845	0.00384381
-674.85148515	0.00140690
-674.81848185	-0.00091488
-674.78547855	-0.00311643
-674.75247525	-0.00525301
-674.71947195	-0.00714706
-674.68646865	-0.00865046
-674.65346535	-0.00996133
-674.62046205	-0.01101764
-674.58745875	-0.01176751
-674.55445545	-0.01225470
-674.52145215	-0.01233622
-674.48844884	-0.01179080
-674.45544554	-0.01040627
-674.42244224	-0.00822986
-674.38943894	-0.00560222
-674.35643564	-0.00234260
-674.32343234	0.00029623
-674.29042904	0.00265127
-674.25742574	0.00381615
-674.22442244	0.00377129
-674.19141914	0.00268945
-674.15841584	0.00041253
-674.12541254	-0.00223713
-674.09240924	-0.00525859
-674.05940594	-0.00790411
-674.02640264	-0.01001935
-673.99339934	-0.01106573
-673.96039604	-0.01109387
-673.92739274	-0.00978912
-673.89438944	-0.00750246
-673.86138614	-0.00412947
-673.82838284	-0.00039710
-673.79537954	0.00352952
-673.76237624	0.00697205
-673.72937294	0.00948427
-673.69636964	0.01077222
-673.66336634	0.01059085
-673.63036304	0.00927624
-673.59735974	0.00717871
-673.56435644	0.00477309
-673.53135314	0.00277504
-673.49834983	0.00154720
-673.46534653	0.00089061
-673.43234323	0.00107172
-673.39933993	0.00131363
-673.36633663	0.00166442
-673.33333333	0.00152085
-673.30033003	0.00083075
-673.26732673	-0.00035520
-673.23432343	-0.00206508
-673.20132013	-0.00425061
-673.16831683	-0.00628275
-673.13531353	-0.00855508
-673.10231023	-0.01055650
-673.06930693	-0.01267568
-673.03630363	-0.01470686
-673.00330033	-0.01625251
-672.97029703	-0.01773988
-672.93729373	-0.01877231
-672.90429043	-0.01966485
-672.87128713	-0.02042437
-672.83828383	-0.02127050
-672.80528053	-0.02219898
-672.77227723	-0.02329635
-672.73927393	-0.02423830
-672.70627063	-0.02489882
-672.67326733	-0.02497687
-672.64026403	-0.02425489
-672.60726073	-0.02281415
-672.57425743	-0.02063050
-672.54125413	-0.01828220
-672.50825083	-0.01546863
-672.47524752	-0.01299238
-672.44224422	-0.01073672
-672.40924092	-0.00863596
-672.37623762	-0.00700868
-672.34323432	-0.00550871
-672.31023102	-0.00412967
-672.27722772	-0.00258712
-672.24422442	-0.00094065
-672.21122112	0.00093543
-672.17821782	0.00301772
-672.14521452	0.00510638
-672.11221122	0.00692124
-672.07920792	0.00823968
-672.04620462	0.00893512
-672.01320132	0.00880260
-671.98019802	0.00764581
-671.94719472	0.00590325
-671.91419142	0.00349278
-671.88118812	0.00103782
-671.84818482	-0.00152419
-671.81518152	-0.00385705
-671.78217822	-0.00611662
-671.74917492	-0.00827964
-671.71617162	-0.01031343
-671.68316832	-0.01194559
-671.65016502	-0.01316466
-671.61716172	-0.01341383
-671.58415842	-0.01300782
-671.55115512	-0.01198429
-671.51815182	-0.01055522
-671.48514851	-0.00931845
-671.45214521	-0.00826366
-671.41914191	-0.00768869
-671.38613861	-0.00767938
-671.35313531	-0.00823887
-671.32013201	-0.00934866
-671.28712871	-0.01075240
-671.25412541	-0.01228545
-671.22112211	-0.01356387
-671.18811881	-0.01466489
-671.15511551	-0.01529898
-671.12211221	-0.01527757
-671.08910891	-0.01478303
-671.05610561	-0.01379011
-671.02310231	-0.01242025
-670.99009901	-0.01092472
-670.95709571	-0.00933945
-670.92409241	-0.00799967
-670.89108911	-0.00690288
-670.85808581	-0.00615488
-670.82508251	-0.00573814
-670.79207921	-0.00544609
-670.75907591	-0.00522751
-670.72607261	-0.00465063
-670.69306931	-0.00419549
-670.66006601	-0.00360966
-670.62706271	-0.00305923
-670.59405941	-0.00243132
-670.56105611	-0.00186497
-670.52805281	-0.00048227
-670.49504950	0.00126011
-670.46204620	0.00375063
-670.42904290	0.00712150
-670.39603960	0.01094489
-670.36303630	0.01498808
-670.33003300	0.01934229
-670.29702970	0.02335654
-670.26402640	0.02699597
-670.23102310	0.02971859
-670.19801980	0.03182068
-670.16501650	0.03241313
-670.13201320	0.03182041
-670.09900990	0.02998872
-670.06600660	0.02676071
-670.03300330	0.02278803
-670.00000000	0.01821851
-669.96699670	0.01371362
-669.93399340	0.00974986
-669.90099010	0.00657015
-669.86798680	0.00414996
-669.83498350	0.00240508
-669.80198020	0.00119941
-669.76897690	0.00007218
-669.73597360	-0.00106635
-669.70297030	-0.00234322
-669.66996700	-0.00372699
-669.63696370	-0.00516653
-669.60396040	-0.00696152
-669.57095710	-0.00857474
-669.53795380	-0.01026707
-669.50495050	-0.01159349
-669.47194719	-0.01207203
-669.43894389	-0.01163912
-669.40594059	-0.00997715
-669.37293729	-0.00702929
-669.33993399	-0.00309462
-669.30693069	0.00140355
-669.27392739	0.00609800
-669.24092409	0.01063345
-669.20792079	0.01473046
-669.17491749	0.01798611
-669.14191419	0.02017574
-669.10891089	0.02135070
-669.07590759	0.02139045
-669.04290429	0.02045139
-669.00990099	0.01873787
-668.97689769	0.01682512
-668.94389439	0.01460365
-668.91089109	0.01239248
-668.87788779	0.01028192
-668.84488449	0.00841433
-668.81188119	0.00676314
-668.77887789	0.00527114
-668.74587459	0.00397265
-668.71287129	0.00276981
-668.67986799	0.00159015
-668.64686469	0.00010353
-668.61386139	-0.00110240
-668.58085809	-0.00244888
-668.54785479	-0.00350010
-668.51485149	-0.00457056
-668.48184818	-0.00554656
-668.44884488	-0.00631337
-668.41584158	-0.00754216
-668.38283828	-0.00884289
-668.34983498	-0.01024325
-668.31683168	-0.01177038
-668.28382838	-0.01278893
-668.25082508	-0.01327054
-668.21782178	-0.01302880
-668.18481848	-0.01206391
-668.15181518	-0.01058795
-668.11881188	-0.00843632
-668.08580858	-0.00588554
-668.05280528	-0.00340851
-668.01980198	-0.00111661
-667.98679868	0.00095697
-667.95379538	0.00263767
-667.92079208	0.00406436
-667.88778878	0.00544288
-667.85478548	0.00685568
-667.82178218	0.00871575
-667.78877888	0.01040000
-667.75577558	0.01245437
-667.72277228	0.01400409
-667.68976898	0.01518559
-667.65676568	0.01560003
-667.62376238	0.01544953
-667.59075908	0.01477374
-667.55775578	0.01370505
-667.52475248	0.01271417
-667.49174917	0.01174142
-667.45874587	0.01126610
-667.42574257	0.01116977
-667.39273927	0.01114710
-667.35973597	0.01138559
-667.32673267	0.01124496
-667.29372937	0.01089176
-667.26072607	0.01011420
-667.22772277	0.00904869
-667.19471947	0.00796259
-667.16171617	0.00693513
-667.12871287	0.00582545
-667.09570957	0.00482702
-667.06270627	0.00368296
-667.02970297	0.00235782
-666.99669967	0.00099611
-666.96369637	-0.00048396
-666.93069307	-0.00189310
-666.89768977	-0.00329420
-666.86468647	-0.00460350
-666.83168317	-0.00570311
-666.79867987	-0.00689117
-666.76567657	-0.00795698
-666.73267327	-0.00892608
-666.69966997	-0.00990870
-666.66666667	-0.01065187
-666.63366337	-0.01074221
-666.60066007	-0.01025583
-666.56765677	-0.00908168
-666.53465347	-0.00731593
-666.50165017	-0.00523375
-666.46864686	-0.00304710
-666.43564356	-0.00119358
-666.40264026	0.00003484
-666.36963696	0.00084887
-666.33663366	0.00113867
-666.30363036	0.00126987
-666.27062706	0.00130515
-666.23762376	0.00146669
-666.20462046	0.00213652
-666.17161716	0.00328917
-666.13861386	0.00516576
-666.10561056	0.00775406
-666.07260726	0.01071735
-666.03960396	0.01383525
-666.00660066	0.01622559
-665.97359736	0.01773563
-665.94059406	0.01782654
-665.90759076	0.01649956
-665.87458746	0.01391371
-665.84158416	0.01020747
-665.80858086	0.00592277
-665.77557756	0.00143441
-665.74257426	-0.00276852
-665.70957096	-0.00658366
-665.67656766	-0.00961180
-665.64356436	-0.01170309
-665.61056106	-0.01284032
-665.57755776	-0.01321153
-665.54455446	-0.01328486
-665.51155116	-0.01290337
-665.47854785	-0.01268881
-665.44554455	-0.01240436
-665.41254125	-0.01226152
-665.37953795	-0.01213123
-665.34653465	-0.01208734
-665.31353135	-0.01194652
-665.28052805	-0.01153664
-665.24752475	-0.01065859
-665.21452145	-0.00932103
-665.18151815	-0.00742135
-665.14851485	-0.00528603
-665.11551155	-0.00291116
-665.08250825	-0.00063819
-665.04950495	0.00120214
-665.01650165	0.00270623
-664.98349835	0.00388315
-664.95049505	0.00464751
-664.91749175	0.00484388
-664.88448845	0.00448843
-664.85148515	0.00361905
-664.81848185	0.00243062
-664.78547855	0.00074539
-664.75247525	-0.00068652
-664.71947195	-0.00160027
-664.68646865	-0.00204313
-664.65346535	-0.00179709
-664.62046205	-0.00082557
-664.58745875	0.00032378
-664.55445545	0.00160237
-664.52145215	0.00287843
-664.48844884	0.00364203
-664.45544554	0.00400849
-664.42244224	0.00363647
-664.38943894	0.00291609
-664.35643564	0.00160427
-664.32343234	0.00012344
-664.29042904	-0.00150287
-664.25742574	-0.00246368
-664.22442244	-0.00304872
-664.19141914	-0.00306640
-664.15841584	-0.00236748
-664.12541254	-0.00112081
-664.09240924	0.00051769
-664.05940594	0.00238363
-664.02640264	0.00421914
-663.99339934	0.00578145
-663.96039604	0.00703314
-663.92739274	0.00767199
-663.89438944	0.00767788
-663.86138614	0.00695020
-663.82838284	0.00537540
-663.79537954	0.00326120
-663.76237624	0.00052038
-663.72937294	-0.00254417
-663.69636964	-0.00572972
-663.66336634	-0.00847664
-663.63036304	-0.01061959
-663.59735974	-0.01231215
-663.56435644	-0.01313626
-663.53135314	-0.01343490
-663.49834983	-0.01326148
-663.46534653	-0.01259849
-663.43234323	-0.01152852
-663.39933993	-0.00991007
-663.36633663	-0.00788010
-663.33333333	-0.00536494
-663.30033003	-0.00256931
-663.26732673	0.00003407
-663.23432343	0.00228055
-663.20132013	0.00360795
-663.16831683	0.00397729
-663.13531353	0.00340373
-663.10231023	0.00192892
-663.06930693	-0.00025829
-663.03630363	-0.00275912
-663.00330033	-0.00503977
-662.97029703	-0.00696590
-662.93729373	-0.00837737
-662.90429043	-0.00921136
-662.87128713	-0.00948634
-662.83828383	-0.00954602
-662.80528053	-0.00952849
-662.77227723	-0.00929948
-662.73927393	-0.00914103
-662.70627063	-0.00890722
-662.67326733	-0.00885698
-662.64026403	-0.00896545
-662.60726073	-0.00926705
-662.57425743	-0.00946899
-662.54125413	-0.00913821
-662.50825083	-0.00819599
-662.47524752	-0.00611565
-662.44224422	-0.00304746
-662.40924092	0.00100773
-662.37623762	0.00564805
-662.34323432	0.01048373
-662.31023102	0.01505050
-662.27722772	0.01867925
-662.24422442	0.02091028
-662.21122112	0.02134493
-662.17821782	0.02018763
-662.14521452	0.01742620
-662.11221122	0.01358836
-662.07920792	0.00919954
-662.04620462	0.00464113
-662.01320132	0.00013225
-661.98019802	-0.00416692
-661.94719472	-0.00807096
-661.91419142	-0.01147975
-661.88118812	-0.01421973
-661.84818482	-0.01625539
-661.81518152	-0.01745896
-661.78217822	-0.01789055
-661.74917492	-0.01761793
-661.71617162	-0.01650370
-661.68316832	-0.01481856
-661.65016502	-0.01263741
-661.61716172	-0.01011660
-661.58415842	-0.00752114
-661.55115512	-0.00506576
-661.51815182	-0.00304807
-661.48514851	-0.00163750
-661.45214521	-0.00099358
-661.41914191	-0.00077115
-661.38613861	-0.00095853
-661.35313531	-0.00153888
-661.32013201	-0.00227280
-661.28712871	-0.00299636
-661.25412541	-0.00355932
-661.22112211	-0.00360660
-661.18811881	-0.00303324
-661.15511551	-0.00179311
-661.12211221	-0.00006562
-661.08910891	0.00211729
-661.05610561	0.00437892
-661.02310231	0.00641283
-660.99009901	0.00818943
-660.95709571	0.00940478
-660.92409241	0.00984350
-660.89108911	0.00979869
-660.85808581	0.00904301
-660.82508251	0.00804693
-660.79207921	0.00697413
-660.75907591	0.00615885
-660.72607261	0.00553361
-660.69306931	0.00529697
-660.66006601	0.00553220
-660.62706271	0.00628182
-660.59405941	0.00741262
-660.56105611	0.00883196
-660.52805281	0.01034130
-660.49504950	0.01186745
-660.46204620	0.01301617
-660.42904290	0.01351342
-660.39603960	0.01313665
-660.36303630	0.01177334
-660.33003300	0.00941357
-660.29702970	0.00651727
-660.26402640	0.00325482
-660.23102310	-0.00004493
-660.19801980	-0.00326222
-660.16501650	-0.00622551
-660.13201320	-0.00887330
-660.09900990	-0.01104243
-660.06600660	-0.01289312
-660.03300330	-0.01393392
-660.00000000	-0.01447875
