# Menlo Systems GmbH ScanControl
# Program Version 1.14.3
# Start: -740.00000000 ps, Average over 1000 waveforms. Timestamp: 2026-02-03T16:07:02
# User time axis shift: 0 ps
# Time axis offset: 0 ps
# Time [ps]	THz Signal [a.u.]
-740.00000000	-0.00014341
-739.96699670	-0.00014448
-739.93399340	-0.00013502
-739.90099010	-0.00011463
-739.86798680	-0.00009452
-739.83498350	-0.00012863
-739.80198020	-0.00007049
-739.76897690	0.00006020
-739.73597360	-0.00001727
-739.70297030	0.00003853
-739.66996700	0.00003990
-739.63696370	-0.00003864
-739.60396040	-0.00000388
-739.57095710	0.00003120
-739.53795380	0.00004067
-739.50495050	0.00005351
-739.47194719	0.00004289
-739.43894389	0.00011930
-739.40594059	0.00010873
-739.37293729	-0.00000841
-739.33993399	0.00001065
-739.30693069	0.00002257
-739.27392739	0.00011170
-739.24092409	0.00001186
-739.20792079	0.00002316
-739.17491749	-0.00000449
-739.14191419	0.00001460
-739.10891089	0.00002313
-739.07590759	0.00012247
-739.04290429	0.00002882
-739.00990099	0.00006972
-738.97689769	0.00007724
-738.94389439	0.00001236
-738.91089109	0.00008012
-738.87788779	0.00017217
-738.84488449	0.00009370
-738.81188119	-0.00003038
-738.77887789	0.00005937
-738.74587459	-0.00005569
-738.71287129	-0.00007114
-738.67986799	0.00001331
-738.64686469	0.00005693
-738.61386139	0.00009135
-738.58085809	0.00002452
-738.54785479	0.00003385
-738.51485149	0.00008713
-738.48184818	0.00001629
-738.44884488	-0.00005736
-738.41584158	0.00001681
-738.38283828	0.00005169
-738.34983498	0.00009966
-738.31683168	0.00005173
-738.28382838	0.00011894
-738.25082508	0.00008845
-738.21782178	0.00003385
-738.18481848	0.00002845
-738.15181518	0.00017523
-738.11881188	0.00016872
-738.08580858	0.00013840
-738.05280528	0.00014406
-738.01980198	0.00010618
-737.98679868	0.00012559
-737.95379538	0.00004946
-737.92079208	0.00005823
-737.88778878	0.00012244
-737.85478548	0.00008298
-737.82178218	0.00011025
-737.78877888	0.00011045
-737.75577558	0.00010077
-737.72277228	0.00011000
-737.68976898	0.00019545
-737.65676568	0.00030974
-737.62376238	0.00027838
-737.59075908	0.00028258
-737.55775578	0.00027096
-737.52475248	0.00027874
-737.49174917	0.00039073
-737.45874587	0.00044004
-737.42574257	0.00046979
-737.39273927	0.00045328
-737.35973597	0.00059919
-737.32673267	0.00058428
-737.29372937	0.00059265
-737.26072607	0.00058626
-737.22772277	0.00064865
-737.19471947	0.00070059
-737.16171617	0.00082369
-737.12871287	0.00082074
-737.09570957	0.00083100
-737.06270627	0.00077616
-737.02970297	0.00083468
-736.99669967	0.00094533
-736.96369637	0.00094656
-736.93069307	0.00097138
-736.89768977	0.00085212
-736.86468647	0.00089770
-736.83168317	0.00081964
-736.79867987	0.00075710
-736.76567657	0.00071277
-736.73267327	0.00053931
-736.69966997	0.00043310
-736.66666667	0.00017509
-736.63366337	-0.00000067
-736.60066007	-0.00024626
-736.56765677	-0.00035544
-736.53465347	-0.00061309
-736.50165017	-0.00086888
-736.46864686	-0.00113347
-736.43564356	-0.00134514
-736.40264026	-0.00156497
-736.36963696	-0.00175850
-736.33663366	-0.00197603
-736.30363036	-0.00215503
-736.27062706	-0.00226532
-736.23762376	-0.00237501
-736.20462046	-0.00245032
-736.17161716	-0.00247390
-736.13861386	-0.00256286
-736.10561056	-0.00258087
-736.07260726	-0.00279577
-736.03960396	-0.00279318
-736.00660066	-0.00267749
-735.97359736	-0.00265753
-735.94059406	-0.00260356
-735.90759076	-0.00245870
-735.87458746	-0.00218476
-735.84158416	-0.00175447
-735.80858086	-0.00130620
-735.77557756	-0.00079161
-735.74257426	-0.00008940
-735.70957096	0.00042115
-735.67656766	0.00096871
-735.64356436	0.00147796
-735.61056106	0.00197871
-735.57755776	0.00229916
-735.54455446	0.00243516
-735.51155116	0.00248870
-735.47854785	0.00256624
-735.44554455	0.00255705
-735.41254125	0.00234975
-735.37953795	0.00203773
-735.34653465	0.00181925
-735.31353135	0.00159898
-735.28052805	0.00137274
-735.24752475	0.00108704
-735.21452145	0.00087890
-735.18151815	0.00067097
-735.14851485	0.00059539
-735.11551155	0.00051455
-735.08250825	0.00054465
-735.04950495	0.00028785
-735.01650165	0.00019111
-734.98349835	0.00027610
-734.95049505	0.00026940
-734.91749175	0.00021880
-734.88448845	0.00019519
-734.85148515	0.00020470
-734.81848185	0.00006257
-734.78547855	0.00009942
-734.75247525	0.00007331
-734.71947195	0.00009270
-734.68646865	-0.00007659
-734.65346535	-0.00010355
-734.62046205	0.00000496
-734.58745875	-0.00007351
-734.55445545	-0.00020985
-734.52145215	-0.00012580
-734.48844884	-0.00007508
-734.45544554	-0.00003512
-734.42244224	-0.00008034
-734.38943894	-0.00005152
-734.35643564	0.00001177
-734.32343234	0.00000639
-734.29042904	0.00011236
-734.25742574	0.00009774
-734.22442244	0.00007450
-734.19141914	0.00016548
-734.15841584	0.00021614
-734.12541254	0.00017527
-734.09240924	0.00024243
-734.05940594	0.00027100
-734.02640264	0.00025313
-733.99339934	0.00020988
-733.96039604	0.00024630
-733.92739274	0.00027935
-733.89438944	0.00031186
-733.86138614	0.00022130
-733.82838284	0.00039089
-733.79537954	0.00030987
-733.76237624	0.00015193
-733.72937294	0.00032889
-733.69636964	0.00044343
-733.66336634	0.00037778
-733.63036304	0.00041687
-733.59735974	0.00041053
-733.56435644	0.00042572
-733.53135314	0.00047157
-733.49834983	0.00034142
-733.46534653	0.00047292
-733.43234323	0.00034824
-733.39933993	0.00037628
-733.36633663	0.00045316
-733.33333333	0.00028165
-733.30033003	0.00034554
-733.26732673	0.00034311
-733.23432343	0.00035862
-733.20132013	0.00036109
-733.16831683	0.00030304
-733.13531353	0.00031493
-733.10231023	0.00033309
-733.06930693	0.00036505
-733.03630363	0.00031780
-733.00330033	0.00038825
-732.97029703	0.00042341
-732.93729373	0.00054351
-732.90429043	0.00053051
-732.87128713	0.00058047
-732.83828383	0.00063518
-732.80528053	0.00069545
-732.77227723	0.00074122
-732.73927393	0.00076425
-732.70627063	0.00082967
-732.67326733	0.00099412
-732.64026403	0.00082770
-732.60726073	0.00101461
-732.57425743	0.00120835
-732.54125413	0.00120388
-732.50825083	0.00131914
-732.47524752	0.00127448
-732.44224422	0.00150433
-732.40924092	0.00152402
-732.37623762	0.00167420
-732.34323432	0.00171984
-732.31023102	0.00179711
-732.27722772	0.00199244
-732.24422442	0.00207418
-732.21122112	0.00203493
-732.17821782	0.00209642
-732.14521452	0.00210152
-732.11221122	0.00199573
-732.07920792	0.00182008
-732.04620462	0.00141061
-732.01320132	0.00095739
-731.98019802	0.00019976
-731.94719472	-0.00060725
-731.91419142	-0.00152147
-731.88118812	-0.00283571
-731.84818482	-0.00400601
-731.81518152	-0.00528241
-731.78217822	-0.00630452
-731.74917492	-0.00710491
-731.71617162	-0.00749567
-731.68316832	-0.00758569
-731.65016502	-0.00720313
-731.61716172	-0.00652620
-731.58415842	-0.00544844
-731.55115512	-0.00403986
-731.51815182	-0.00268341
-731.48514851	-0.00125211
-731.45214521	-0.00005623
-731.41914191	0.00093056
-731.38613861	0.00175408
-731.35313531	0.00236211
-731.32013201	0.00274341
-731.28712871	0.00295773
-731.25412541	0.00306184
-731.22112211	0.00303953
-731.18811881	0.00296101
-731.15511551	0.00284136
-731.12211221	0.00247902
-731.08910891	0.00231145
-731.05610561	0.00205616
-731.02310231	0.00197047
-730.99009901	0.00182481
-730.95709571	0.00164783
-730.92409241	0.00148995
-730.89108911	0.00135785
-730.85808581	0.00117022
-730.82508251	0.00115024
-730.79207921	0.00099518
-730.75907591	0.00095309
-730.72607261	0.00091404
-730.69306931	0.00089666
-730.66006601	0.00079242
-730.62706271	0.00067715
-730.59405941	0.00070369
-730.56105611	0.00059599
-730.52805281	0.00055557
-730.49504950	0.00043390
-730.46204620	0.00032441
-730.42904290	0.00020015
-730.39603960	0.00014190
-730.36303630	0.00012383
-730.33003300	-0.00009467
-730.29702970	-0.00002480
-730.26402640	-0.00003220
-730.23102310	-0.00012593
-730.19801980	-0.00002024
-730.16501650	0.00005812
-730.13201320	0.00005073
-730.09900990	0.00015733
-730.06600660	0.00014627
-730.03300330	0.00020839
-730.00000000	0.00028962
-729.96699670	0.00028012
-729.93399340	0.00018633
-729.90099010	0.00012518
-729.86798680	0.00017580
-729.83498350	0.00003953
-729.80198020	0.00005450
-729.76897690	-0.00007092
-729.73597360	-0.00007685
-729.70297030	-0.00007231
-729.66996700	-0.00004568
-729.63696370	-0.00013762
-729.60396040	-0.00001594
-729.57095710	0.00014107
-729.53795380	0.00007924
-729.50495050	0.00031554
-729.47194719	0.00037550
-729.43894389	0.00036495
-729.40594059	0.00030094
-729.37293729	0.00037790
-729.33993399	0.00020335
-729.30693069	0.00000868
-729.27392739	-0.00021234
-729.24092409	-0.00046397
-729.20792079	-0.00090496
-729.17491749	-0.00124493
-729.14191419	-0.00162561
-729.10891089	-0.00204128
-729.07590759	-0.00241822
-729.04290429	-0.00276230
-729.00990099	-0.00297863
-728.97689769	-0.00315206
-728.94389439	-0.00335382
-728.91089109	-0.00343278
-728.87788779	-0.00348845
-728.84488449	-0.00355779
-728.81188119	-0.00390273
-728.77887789	-0.00425086
-728.74587459	-0.00495533
-728.71287129	-0.00561734
-728.67986799	-0.00684805
-728.64686469	-0.00796412
-728.61386139	-0.00926707
-728.58085809	-0.01053149
-728.54785479	-0.01154358
-728.51485149	-0.01225793
-728.48184818	-0.01227071
-728.44884488	-0.01181405
-728.41584158	-0.01046305
-728.38283828	-0.00857131
-728.34983498	-0.00608312
-728.31683168	-0.00322101
-728.28382838	-0.00044512
-728.25082508	0.00204179
-728.21782178	0.00395498
-728.18481848	0.00531492
-728.15181518	0.00571286
-728.11881188	0.00573172
-728.08580858	0.00518186
-728.05280528	0.00450944
-728.01980198	0.00399185
-727.98679868	0.00351617
-727.95379538	0.00350591
-727.92079208	0.00365665
-727.88778878	0.00414430
-727.85478548	0.00473283
-727.82178218	0.00536299
-727.78877888	0.00603873
-727.75577558	0.00647653
-727.72277228	0.00694732
-727.68976898	0.00681555
-727.65676568	0.00651907
-727.62376238	0.00591862
-727.59075908	0.00488903
-727.55775578	0.00377659
-727.52475248	0.00250134
-727.49174917	0.00112025
-727.45874587	0.00004141
-727.42574257	-0.00139116
-727.39273927	-0.00242406
-727.35973597	-0.00345749
-727.32673267	-0.00421847
-727.29372937	-0.00510986
-727.26072607	-0.00570989
-727.22772277	-0.00639550
-727.19471947	-0.00711837
-727.16171617	-0.00826359
-727.12871287	-0.00956529
-727.09570957	-0.01140684
-727.06270627	-0.01375502
-727.02970297	-0.01647250
-726.99669967	-0.01966068
-726.96369637	-0.02289915
-726.93069307	-0.02616643
-726.89768977	-0.02886166
-726.86468647	-0.03078884
-726.83168317	-0.03143478
-726.79867987	-0.03061759
-726.76567657	-0.02794777
-726.73267327	-0.02388967
-726.69966997	-0.01819199
-726.66666667	-0.01201871
-726.63366337	-0.00537386
-726.60066007	0.00054923
-726.56765677	0.00553690
-726.53465347	0.00867910
-726.50165017	0.01063834
-726.46864686	0.01068006
-726.43564356	0.00995696
-726.40264026	0.00841328
-726.36963696	0.00673799
-726.33663366	0.00505772
-726.30363036	0.00354579
-726.27062706	0.00224670
-726.23762376	0.00118781
-726.20462046	0.00034756
-726.17161716	-0.00017486
-726.13861386	-0.00038228
-726.10561056	-0.00026438
-726.07260726	0.00034782
-726.03960396	0.00091527
-726.00660066	0.00174464
-725.97359736	0.00239778
-725.94059406	0.00346760
-725.90759076	0.00421594
-725.87458746	0.00553011
-725.84158416	0.00670458
-725.80858086	0.00839228
-725.77557756	0.00995613
-725.74257426	0.01189650
-725.70957096	0.01391648
-725.67656766	0.01628595
-725.64356436	0.01862544
-725.61056106	0.02156353
-725.57755776	0.02469406
-725.54455446	0.02829264
-725.51155116	0.03243259
-725.47854785	0.03731693
-725.44554455	0.04293989
-725.41254125	0.04908953
-725.37953795	0.05636919
-725.34653465	0.06399127
-725.31353135	0.07268206
-725.28052805	0.08179483
-725.24752475	0.09166118
-725.21452145	0.10192253
-725.18151815	0.11252371
-725.14851485	0.12318497
-725.11551155	0.13392400
-725.08250825	0.14447007
-725.04950495	0.15472303
-725.01650165	0.16479922
-724.98349835	0.17482059
-724.95049505	0.18483033
-724.91749175	0.19541562
-724.88448845	0.20653288
-724.85148515	0.21922682
-724.81848185	0.23344411
-724.78547855	0.25039199
-724.75247525	0.27007306
-724.71947195	0.29350302
-724.68646865	0.32062449
-724.65346535	0.35233309
-724.62046205	0.38795638
-724.58745875	0.42748029
-724.55445545	0.47010856
-724.52145215	0.51461884
-724.48844884	0.55961397
-724.45544554	0.60293513
-724.42244224	0.64237390
-724.38943894	0.67511414
-724.35643564	0.69805945
-724.32343234	0.70825851
-724.29042904	0.70311349
-724.25742574	0.68013195
-724.22442244	0.63790187
-724.19141914	0.57618441
-724.15841584	0.49623405
-724.12541254	0.40011444
-724.09240924	0.29215389
-724.05940594	0.17672091
-724.02640264	0.05969404
-723.99339934	-0.05450782
-723.96039604	-0.16168870
-723.92739274	-0.26022460
-723.89438944	-0.35140813
-723.86138614	-0.43921888
-723.82838284	-0.53158697
-723.79537954	-0.63802885
-723.76237624	-0.76948801
-723.72937294	-0.93653703
-723.69636964	-1.14748918
-723.66336634	-1.40695323
-723.63036304	-1.71283519
-723.59735974	-2.05533048
-723.56435644	-2.41423058
-723.53135314	-2.76002403
-723.49834983	-3.05570702
-723.46534653	-3.26232423
-723.43234323	-3.34335283
-723.39933993	-3.26949024
-723.36633663	-3.02378937
-723.33333333	-2.60929567
-723.30033003	-2.04965808
-723.26732673	-1.38847647
-723.23432343	-0.68357258
-723.20132013	0.00353108
-723.16831683	0.61827357
-723.13531353	1.12089687
-723.10231023	1.49591136
-723.06930693	1.74728144
-723.03630363	1.89263500
-723.00330033	1.95431026
-722.97029703	1.95310726
-722.93729373	1.90261751
-722.90429043	1.81260534
-722.87128713	1.69202392
-722.83828383	1.55182080
-722.80528053	1.40551453
-722.77227723	1.26563235
-722.73927393	1.14054893
-722.70627063	1.03121656
-722.67326733	0.93215101
-722.64026403	0.83706902
-722.60726073	0.74234089
-722.57425743	0.64948306
-722.54125413	0.56389550
-722.50825083	0.49118114
-722.47524752	0.43280287
-722.44224422	0.38601507
-722.40924092	0.34540142
-722.37623762	0.30611557
-722.34323432	0.26574064
-722.31023102	0.22420940
-722.27722772	0.18195592
-722.24422442	0.13890543
-722.21122112	0.09446544
-722.17821782	0.04917774
-722.14521452	0.00515204
-722.11221122	-0.03445102
-722.07920792	-0.06638979
-722.04620462	-0.08930881
-722.01320132	-0.10255328
-721.98019802	-0.10648548
-721.94719472	-0.10138321
-721.91419142	-0.08723145
-721.88118812	-0.06479944
-721.84818482	-0.03613590
-721.81518152	-0.00511652
-721.78217822	0.02415450
-721.74917492	0.04844593
-721.71617162	0.06546016
-721.68316832	0.07414290
-721.65016502	0.07485436
-721.61716172	0.06854176
-721.58415842	0.05674168
-721.55115512	0.04168399
-721.51815182	0.02528121
-721.48514851	0.00868114
-721.45214521	-0.00703183
-721.41914191	-0.02086987
-721.38613861	-0.03190188
-721.35313531	-0.03809248
-721.32013201	-0.03932667
-721.28712871	-0.03539640
-721.25412541	-0.02775155
-721.22112211	-0.01796482
-721.18811881	-0.00729426
-721.15511551	0.00300773
-721.12211221	0.01102513
-721.08910891	0.01539777
-721.05610561	0.01476460
-721.02310231	0.00984688
-720.99009901	0.00194895
-720.95709571	-0.00630817
-720.92409241	-0.01364118
-720.89108911	-0.02013630
-720.85808581	-0.02586619
-720.82508251	-0.03193976
-720.79207921	-0.03823808
-720.75907591	-0.04458765
-720.72607261	-0.05006347
-720.69306931	-0.05426901
-720.66006601	-0.05626960
-720.62706271	-0.05599667
-720.59405941	-0.05356548
-720.56105611	-0.04993283
-720.52805281	-0.04572478
-720.49504950	-0.04145485
-720.46204620	-0.03682450
-720.42904290	-0.03215746
-720.39603960	-0.02800079
-720.36303630	-0.02636210
-720.33003300	-0.02746351
-720.29702970	-0.03127309
-720.26402640	-0.03522708
-720.23102310	-0.03626366
-720.19801980	-0.03303791
-720.16501650	-0.02451583
-720.13201320	-0.01200334
-720.09900990	0.00327122
-720.06600660	0.01955684
-720.03300330	0.03543681
-720.00000000	0.04982152
-719.96699670	0.06197741
-719.93399340	0.07160455
-719.90099010	0.07801093
-719.86798680	0.08093130
-719.83498350	0.08020260
-719.80198020	0.07573728
-719.76897690	0.06735764
-719.73597360	0.05487171
-719.70297030	0.03838756
-719.66996700	0.01826275
-719.63696370	-0.00420513
-719.60396040	-0.02649285
-719.57095710	-0.04633203
-719.53795380	-0.06101702
-719.50495050	-0.06939869
-719.47194719	-0.07111439
-719.43894389	-0.06690088
-719.40594059	-0.05817740
-719.37293729	-0.04638053
-719.33993399	-0.03299510
-719.30693069	-0.01951831
-719.27392739	-0.00780159
-719.24092409	0.00051835
-719.20792079	0.00371667
-719.17491749	0.00149370
-719.14191419	-0.00526007
-719.10891089	-0.01456689
-719.07590759	-0.02447075
-719.04290429	-0.03368193
-719.00990099	-0.04108618
-718.97689769	-0.04637689
-718.94389439	-0.04916374
-718.91089109	-0.04898624
-718.87788779	-0.04580381
-718.84488449	-0.03994219
-718.81188119	-0.03254494
-718.77887789	-0.02459105
-718.74587459	-0.01744968
-718.71287129	-0.01160646
-718.67986799	-0.00741045
-718.64686469	-0.00418744
-718.61386139	-0.00156760
-718.58085809	0.00087024
-718.54785479	0.00258684
-718.51485149	0.00370306
-718.48184818	0.00417215
-718.44884488	0.00387740
-718.41584158	0.00331482
-718.38283828	0.00174200
-718.34983498	-0.00101571
-718.31683168	-0.00536419
-718.28382838	-0.01042194
-718.25082508	-0.01490084
-718.21782178	-0.01653376
-718.18481848	-0.01435867
-718.15181518	-0.00836674
-718.11881188	0.00019299
-718.08580858	0.00822078
-718.05280528	0.01327568
-718.01980198	0.01337429
-717.98679868	0.00793150
-717.95379538	-0.00220764
-717.92079208	-0.01478137
-717.88778878	-0.02764777
-717.85478548	-0.03908261
-717.82178218	-0.04727926
-717.78877888	-0.05239470
-717.75577558	-0.05426217
-717.72277228	-0.05342883
-717.68976898	-0.05047810
-717.65676568	-0.04634063
-717.62376238	-0.04164344
-717.59075908	-0.03695470
-717.55775578	-0.03281706
-717.52475248	-0.02919239
-717.49174917	-0.02633435
-717.45874587	-0.02428312
-717.42574257	-0.02258619
-717.39273927	-0.02159130
-717.35973597	-0.02115692
-717.32673267	-0.02182072
-717.29372937	-0.02447827
-717.26072607	-0.02850114
-717.22772277	-0.03317151
-717.19471947	-0.03583691
-717.16171617	-0.03508887
-717.12871287	-0.02929919
-717.09570957	-0.01909505
-717.06270627	-0.00668818
-717.02970297	0.00504879
-716.99669967	0.01357908
-716.96369637	0.01779604
-716.93069307	0.01816603
-716.89768977	0.01628716
-716.86468647	0.01371190
-716.83168317	0.01125839
-716.79867987	0.00933971
-716.76567657	0.00754601
-716.73267327	0.00583530
-716.69966997	0.00444667
-716.66666667	0.00425330
-716.63366337	0.00539513
-716.60066007	0.00838477
-716.56765677	0.01292711
-716.53465347	0.01792619
-716.50165017	0.02238554
-716.46864686	0.02565101
-716.43564356	0.02752651
-716.40264026	0.02879904
-716.36963696	0.03031046
-716.33663366	0.03268223
-716.30363036	0.03568495
-716.27062706	0.03881325
-716.23762376	0.04058783
-716.20462046	0.04005982
-716.17161716	0.03597878
-716.13861386	0.02814915
-716.10561056	0.01699838
-716.07260726	0.00372475
-716.03960396	-0.01011226
-716.00660066	-0.02289655
-715.97359736	-0.03325179
-715.94059406	-0.04033273
-715.90759076	-0.04447633
-715.87458746	-0.04632425
-715.84158416	-0.04680492
-715.80858086	-0.04725335
-715.77557756	-0.04888786
-715.74257426	-0.05219064
-715.70957096	-0.05782037
-715.67656766	-0.06560689
-715.64356436	-0.07434866
-715.61056106	-0.08221487
-715.57755776	-0.08705618
-715.54455446	-0.08705332
-715.51155116	-0.08170501
-715.47854785	-0.07208682
-715.44554455	-0.05956449
-715.41254125	-0.04608009
-715.37953795	-0.03326307
-715.34653465	-0.02161324
-715.31353135	-0.01093138
-715.28052805	-0.00036313
-715.24752475	0.01075649
-715.21452145	0.02287009
-715.18151815	0.03494630
-715.14851485	0.04610398
-715.11551155	0.05453431
-715.08250825	0.05957161
-715.04950495	0.06105361
-715.01650165	0.05870568
-714.98349835	0.05344576
-714.95049505	0.04636879
-714.91749175	0.03837204
-714.88448845	0.03108625
-714.85148515	0.02604137
-714.81848185	0.02409088
-714.78547855	0.02546116
-714.75247525	0.02974907
-714.71947195	0.03546246
-714.68646865	0.04134113
-714.65346535	0.04637443
-714.62046205	0.05012037
-714.58745875	0.05302158
-714.55445545	0.05486811
-714.52145215	0.05611761
-714.48844884	0.05701105
-714.45544554	0.05678761
-714.42244224	0.05543962
-714.38943894	0.05173158
-714.35643564	0.04533689
-714.32343234	0.03567769
-714.29042904	0.02365706
-714.25742574	0.01080350
-714.22442244	-0.00138773
-714.19141914	-0.01117762
-714.15841584	-0.01776145
-714.12541254	-0.02188835
-714.09240924	-0.02361056
-714.05940594	-0.02429449
-714.02640264	-0.02479043
-713.99339934	-0.02550340
-713.96039604	-0.02658640
-713.92739274	-0.02817241
-713.89438944	-0.02985091
-713.86138614	-0.03145706
-713.82838284	-0.03236429
-713.79537954	-0.03218525
-713.76237624	-0.03059263
-713.72937294	-0.02844587
-713.69636964	-0.02628832
-713.66336634	-0.02497717
-713.63036304	-0.02456356
-713.59735974	-0.02463043
-713.56435644	-0.02452672
-713.53135314	-0.02392384
-713.49834983	-0.02261538
-713.46534653	-0.02045571
-713.43234323	-0.01789875
-713.39933993	-0.01467818
-713.36633663	-0.01060365
-713.33333333	-0.00594395
-713.30033003	-0.00105416
-713.26732673	0.00300675
-713.23432343	0.00506657
-713.20132013	0.00415910
-713.16831683	0.00027987
-713.13531353	-0.00565470
-713.10231023	-0.01224942
-713.06930693	-0.01770266
-713.03630363	-0.02080854
-713.00330033	-0.02144584
-712.97029703	-0.01927607
-712.93729373	-0.01476408
-712.90429043	-0.00881160
-712.87128713	-0.00262922
-712.83828383	0.00307961
-712.80528053	0.00768885
-712.77227723	0.01036374
-712.73927393	0.01115665
-712.70627063	0.01064952
-712.67326733	0.00941064
-712.64026403	0.00813895
-712.60726073	0.00785868
-712.57425743	0.00794396
-712.54125413	0.00829700
-712.50825083	0.00807334
-712.47524752	0.00731304
-712.44224422	0.00583496
-712.40924092	0.00437675
-712.37623762	0.00281440
-712.34323432	0.00136348
-712.31023102	0.00042935
-712.27722772	-0.00005605
-712.24422442	-0.00017811
-712.21122112	0.00012777
-712.17821782	0.00056382
-712.14521452	0.00113642
-712.11221122	0.00200625
-712.07920792	0.00322319
-712.04620462	0.00482374
-712.01320132	0.00615672
-711.98019802	0.00705334
-711.94719472	0.00599308
-711.91419142	0.00311059
-711.88118812	-0.00146358
-711.84818482	-0.00653077
-711.81518152	-0.01098793
-711.78217822	-0.01400110
-711.74917492	-0.01532611
-711.71617162	-0.01489825
-711.68316832	-0.01263710
-711.65016502	-0.00879874
-711.61716172	-0.00337081
-711.58415842	0.00309201
-711.55115512	0.00965073
-711.51815182	0.01551170
-711.48514851	0.02002140
-711.45214521	0.02291872
-711.41914191	0.02473592
-711.38613861	0.02555190
-711.35313531	0.02568283
-711.32013201	0.02519870
-711.28712871	0.02339678
-711.25412541	0.01990398
-711.22112211	0.01442542
-711.18811881	0.00681931
-711.15511551	-0.00175003
-711.12211221	-0.01026031
-711.08910891	-0.01736496
-711.05610561	-0.02232553
-711.02310231	-0.02465828
-710.99009901	-0.02404233
-710.95709571	-0.02129242
-710.92409241	-0.01611504
-710.89108911	-0.00911897
-710.85808581	-0.00102020
-710.82508251	0.00745234
-710.79207921	0.01475167
-710.75907591	0.02028618
-710.72607261	0.02328531
-710.69306931	0.02401063
-710.66006601	0.02314320
-710.62706271	0.02154797
-710.59405941	0.01967722
-710.56105611	0.01767329
-710.52805281	0.01507643
-710.49504950	0.01121929
-710.46204620	0.00570428
-710.42904290	-0.00162709
-710.39603960	-0.01022979
-710.36303630	-0.01859402
-710.33003300	-0.02523185
-710.29702970	-0.02865037
-710.26402640	-0.02779544
-710.23102310	-0.02304174
-710.19801980	-0.01584370
-710.16501650	-0.00817830
-710.13201320	-0.00132038
-710.09900990	0.00355095
-710.06600660	0.00586901
-710.03300330	0.00615822
-710.00000000	0.00469742
-709.96699670	0.00183759
-709.93399340	-0.00158221
-709.90099010	-0.00466220
-709.86798680	-0.00682783
-709.83498350	-0.00707786
-709.80198020	-0.00485694
-709.76897690	-0.00055507
-709.73597360	0.00542531
-709.70297030	0.01186382
-709.66996700	0.01789327
-709.63696370	0.02256789
-709.60396040	0.02535030
-709.57095710	0.02651800
-709.53795380	0.02621520
-709.50495050	0.02465898
-709.47194719	0.02241554
-709.43894389	0.01887898
-709.40594059	0.01389582
-709.37293729	0.00765859
-709.33993399	0.00077402
-709.30693069	-0.00607846
-709.27392739	-0.01141244
-709.24092409	-0.01461201
-709.20792079	-0.01470755
-709.17491749	-0.01143784
-709.14191419	-0.00557709
-709.10891089	0.00226604
-709.07590759	0.01114310
-709.04290429	0.01992103
-709.00990099	0.02812433
-708.97689769	0.03511317
-708.94389439	0.04040530
-708.91089109	0.04317914
-708.87788779	0.04195189
-708.84488449	0.03646144
-708.81188119	0.02680692
-708.77887789	0.01434638
-708.74587459	0.00138365
-708.71287129	-0.01017932
-708.67986799	-0.01895337
-708.64686469	-0.02446967
-708.61386139	-0.02775923
-708.58085809	-0.02897292
-708.54785479	-0.02859056
-708.51485149	-0.02674722
-708.48184818	-0.02328989
-708.44884488	-0.01852536
-708.41584158	-0.01345149
-708.38283828	-0.00919132
-708.34983498	-0.00634842
-708.31683168	-0.00602646
-708.28382838	-0.00771798
-708.25082508	-0.01143776
-708.21782178	-0.01655972
-708.18481848	-0.02187548
-708.15181518	-0.02657698
-708.11881188	-0.02931625
-708.08580858	-0.02899219
-708.05280528	-0.02505613
-708.01980198	-0.01744345
-707.98679868	-0.00664203
-707.95379538	0.00617744
-707.92079208	0.01952658
-707.88778878	0.03192982
-707.85478548	0.04178081
-707.82178218	0.04767907
-707.78877888	0.04880179
-707.75577558	0.04495780
-707.72277228	0.03645213
-707.68976898	0.02497052
-707.65676568	0.01200936
-707.62376238	-0.00014183
-707.59075908	-0.01028545
-707.55775578	-0.01795808
-707.52475248	-0.02351210
-707.49174917	-0.02751891
-707.45874587	-0.03025749
-707.42574257	-0.03130019
-707.39273927	-0.02967200
-707.35973597	-0.02442819
-707.32673267	-0.01474706
-707.29372937	-0.00111755
-707.26072607	0.01503500
-707.22772277	0.03161920
-707.19471947	0.04584048
-707.16171617	0.05514913
-707.12871287	0.05791933
-707.09570957	0.05341660
-707.06270627	0.04239494
-707.02970297	0.02688899
-706.99669967	0.00937650
-706.96369637	-0.00787936
-706.93069307	-0.02276860
-706.89768977	-0.03376251
-706.86468647	-0.04062265
-706.83168317	-0.04265949
-706.79867987	-0.04042708
-706.76567657	-0.03558696
-706.73267327	-0.02907174
-706.69966997	-0.02258389
-706.66666667	-0.01758275
-706.63366337	-0.01408950
-706.60066007	-0.01201728
-706.56765677	-0.01041098
-706.53465347	-0.00856328
-706.50165017	-0.00617421
-706.46864686	-0.00351769
-706.43564356	-0.00106755
-706.40264026	0.00073272
-706.36963696	0.00181316
-706.33663366	0.00261560
-706.30363036	0.00339991
-706.27062706	0.00473564
-706.23762376	0.00621492
-706.20462046	0.00802041
-706.17161716	0.01003689
-706.13861386	0.01181038
-706.10561056	0.01332303
-706.07260726	0.01443444
-706.03960396	0.01501987
-706.00660066	0.01476356
-705.97359736	0.01355793
-705.94059406	0.01138190
-705.90759076	0.00829936
-705.87458746	0.00432192
-705.84158416	-0.00050364
-705.80858086	-0.00593965
-705.77557756	-0.01178523
-705.74257426	-0.01797926
-705.70957096	-0.02399285
-705.67656766	-0.02864636
-705.64356436	-0.03083374
-705.61056106	-0.02995378
-705.57755776	-0.02514669
-705.54455446	-0.01719276
-705.51155116	-0.00687455
-705.47854785	0.00426593
-705.44554455	0.01492530
-705.41254125	0.02395203
-705.37953795	0.03058380
-705.34653465	0.03458163
-705.31353135	0.03549061
-705.28052805	0.03332317
-705.24752475	0.02787624
-705.21452145	0.01967475
-705.18151815	0.00960955
-705.14851485	-0.00139929
-705.11551155	-0.01170103
-705.08250825	-0.01998837
-705.04950495	-0.02562716
-705.01650165	-0.02819301
-704.98349835	-0.02766959
-704.95049505	-0.02448837
-704.91749175	-0.01905254
-704.88448845	-0.01219695
-704.85148515	-0.00485926
-704.81848185	0.00180813
-704.78547855	0.00678046
-704.75247525	0.00922571
-704.71947195	0.00889118
-704.68646865	0.00596184
-704.65346535	0.00124431
-704.62046205	-0.00405006
-704.58745875	-0.00885639
-704.55445545	-0.01196074
-704.52145215	-0.01286984
-704.48844884	-0.01169544
-704.45544554	-0.00911081
-704.42244224	-0.00563134
-704.38943894	-0.00189029
-704.35643564	0.00196036
-704.32343234	0.00609016
-704.29042904	0.01057139
-704.25742574	0.01518483
-704.22442244	0.01962820
-704.19141914	0.02241781
-704.15841584	0.02269829
-704.12541254	0.01927224
-704.09240924	0.01209517
-704.05940594	0.00266743
-704.02640264	-0.00770471
-703.99339934	-0.01701874
-703.96039604	-0.02378954
-703.92739274	-0.02773181
-703.89438944	-0.02916426
-703.86138614	-0.02771791
-703.82838284	-0.02387130
-703.79537954	-0.01732068
-703.76237624	-0.00774285
-703.72937294	0.00446198
-703.69636964	0.01831337
-703.66336634	0.03250196
-703.63036304	0.04521256
-703.59735974	0.05417809
-703.56435644	0.05795715
-703.53135314	0.05576428
-703.49834983	0.04784345
-703.46534653	0.03555849
-703.43234323	0.02058763
-703.39933993	0.00508164
-703.36633663	-0.00905812
-703.33333333	-0.02107074
-703.30033003	-0.02970349
-703.26732673	-0.03450063
-703.23432343	-0.03522875
-703.20132013	-0.03211964
-703.16831683	-0.02604736
-703.13531353	-0.01811842
-703.10231023	-0.00958701
-703.06930693	-0.00210017
-703.03630363	0.00391136
-703.00330033	0.00808722
-702.97029703	0.01026827
-702.93729373	0.01062213
-702.90429043	0.00932654
-702.87128713	0.00609801
-702.83828383	0.00127102
-702.80528053	-0.00447106
-702.77227723	-0.01073451
-702.73927393	-0.01582016
-702.70627063	-0.01862249
-702.67326733	-0.01854247
-702.64026403	-0.01489779
-702.60726073	-0.00889213
-702.57425743	-0.00195991
-702.54125413	0.00448100
-702.50825083	0.00901813
-702.47524752	0.01097315
-702.44224422	0.01063822
-702.40924092	0.00823907
-702.37623762	0.00467838
-702.34323432	0.00088544
-702.31023102	-0.00243795
-702.27722772	-0.00450668
-702.24422442	-0.00548956
-702.21122112	-0.00565722
-702.17821782	-0.00564532
-702.14521452	-0.00613436
-702.11221122	-0.00723479
-702.07920792	-0.00838936
-702.04620462	-0.00941033
-702.01320132	-0.00919604
-701.98019802	-0.00720185
-701.94719472	-0.00360031
-701.91419142	0.00138196
-701.88118812	0.00694330
-701.84818482	0.01207183
-701.81518152	0.01577998
-701.78217822	0.01699800
-701.74917492	0.01520750
-701.71617162	0.00993543
-701.68316832	0.00217980
-701.65016502	-0.00723199
-701.61716172	-0.01626589
-701.58415842	-0.02302547
-701.55115512	-0.02603179
-701.51815182	-0.02542638
-701.48514851	-0.02152925
-701.45214521	-0.01602789
-701.41914191	-0.01038915
-701.38613861	-0.00511538
-701.35313531	-0.00080483
-701.32013201	0.00264150
-701.28712871	0.00563198
-701.25412541	0.00783000
-701.22112211	0.00905558
-701.18811881	0.00892465
-701.15511551	0.00749302
-701.12211221	0.00438428
-701.08910891	0.00036700
-701.05610561	-0.00416896
-701.02310231	-0.00870267
-700.99009901	-0.01232073
-700.95709571	-0.01444772
-700.92409241	-0.01462934
-700.89108911	-0.01266584
-700.85808581	-0.00841227
-700.82508251	-0.00254072
-700.79207921	0.00380370
-700.75907591	0.00970060
-700.72607261	0.01406052
-700.69306931	0.01654092
-700.66006601	0.01698638
-700.62706271	0.01534693
-700.59405941	0.01209219
-700.56105611	0.00797706
-700.52805281	0.00346847
-700.49504950	-0.00086772
-700.46204620	-0.00431582
-700.42904290	-0.00690131
-700.39603960	-0.00894151
-700.36303630	-0.01020890
-700.33003300	-0.01063869
-700.29702970	-0.01008076
-700.26402640	-0.00812669
-700.23102310	-0.00449113
-700.19801980	0.00032486
-700.16501650	0.00584822
-700.13201320	0.01137297
-700.09900990	0.01646485
-700.06600660	0.02057006
-700.03300330	0.02351022
-700.00000000	0.02477548
-699.96699670	0.02381449
-699.93399340	0.02018991
-699.90099010	0.01385032
-699.86798680	0.00545058
-699.83498350	-0.00388775
-699.80198020	-0.01304966
-699.76897690	-0.02088819
-699.73597360	-0.02635849
-699.70297030	-0.02906855
-699.66996700	-0.02860735
-699.63696370	-0.02469510
-699.60396040	-0.01755464
-699.57095710	-0.00824060
-699.53795380	0.00180629
-699.50495050	0.01083409
-699.47194719	0.01711390
-699.43894389	0.01946678
-699.40594059	0.01780022
-699.37293729	0.01279858
-699.33993399	0.00580153
-699.30693069	-0.00152591
-699.27392739	-0.00833436
-699.24092409	-0.01403685
-699.20792079	-0.01804285
-699.17491749	-0.02072485
-699.14191419	-0.02254631
-699.10891089	-0.02329827
-699.07590759	-0.02324724
-699.04290429	-0.02251538
-699.00990099	-0.02083227
-698.97689769	-0.01798819
-698.94389439	-0.01384826
-698.91089109	-0.00819740
-698.87788779	-0.00223859
-698.84488449	0.00303896
-698.81188119	0.00664890
-698.77887789	0.00787079
-698.74587459	0.00657777
-698.71287129	0.00329825
-698.67986799	-0.00075025
-698.64686469	-0.00466466
-698.61386139	-0.00714938
-698.58085809	-0.00735413
-698.54785479	-0.00480672
-698.51485149	0.00023251
-698.48184818	0.00724449
-698.44884488	0.01453152
-698.41584158	0.02066249
-698.38283828	0.02477045
-698.34983498	0.02604958
-698.31683168	0.02484373
-698.28382838	0.02188485
-698.25082508	0.01758662
-698.21782178	0.01279330
-698.18481848	0.00753582
-698.15181518	0.00163198
-698.11881188	-0.00443553
-698.08580858	-0.01032512
-698.05280528	-0.01538417
-698.01980198	-0.01822843
-697.98679868	-0.01779818
-697.95379538	-0.01387116
-697.92079208	-0.00700021
-697.88778878	0.00164433
-697.85478548	0.00990653
-697.82178218	0.01624524
-697.78877888	0.01935187
-697.75577558	0.01901509
-697.72277228	0.01548206
-697.68976898	0.00980660
-697.65676568	0.00320268
-697.62376238	-0.00342984
-697.59075908	-0.00929418
-697.55775578	-0.01373143
-697.52475248	-0.01669814
-697.49174917	-0.01852299
-697.45874587	-0.01913469
-697.42574257	-0.01889142
-697.39273927	-0.01768968
-697.35973597	-0.01552457
-697.32673267	-0.01270893
-697.29372937	-0.00916420
-697.26072607	-0.00509716
-697.22772277	-0.00072954
-697.19471947	0.00426613
-697.16171617	0.00918352
-697.12871287	0.01351599
-697.09570957	0.01720653
-697.06270627	0.01910172
-697.02970297	0.01925572
-696.99669967	0.01794487
-696.96369637	0.01540895
-696.93069307	0.01208787
-696.89768977	0.00886552
-696.86468647	0.00600216
-696.83168317	0.00365254
-696.79867987	0.00212614
-696.76567657	0.00157572
-696.73267327	0.00214465
-696.69966997	0.00367142
-696.66666667	0.00646058
-696.63366337	0.01023951
-696.60066007	0.01408009
-696.56765677	0.01726711
-696.53465347	0.01894470
-696.50165017	0.01822943
-696.46864686	0.01544929
-696.43564356	0.01075416
-696.40264026	0.00505112
-696.36963696	-0.00086194
-696.33663366	-0.00627313
-696.30363036	-0.01026198
-696.27062706	-0.01232320
-696.23762376	-0.01205046
-696.20462046	-0.00946464
-696.17161716	-0.00540710
-696.13861386	-0.00062584
-696.10561056	0.00413101
-696.07260726	0.00804260
-696.03960396	0.01116374
-696.00660066	0.01291608
-695.97359736	0.01398453
-695.94059406	0.01375114
-695.90759076	0.01235796
-695.87458746	0.01032373
-695.84158416	0.00781701
-695.80858086	0.00506227
-695.77557756	0.00269142
-695.74257426	0.00063763
-695.70957096	-0.00162501
-695.67656766	-0.00358078
-695.64356436	-0.00587055
-695.61056106	-0.00823385
-695.57755776	-0.01029043
-695.54455446	-0.01166528
-695.51155116	-0.01194269
-695.47854785	-0.01122304
-695.44554455	-0.00957639
-695.41254125	-0.00732955
-695.37953795	-0.00473320
-695.34653465	-0.00150964
-695.31353135	0.00226110
-695.28052805	0.00642825
-695.24752475	0.01067540
-695.21452145	0.01461126
-695.18151815	0.01756587
-695.14851485	0.01952985
-695.11551155	0.02044101
-695.08250825	0.02008562
-695.04950495	0.01885108
-695.01650165	0.01687995
-694.98349835	0.01412333
-694.95049505	0.01090078
-694.91749175	0.00707084
-694.88448845	0.00257630
-694.85148515	-0.00192071
-694.81848185	-0.00591805
-694.78547855	-0.00901677
-694.75247525	-0.01060422
-694.71947195	-0.01042416
-694.68646865	-0.00903914
-694.65346535	-0.00680545
-694.62046205	-0.00466461
-694.58745875	-0.00293273
-694.55445545	-0.00193576
-694.52145215	-0.00166411
-694.48844884	-0.00148841
-694.45544554	-0.00106258
-694.42244224	0.00021533
-694.38943894	0.00250981
-694.35643564	0.00585343
-694.32343234	0.00971565
-694.29042904	0.01359617
-694.25742574	0.01702841
-694.22442244	0.01895966
-694.19141914	0.01882191
-694.15841584	0.01650822
-694.12541254	0.01152335
-694.09240924	0.00480077
-694.05940594	-0.00264845
-694.02640264	-0.00954617
-693.99339934	-0.01473662
-693.96039604	-0.01785646
-693.92739274	-0.01874813
-693.89438944	-0.01823295
-693.86138614	-0.01702015
-693.82838284	-0.01582713
-693.79537954	-0.01512934
-693.76237624	-0.01512092
-693.72937294	-0.01578289
-693.69636964	-0.01690230
-693.66336634	-0.01796708
-693.63036304	-0.01831889
-693.59735974	-0.01737866
-693.56435644	-0.01461434
-693.53135314	-0.01020037
-693.49834983	-0.00438755
-693.46534653	0.00169273
-693.43234323	0.00726878
-693.39933993	0.01099713
-693.36633663	0.01261502
-693.33333333	0.01171170
-693.30033003	0.00866303
-693.26732673	0.00449087
-693.23432343	-0.00033171
-693.20132013	-0.00481027
-693.16831683	-0.00855582
-693.13531353	-0.01087182
-693.10231023	-0.01173683
-693.06930693	-0.01130181
-693.03630363	-0.00997615
-693.00330033	-0.00805390
-692.97029703	-0.00595244
-692.93729373	-0.00391848
-692.90429043	-0.00185953
-692.87128713	-0.00006037
-692.83828383	0.00090684
-692.80528053	0.00128391
-692.77227723	0.00016146
-692.73927393	-0.00245343
-692.70627063	-0.00575139
-692.67326733	-0.00917306
-692.64026403	-0.01158264
-692.60726073	-0.01220113
-692.57425743	-0.01101170
-692.54125413	-0.00845906
-692.50825083	-0.00507153
-692.47524752	-0.00188214
-692.44224422	0.00028974
-692.40924092	0.00090832
-692.37623762	-0.00027900
-692.34323432	-0.00282940
-692.31023102	-0.00628164
-692.27722772	-0.00966908
-692.24422442	-0.01195643
-692.21122112	-0.01276505
-692.17821782	-0.01214037
-692.14521452	-0.01064588
-692.11221122	-0.00905707
-692.07920792	-0.00826875
-692.04620462	-0.00859769
-692.01320132	-0.00969000
-691.98019802	-0.01137272
-691.94719472	-0.01278751
-691.91419142	-0.01354499
-691.88118812	-0.01380064
-691.84818482	-0.01267687
-691.81518152	-0.01061060
-691.78217822	-0.00715621
-691.74917492	-0.00207092
-691.71617162	0.00404538
-691.68316832	0.01119160
-691.65016502	0.01865132
-691.61716172	0.02538316
-691.58415842	0.03048949
-691.55115512	0.03311420
-691.51815182	0.03330091
-691.48514851	0.03061049
-691.45214521	0.02574524
-691.41914191	0.01980804
-691.38613861	0.01332852
-691.35313531	0.00746897
-691.32013201	0.00282252
-691.28712871	-0.00035951
-691.25412541	-0.00192110
-691.22112211	-0.00213549
-691.18811881	-0.00105585
-691.15511551	0.00096117
-691.12211221	0.00331569
-691.08910891	0.00562518
-691.05610561	0.00784277
-691.02310231	0.00948078
-690.99009901	0.01056099
-690.95709571	0.01204283
-690.92409241	0.01352290
-690.89108911	0.01515799
-690.85808581	0.01694918
-690.82508251	0.01797931
-690.79207921	0.01785820
-690.75907591	0.01690817
-690.72607261	0.01518612
-690.69306931	0.01319851
-690.66006601	0.01137357
-690.62706271	0.00952382
-690.59405941	0.00726423
-690.56105611	0.00434744
-690.52805281	0.00054149
-690.49504950	-0.00385977
-690.46204620	-0.00844294
-690.42904290	-0.01208456
-690.39603960	-0.01488630
-690.36303630	-0.01575922
-690.33003300	-0.01514621
-690.29702970	-0.01311462
-690.26402640	-0.00997670
-690.23102310	-0.00633147
-690.19801980	-0.00302519
-690.16501650	-0.00077615
-690.13201320	0.00001173
-690.09900990	-0.00077844
-690.06600660	-0.00283617
-690.03300330	-0.00573158
-690.00000000	-0.00884444
-689.96699670	-0.01148710
-689.93399340	-0.01347521
-689.90099010	-0.01479442
-689.86798680	-0.01507544
-689.83498350	-0.01404914
-689.80198020	-0.01200182
-689.76897690	-0.00883819
-689.73597360	-0.00526502
-689.70297030	-0.00178989
-689.66996700	0.00052908
-689.63696370	0.00121398
-689.60396040	0.00004208
-689.57095710	-0.00300457
-689.53795380	-0.00691431
-689.50495050	-0.01094136
-689.47194719	-0.01430236
-689.43894389	-0.01611282
-689.40594059	-0.01641674
-689.37293729	-0.01521536
-689.33993399	-0.01218709
-689.30693069	-0.00810013
-689.27392739	-0.00299862
-689.24092409	0.00248605
-689.20792079	0.00752992
-689.17491749	0.01127083
-689.14191419	0.01341698
-689.10891089	0.01341226
-689.07590759	0.01181714
-689.04290429	0.00902542
-689.00990099	0.00605067
-688.97689769	0.00374234
-688.94389439	0.00192065
-688.91089109	0.00099381
-688.87788779	0.00027070
-688.84488449	-0.00041061
-688.81188119	-0.00114324
-688.77887789	-0.00154353
-688.74587459	-0.00161382
-688.71287129	-0.00114721
-688.67986799	-0.00023907
-688.64686469	0.00058019
-688.61386139	0.00102532
-688.58085809	0.00057344
-688.54785479	-0.00074595
-688.51485149	-0.00271979
-688.48184818	-0.00500446
-688.44884488	-0.00731628
-688.41584158	-0.00952024
-688.38283828	-0.01142808
-688.34983498	-0.01297790
-688.31683168	-0.01422864
-688.28382838	-0.01523264
-688.25082508	-0.01573760
-688.21782178	-0.01552162
-688.18481848	-0.01421331
-688.15181518	-0.01160753
-688.11881188	-0.00778531
-688.08580858	-0.00278258
-688.05280528	0.00291764
-688.01980198	0.00828270
-687.98679868	0.01283839
-687.95379538	0.01589998
-687.92079208	0.01729937
-687.88778878	0.01685302
-687.85478548	0.01511006
-687.82178218	0.01218771
-687.78877888	0.00838732
-687.75577558	0.00415768
-687.72277228	-0.00038226
-687.68976898	-0.00477123
-687.65676568	-0.00850615
-687.62376238	-0.01090782
-687.59075908	-0.01184262
-687.55775578	-0.01097446
-687.52475248	-0.00847267
-687.49174917	-0.00476484
-687.45874587	-0.00024033
-687.42574257	0.00486921
-687.39273927	0.00955101
-687.35973597	0.01335627
-687.32673267	0.01575578
-687.29372937	0.01600642
-687.26072607	0.01419732
-687.22772277	0.01052825
-687.19471947	0.00606812
-687.16171617	0.00177448
-687.12871287	-0.00177704
-687.09570957	-0.00416225
-687.06270627	-0.00533422
-687.02970297	-0.00573230
-686.99669967	-0.00579770
-686.96369637	-0.00600728
-686.93069307	-0.00676195
-686.89768977	-0.00776602
-686.86468647	-0.00884454
-686.83168317	-0.00989818
-686.79867987	-0.01011900
-686.76567657	-0.01017329
-686.73267327	-0.00944688
-686.69966997	-0.00838989
-686.66666667	-0.00761493
-686.63366337	-0.00691100
-686.60066007	-0.00694389
-686.56765677	-0.00791630
-686.53465347	-0.00967858
-686.50165017	-0.01192318
-686.46864686	-0.01438035
-686.43564356	-0.01609951
-686.40264026	-0.01694764
-686.36963696	-0.01656817
-686.33663366	-0.01488428
-686.30363036	-0.01258674
-686.27062706	-0.01018110
-686.23762376	-0.00749398
-686.20462046	-0.00513878
-686.17161716	-0.00261187
-686.13861386	0.00004316
-686.10561056	0.00265279
-686.07260726	0.00495780
-686.03960396	0.00672672
-686.00660066	0.00756469
-685.97359736	0.00773860
-685.94059406	0.00743297
-685.90759076	0.00702652
-685.87458746	0.00641223
-685.84158416	0.00583820
-685.80858086	0.00520359
-685.77557756	0.00468179
-685.74257426	0.00468420
-685.70957096	0.00614701
-685.67656766	0.00928439
-685.64356436	0.01395809
-685.61056106	0.01958627
-685.57755776	0.02483641
-685.54455446	0.02884718
-685.51155116	0.03130621
-685.47854785	0.03169854
-685.44554455	0.03095483
-685.41254125	0.02979402
-685.37953795	0.02856106
-685.34653465	0.02788631
-685.31353135	0.02770036
-685.28052805	0.02795978
-685.24752475	0.02881211
-685.21452145	0.03050759
-685.18151815	0.03261359
-685.14851485	0.03520348
-685.11551155	0.03765241
-685.08250825	0.03980846
-685.04950495	0.04108687
-685.01650165	0.04172899
-684.98349835	0.04113068
-684.95049505	0.03957833
-684.91749175	0.03681517
-684.88448845	0.03300516
-684.85148515	0.02842241
-684.81848185	0.02297867
-684.78547855	0.01783861
-684.75247525	0.01284352
-684.71947195	0.00888215
-684.68646865	0.00608097
-684.65346535	0.00470862
-684.62046205	0.00462717
-684.58745875	0.00558525
-684.55445545	0.00723795
-684.52145215	0.00913673
-684.48844884	0.01093051
-684.45544554	0.01226551
-684.42244224	0.01278082
-684.38943894	0.01221736
-684.35643564	0.01057794
-684.32343234	0.00778538
-684.29042904	0.00438239
-684.25742574	0.00037872
-684.22442244	-0.00356235
-684.19141914	-0.00767894
-684.15841584	-0.01152060
-684.12541254	-0.01485721
-684.09240924	-0.01771019
-684.05940594	-0.01958789
-684.02640264	-0.02041364
-683.99339934	-0.01987978
-683.96039604	-0.01796144
-683.92739274	-0.01481381
-683.89438944	-0.01106681
-683.86138614	-0.00702135
-683.82838284	-0.00347410
-683.79537954	-0.00080194
-683.76237624	0.00044363
-683.72937294	-0.00005226
-683.69636964	-0.00238574
-683.66336634	-0.00675517
-683.63036304	-0.01276975
-683.59735974	-0.02018863
-683.56435644	-0.02765793
-683.53135314	-0.03420660
-683.49834983	-0.03878016
-683.46534653	-0.04051447
-683.43234323	-0.03907150
-683.39933993	-0.03510685
-683.36633663	-0.02913528
-683.33333333	-0.02219394
-683.30033003	-0.01568881
-683.26732673	-0.01063589
-683.23432343	-0.00803222
-683.20132013	-0.00817996
-683.16831683	-0.01105752
-683.13531353	-0.01621793
-683.10231023	-0.02250705
-683.06930693	-0.02846095
-683.03630363	-0.03348633
-683.00330033	-0.03618653
-682.97029703	-0.03650600
-682.93729373	-0.03469157
-682.90429043	-0.03118758
-682.87128713	-0.02726876
-682.83828383	-0.02345819
-682.80528053	-0.02059618
-682.77227723	-0.01909460
-682.73927393	-0.01905716
-682.70627063	-0.02049094
-682.67326733	-0.02258638
-682.64026403	-0.02512899
-682.60726073	-0.02736815
-682.57425743	-0.02876778
-682.54125413	-0.02929995
-682.50825083	-0.02890764
-682.47524752	-0.02777525
-682.44224422	-0.02567252
-682.40924092	-0.02281542
-682.37623762	-0.01899891
-682.34323432	-0.01486494
-682.31023102	-0.01030475
-682.27722772	-0.00641483
-682.24422442	-0.00343659
-682.21122112	-0.00159531
-682.17821782	-0.00049749
-682.14521452	-0.00001375
-682.11221122	0.00037387
-682.07920792	0.00093705
-682.04620462	0.00118551
-682.01320132	0.00071211
-681.98019802	-0.00088960
-681.94719472	-0.00386112
-681.91419142	-0.00805334
-681.88118812	-0.01248259
-681.84818482	-0.01677853
-681.81518152	-0.01976833
-681.78217822	-0.02141625
-681.74917492	-0.02113648
-681.71617162	-0.01881163
-681.68316832	-0.01480003
-681.65016502	-0.00944732
-681.61716172	-0.00334849
-681.58415842	0.00239181
-681.55115512	0.00694827
-681.51815182	0.00989827
-681.48514851	0.01088363
-681.45214521	0.01029836
-681.41914191	0.00884310
-681.38613861	0.00701321
-681.35313531	0.00506995
-681.32013201	0.00293899
-681.28712871	0.00107464
-681.25412541	-0.00092601
-681.22112211	-0.00245450
-681.18811881	-0.00336605
-681.15511551	-0.00316710
-681.12211221	-0.00206007
-681.08910891	0.00013752
-681.05610561	0.00293223
-681.02310231	0.00541720
-680.99009901	0.00748397
-680.95709571	0.00868409
-680.92409241	0.00903651
-680.89108911	0.00895172
-680.85808581	0.00854616
-680.82508251	0.00798001
-680.79207921	0.00777266
-680.75907591	0.00729105
-680.72607261	0.00736235
-680.69306931	0.00750093
-680.66006601	0.00765368
-680.62706271	0.00811593
-680.59405941	0.00839562
-680.56105611	0.00877708
-680.52805281	0.00900959
-680.49504950	0.00956048
-680.46204620	0.01061043
-680.42904290	0.01214696
-680.39603960	0.01434338
-680.36303630	0.01687867
-680.33003300	0.01892157
-680.29702970	0.02027795
-680.26402640	0.02052684
-680.23102310	0.01908557
-680.19801980	0.01654440
-680.16501650	0.01310580
-680.13201320	0.00918840
-680.09900990	0.00532231
-680.06600660	0.00149397
-680.03300330	-0.00166377
-680.00000000	-0.00420176
-679.96699670	-0.00526465
-679.93399340	-0.00511183
-679.90099010	-0.00311387
-679.86798680	0.00047190
-679.83498350	0.00511009
-679.80198020	0.01044289
-679.76897690	0.01586874
-679.73597360	0.02096601
-679.70297030	0.02537484
-679.66996700	0.02874817
-679.63696370	0.03103063
-679.60396040	0.03188623
-679.57095710	0.03134438
-679.53795380	0.02925139
-679.50495050	0.02596609
-679.47194719	0.02157560
-679.43894389	0.01674109
-679.40594059	0.01188475
-679.37293729	0.00768466
-679.33993399	0.00435347
-679.30693069	0.00227290
-679.27392739	0.00135210
-679.24092409	0.00166968
-679.20792079	0.00271415
-679.17491749	0.00463916
-679.14191419	0.00668977
-679.10891089	0.00871931
-679.07590759	0.01036663
-679.04290429	0.01150325
-679.00990099	0.01223192
-678.97689769	0.01276770
-678.94389439	0.01304060
-678.91089109	0.01346201
-678.87788779	0.01400971
-678.84488449	0.01493356
-678.81188119	0.01619864
-678.77887789	0.01808002
-678.74587459	0.02013865
-678.71287129	0.02202144
-678.67986799	0.02320327
-678.64686469	0.02305868
-678.61386139	0.02150439
-678.58085809	0.01864515
-678.54785479	0.01492978
-678.51485149	0.01037563
-678.48184818	0.00578956
-678.44884488	0.00106345
-678.41584158	-0.00331063
-678.38283828	-0.00783222
-678.34983498	-0.01188684
-678.31683168	-0.01554311
-678.28382838	-0.01880064
-678.25082508	-0.02129737
-678.21782178	-0.02284213
-678.18481848	-0.02330929
-678.15181518	-0.02217975
-678.11881188	-0.01931043
-678.08580858	-0.01474752
-678.05280528	-0.00875412
-678.01980198	-0.00207886
-677.98679868	0.00406481
-677.95379538	0.00907539
-677.92079208	0.01168521
-677.88778878	0.01203286
-677.85478548	0.00990166
-677.82178218	0.00574632
-677.78877888	0.00021532
-677.75577558	-0.00597109
-677.72277228	-0.01191113
-677.68976898	-0.01685542
-677.65676568	-0.02027353
-677.62376238	-0.02185520
-677.59075908	-0.02169647
-677.55775578	-0.02002561
-677.52475248	-0.01751889
-677.49174917	-0.01451302
-677.45874587	-0.01123213
-677.42574257	-0.00791296
-677.39273927	-0.00460878
-677.35973597	-0.00149337
-677.32673267	0.00139304
-677.29372937	0.00402602
-677.26072607	0.00601934
-677.22772277	0.00758731
-677.19471947	0.00834976
-677.16171617	0.00849756
-677.12871287	0.00863435
-677.09570957	0.00875002
-677.06270627	0.00921363
-677.02970297	0.01015060
-676.99669967	0.01162660
-676.96369637	0.01280195
-676.93069307	0.01410380
-676.89768977	0.01444664
-676.86468647	0.01438098
-676.83168317	0.01334579
-676.79867987	0.01179639
-676.76567657	0.00972786
-676.73267327	0.00741640
-676.69966997	0.00507488
-676.66666667	0.00260716
-676.63366337	-0.00005129
-676.60066007	-0.00262195
-676.56765677	-0.00543866
-676.53465347	-0.00817917
-676.50165017	-0.01102719
-676.46864686	-0.01339283
-676.43564356	-0.01525879
-676.40264026	-0.01558934
-676.36963696	-0.01462220
-676.33663366	-0.01183384
-676.30363036	-0.00762794
-676.27062706	-0.00260038
-676.23762376	0.00238949
-676.20462046	0.00713699
-676.17161716	0.01080580
-676.13861386	0.01333363
-676.10561056	0.01447861
-676.07260726	0.01415512
-676.03960396	0.01254661
-676.00660066	0.00987492
-675.97359736	0.00694041
-675.94059406	0.00405386
-675.90759076	0.00175717
-675.87458746	0.00045629
-675.84158416	0.00003785
-675.80858086	0.00028148
-675.77557756	0.00095476
-675.74257426	0.00152204
-675.70957096	0.00195697
-675.67656766	0.00201156
-675.64356436	0.00208844
-675.61056106	0.00178702
-675.57755776	0.00161011
-675.54455446	0.00143708
-675.51155116	0.00141712
-675.47854785	0.00166975
-675.44554455	0.00272702
-675.41254125	0.00410626
-675.37953795	0.00618565
-675.34653465	0.00876885
-675.31353135	0.01103435
-675.28052805	0.01306057
-675.24752475	0.01422623
-675.21452145	0.01448638
-675.18151815	0.01376767
-675.14851485	0.01214386
-675.11551155	0.01011207
-675.08250825	0.00752463
-675.04950495	0.00493299
-675.01650165	0.00225856
-674.98349835	-0.00040465
-674.95049505	-0.00293799
-674.91749175	-0.00543810
-674.88448845	-0.00747765
-674.85148515	-0.00917623
-674.81848185	-0.01058362
-674.78547855	-0.01168512
-674.75247525	-0.01249370
-674.71947195	-0.01309762
-674.68646865	-0.01342627
-674.65346535	-0.01310795
-674.62046205	-0.01214972
-674.58745875	-0.01039266
-674.55445545	-0.00773556
-674.52145215	-0.00447472
-674.48844884	-0.00103895
-674.45544554	0.00178741
-674.42244224	0.00393318
-674.38943894	0.00475767
-674.35643564	0.00424122
-674.32343234	0.00232275
-674.29042904	-0.00031752
-674.25742574	-0.00363236
-674.22442244	-0.00674904
-674.19141914	-0.00953185
-674.15841584	-0.01134841
-674.12541254	-0.01209469
-674.09240924	-0.01148165
-674.05940594	-0.00964759
-674.02640264	-0.00669254
-673.99339934	-0.00276196
-673.96039604	0.00146745
-673.92739274	0.00557566
-673.89438944	0.00901782
-673.86138614	0.01126399
-673.82838284	0.01195153
-673.79537954	0.01115559
-673.76237624	0.00909784
-673.72937294	0.00665435
-673.69636964	0.00409647
-673.66336634	0.00218440
-673.63036304	0.00110774
-673.59735974	0.00089750
-673.56435644	0.00121916
-673.53135314	0.00192510
-673.49834983	0.00237948
-673.46534653	0.00216284
-673.43234323	0.00149924
-673.39933993	-0.00010217
-673.36633663	-0.00200960
-673.33333333	-0.00409875
-673.30033003	-0.00643027
-673.26732673	-0.00857033
-673.23432343	-0.01066451
-673.20132013	-0.01265555
-673.16831683	-0.01446018
-673.13531353	-0.01603152
-673.10231023	-0.01737931
-673.06930693	-0.01829117
-673.03630363	-0.01921089
-673.00330033	-0.02003935
-672.97029703	-0.02106848
-672.93729373	-0.02210258
-672.90429043	-0.02335243
-672.87128713	-0.02428638
-672.83828383	-0.02473610
-672.80528053	-0.02453096
-672.77227723	-0.02347065
-672.73927393	-0.02184998
-672.70627063	-0.01964449
-672.67326733	-0.01711225
-672.64026403	-0.01461398
-672.60726073	-0.01215275
-672.57425743	-0.01012990
-672.54125413	-0.00822115
-672.50825083	-0.00658233
-672.47524752	-0.00521906
-672.44224422	-0.00362821
-672.40924092	-0.00216667
-672.37623762	-0.00035813
-672.34323432	0.00173775
-672.31023102	0.00382434
-672.27722772	0.00589524
-672.24422442	0.00762194
-672.21122112	0.00888849
-672.17821782	0.00929763
-672.14521452	0.00894883
-672.11221122	0.00750110
-672.07920792	0.00561729
-672.04620462	0.00303079
-672.01320132	0.00044806
-671.98019802	-0.00217641
-671.94719472	-0.00465774
-671.91419142	-0.00690373
-671.88118812	-0.00921999
-671.84818482	-0.01122295
-671.81518152	-0.01252768
-671.78217822	-0.01330678
-671.74917492	-0.01316116
-671.71617162	-0.01203870
-671.68316832	-0.01074470
-671.65016502	-0.00907938
-671.61716172	-0.00775160
-671.58415842	-0.00678649
-671.55115512	-0.00647022
-671.51815182	-0.00668546
-671.48514851	-0.00755152
-671.45214521	-0.00897110
-671.41914191	-0.01046562
-671.38613861	-0.01223648
-671.35313531	-0.01363362
-671.32013201	-0.01474437
-671.28712871	-0.01535235
-671.25412541	-0.01528580
-671.22112211	-0.01469465
-671.18811881	-0.01362612
-671.15511551	-0.01228239
-671.12211221	-0.01057107
-671.08910891	-0.00898852
-671.05610561	-0.00757530
-671.02310231	-0.00647384
-670.99009901	-0.00573220
-670.95709571	-0.00541654
-670.92409241	-0.00489467
-670.89108911	-0.00488225
-670.85808581	-0.00431098
-670.82508251	-0.00393366
-670.79207921	-0.00356125
-670.75907591	-0.00327834
-670.72607261	-0.00285778
-670.69306931	-0.00211582
-670.66006601	-0.00082750
-670.62706271	0.00119258
-670.59405941	0.00408603
-670.56105611	0.00762053
-670.52805281	0.01172528
-670.49504950	0.01610058
-670.46204620	0.02051932
-670.42904290	0.02459432
-670.39603960	0.02802966
-670.36303630	0.03070421
-670.33003300	0.03231895
-670.29702970	0.03248115
-670.26402640	0.03127040
-670.23102310	0.02877629
-670.19801980	0.02517959
-670.16501650	0.02058042
-670.13201320	0.01587592
-670.09900990	0.01126514
-670.06600660	0.00736694
-670.03300330	0.00423028
-670.00000000	0.00213475
-669.96699670	0.00063994
-669.93399340	-0.00019769
-669.90099010	-0.00100211
-669.86798680	-0.00175964
-669.83498350	-0.00262894
-669.80198020	-0.00400362
-669.76897690	-0.00540079
-669.73597360	-0.00708024
-669.70297030	-0.00878664
-669.66996700	-0.01054989
-669.63696370	-0.01172499
-669.60396040	-0.01193959
-669.57095710	-0.01107670
-669.53795380	-0.00901615
-669.50495050	-0.00558518
-669.47194719	-0.00134567
-669.43894389	0.00322750
-669.40594059	0.00797884
-669.37293729	0.01231951
-669.33993399	0.01590124
-669.30693069	0.01861579
-669.27392739	0.02026041
-669.24092409	0.02101668
-669.20792079	0.02046040
-669.17491749	0.01932801
-669.14191419	0.01749681
-669.10891089	0.01559590
-669.07590759	0.01350879
-669.04290429	0.01154012
-669.00990099	0.00970232
-668.97689769	0.00795562
-668.94389439	0.00653252
-668.91089109	0.00516067
-668.87788779	0.00405072
-668.84488449	0.00288321
-668.81188119	0.00166639
-668.77887789	0.00038974
-668.74587459	-0.00096502
-668.71287129	-0.00234906
-668.67986799	-0.00344645
-668.64686469	-0.00458757
-668.61386139	-0.00559602
-668.58085809	-0.00673542
-668.54785479	-0.00801567
-668.51485149	-0.00952088
-668.48184818	-0.01114512
-668.44884488	-0.01251321
-668.41584158	-0.01356323
-668.38283828	-0.01374397
-668.34983498	-0.01323398
-668.31683168	-0.01198429
-668.28382838	-0.01006284
-668.25082508	-0.00774457
-668.21782178	-0.00516444
-668.18481848	-0.00266438
-668.15181518	-0.00026569
-668.11881188	0.00167563
-668.08580858	0.00321728
-668.05280528	0.00465939
-668.01980198	0.00619126
-667.98679868	0.00778695
-667.95379538	0.00980357
-667.92079208	0.01196951
-667.88778878	0.01386311
-667.85478548	0.01543531
-667.82178218	0.01640116
-667.78877888	0.01660801
-667.75577558	0.01600860
-667.72277228	0.01507673
-667.68976898	0.01381371
-667.65676568	0.01247804
-667.62376238	0.01159783
-667.59075908	0.01109123
-667.55775578	0.01093473
-667.52475248	0.01108792
-667.49174917	0.01113295
-667.45874587	0.01091774
-667.42574257	0.01026130
-667.39273927	0.00938562
-667.35973597	0.00820329
-667.32673267	0.00702196
-667.29372937	0.00604163
-667.26072607	0.00494939
-667.22772277	0.00391627
-667.19471947	0.00281564
-667.16171617	0.00144180
-667.12871287	0.00002963
-667.09570957	-0.00145660
-667.06270627	-0.00302816
-667.02970297	-0.00442078
-666.99669967	-0.00578315
-666.96369637	-0.00702334
-666.93069307	-0.00815404
-666.89768977	-0.00915752
-666.86468647	-0.01021264
-666.83168317	-0.01085911
-666.79867987	-0.01120020
-666.76567657	-0.01099771
-666.73267327	-0.01011609
-666.69966997	-0.00850200
-666.66666667	-0.00638005
-666.63366337	-0.00424818
-666.60066007	-0.00201596
-666.56765677	-0.00040826
-666.53465347	0.00053853
-666.50165017	0.00095911
-666.46864686	0.00089338
-666.43564356	0.00066416
-666.40264026	0.00056332
-666.36963696	0.00068584
-666.33663366	0.00136417
-666.30363036	0.00282811
-666.27062706	0.00518898
-666.23762376	0.00821425
-666.20462046	0.01159599
-666.17161716	0.01489863
-666.13861386	0.01746622
-666.10561056	0.01888665
-666.07260726	0.01859610
-666.03960396	0.01687877
-666.00660066	0.01391007
-665.97359736	0.00974561
-665.94059406	0.00511121
-665.90759076	0.00037207
-665.87458746	-0.00413551
-665.84158416	-0.00782343
-665.80858086	-0.01068614
-665.77557756	-0.01261813
-665.74257426	-0.01358579
-665.70957096	-0.01380088
-665.67656766	-0.01364994
-665.64356436	-0.01331457
-665.61056106	-0.01288642
-665.57755776	-0.01274933
-665.54455446	-0.01252068
-665.51155116	-0.01253672
-665.47854785	-0.01258496
-665.44554455	-0.01235698
-665.41254125	-0.01187394
-665.37953795	-0.01090116
-665.34653465	-0.00947222
-665.31353135	-0.00720178
-665.28052805	-0.00476657
-665.24752475	-0.00228037
-665.21452145	0.00011016
-665.18151815	0.00209344
-665.14851485	0.00362669
-665.11551155	0.00482754
-665.08250825	0.00552336
-665.04950495	0.00553917
-665.01650165	0.00498892
-664.98349835	0.00408014
-664.95049505	0.00257141
-664.91749175	0.00092845
-664.88448845	-0.00039469
-664.85148515	-0.00122050
-664.81848185	-0.00142452
-664.78547855	-0.00094024
-664.75247525	-0.00006768
-664.71947195	0.00114096
-664.68646865	0.00246529
-664.65346535	0.00344394
-664.62046205	0.00438140
-664.58745875	0.00456893
-664.55445545	0.00415915
-664.52145215	0.00305467
-664.48844884	0.00171004
-664.45544554	0.00007560
-664.42244224	-0.00138353
-664.38943894	-0.00226981
-664.35643564	-0.00271347
-664.32343234	-0.00235948
-664.29042904	-0.00133117
-664.25742574	0.00014671
-664.22442244	0.00206085
-664.19141914	0.00414038
-664.15841584	0.00611818
-664.12541254	0.00782008
-664.09240924	0.00890976
-664.05940594	0.00944348
-664.02640264	0.00899250
-663.99339934	0.00776118
-663.96039604	0.00586644
-663.92739274	0.00323240
-663.89438944	0.00026713
-663.86138614	-0.00293768
-663.82838284	-0.00595270
-663.79537954	-0.00874558
-663.76237624	-0.01086165
-663.72937294	-0.01216874
-663.69636964	-0.01286128
-663.66336634	-0.01302911
-663.63036304	-0.01280452
-663.59735974	-0.01216903
-663.56435644	-0.01083487
-663.53135314	-0.00901963
-663.49834983	-0.00670099
-663.46534653	-0.00411902
-663.43234323	-0.00121451
-663.39933993	0.00151253
-663.36633663	0.00363604
-663.33333333	0.00480525
-663.30033003	0.00491047
-663.26732673	0.00385398
-663.23432343	0.00188208
-663.20132013	-0.00066877
-663.16831683	-0.00328508
-663.13531353	-0.00564021
-663.10231023	-0.00741218
-663.06930693	-0.00849305
-663.03630363	-0.00915599
-663.00330033	-0.00945807
-662.97029703	-0.00967964
-662.93729373	-0.00965553
-662.90429043	-0.00950543
-662.87128713	-0.00945444
-662.83828383	-0.00937449
-662.80528053	-0.00963050
-662.77227723	-0.00991651
-662.73927393	-0.01017434
-662.70627063	-0.01019804
-662.67326733	-0.00966192
-662.64026403	-0.00824569
-662.60726073	-0.00556218
-662.57425743	-0.00181393
-662.54125413	0.00275288
-662.50825083	0.00779280
-662.47524752	0.01287293
-662.44224422	0.01743536
-662.40924092	0.02073520
-662.37623762	0.02231257
-662.34323432	0.02199261
-662.31023102	0.01993985
-662.27722772	0.01652305
-662.24422442	0.01219857
-662.21122112	0.00739281
-662.17821782	0.00256162
-662.14521452	-0.00213992
-662.11221122	-0.00657027
-662.07920792	-0.01064438
-662.04620462	-0.01404289
-662.01320132	-0.01663832
-661.98019802	-0.01830513
-661.94719472	-0.01915790
-661.91419142	-0.01900923
-661.88118812	-0.01826125
-661.84818482	-0.01693215
-661.81518152	-0.01481171
-661.78217822	-0.01240347
-661.74917492	-0.00970569
-661.71617162	-0.00699929
-661.68316832	-0.00460242
-661.65016502	-0.00274031
-661.61716172	-0.00154374
-661.58415842	-0.00088784
-661.55115512	-0.00074891
-661.51815182	-0.00112650
-661.48514851	-0.00172459
-661.45214521	-0.00261179
-661.41914191	-0.00336435
-661.38613861	-0.00380885
-661.35313531	-0.00374675
-661.32013201	-0.00301198
-661.28712871	-0.00173265
-661.25412541	0.00025804
-661.22112211	0.00259711
-661.18811881	0.00494830
-661.15511551	0.00705176
-661.12211221	0.00868704
-661.08910891	0.00963913
-661.05610561	0.00984894
-661.02310231	0.00940938
-660.99009901	0.00847284
-660.95709571	0.00744729
-660.92409241	0.00654415
-660.89108911	0.00593352
-660.85808581	0.00562425
-660.82508251	0.00572578
-660.79207921	0.00633756
-660.75907591	0.00727673
-660.72607261	0.00862290
-660.69306931	0.01021025
-660.66006601	0.01183192
-660.62706271	0.01317762
-660.59405941	0.01415251
-660.56105611	0.01436910
-660.52805281	0.01356173
-660.49504950	0.01176378
-660.46204620	0.00893015
-660.42904290	0.00566918
-660.39603960	0.00213676
-660.36303630	-0.00134965
-660.33003300	-0.00461322
-660.29702970	-0.00756588
-660.26402640	-0.01024225
-660.23102310	-0.01235656
-660.19801980	-0.01403064
-660.16501650	-0.01496908
-660.13201320	-0.01516684
-660.09900990	-0.01439863
-660.06600660	-0.01277976
-660.03300330	-0.01022240
-660.00000000	-0.00705901
