# Menlo Systems GmbH ScanControl
# Program Version 1.14.3
# Start: -740.00000000 ps, Average over 1000 waveforms. Timestamp: 2026-02-06T13:35:49
# User time axis shift: 0 ps
# Time axis offset: 0 ps
# Time [ps]	THz Signal [a.u.]
-740.00000000	-0.00016753
-739.96699670	-0.00020122
-739.93399340	-0.00022088
-739.90099010	-0.00014485
-739.86798680	-0.00015045
-739.83498350	-0.00015940
-739.80198020	-0.00004294
-739.76897690	-0.00008550
-739.73597360	-0.00001322
-739.70297030	0.00002154
-739.66996700	0.00000930
-739.63696370	0.00006342
-739.60396040	0.00012849
-739.57095710	-0.00001150
-739.53795380	0.00004827
-739.50495050	0.00002564
-739.47194719	0.00010669
-739.43894389	0.00003559
-739.40594059	0.00013667
-739.37293729	0.00005465
-739.33993399	0.00005836
-739.30693069	0.00012565
-739.27392739	0.00016276
-739.24092409	0.00006420
-739.20792079	0.00006845
-739.17491749	0.00005404
-739.14191419	-0.00002196
-739.10891089	0.00008074
-739.07590759	-0.00003238
-739.04290429	0.00000738
-739.00990099	0.00004473
-738.97689769	0.00005616
-738.94389439	0.00001375
-738.91089109	0.00002549
-738.87788779	-0.00000494
-738.84488449	-0.00004805
-738.81188119	-0.00000255
-738.77887789	0.00000632
-738.74587459	-0.00006030
-738.71287129	0.00000030
-738.67986799	-0.00001812
-738.64686469	-0.00003137
-738.61386139	-0.00006904
-738.58085809	-0.00008211
-738.54785479	-0.00008015
-738.51485149	-0.00013345
-738.48184818	-0.00017603
-738.44884488	-0.00003255
-738.41584158	-0.00011144
-738.38283828	-0.00007664
-738.34983498	-0.00007380
-738.31683168	-0.00006843
-738.28382838	-0.00005088
-738.25082508	0.00002222
-738.21782178	0.00000101
-738.18481848	-0.00002189
-738.15181518	-0.00011673
-738.11881188	-0.00010613
-738.08580858	-0.00008913
-738.05280528	-0.00014480
-738.01980198	-0.00002469
-737.98679868	-0.00005469
-737.95379538	-0.00003796
-737.92079208	-0.00012170
-737.88778878	-0.00012545
-737.85478548	-0.00017330
-737.82178218	-0.00009896
-737.78877888	0.00001125
-737.75577558	-0.00002980
-737.72277228	-0.00001402
-737.68976898	-0.00005809
-737.65676568	-0.00003141
-737.62376238	-0.00002249
-737.59075908	0.00008197
-737.55775578	0.00014997
-737.52475248	0.00012916
-737.49174917	0.00008969
-737.45874587	0.00022102
-737.42574257	0.00025621
-737.39273927	0.00023931
-737.35973597	0.00030090
-737.32673267	0.00029779
-737.29372937	0.00033262
-737.26072607	0.00035555
-737.22772277	0.00040815
-737.19471947	0.00042730
-737.16171617	0.00044224
-737.12871287	0.00046765
-737.09570957	0.00050419
-737.06270627	0.00056875
-737.02970297	0.00059047
-736.99669967	0.00063527
-736.96369637	0.00058376
-736.93069307	0.00054735
-736.89768977	0.00058101
-736.86468647	0.00059979
-736.83168317	0.00045785
-736.79867987	0.00037372
-736.76567657	0.00042422
-736.73267327	0.00026138
-736.69966997	0.00009486
-736.66666667	-0.00002319
-736.63366337	-0.00019628
-736.60066007	-0.00040030
-736.56765677	-0.00064127
-736.53465347	-0.00075230
-736.50165017	-0.00100192
-736.46864686	-0.00129093
-736.43564356	-0.00153664
-736.40264026	-0.00168784
-736.36963696	-0.00204167
-736.33663366	-0.00217347
-736.30363036	-0.00241823
-736.27062706	-0.00245966
-736.23762376	-0.00255835
-736.20462046	-0.00264305
-736.17161716	-0.00280350
-736.13861386	-0.00278082
-736.10561056	-0.00290627
-736.07260726	-0.00292850
-736.03960396	-0.00300474
-736.00660066	-0.00305643
-735.97359736	-0.00302456
-735.94059406	-0.00290267
-735.90759076	-0.00267443
-735.87458746	-0.00248112
-735.84158416	-0.00215339
-735.80858086	-0.00190812
-735.77557756	-0.00123862
-735.74257426	-0.00061604
-735.70957096	-0.00013276
-735.67656766	0.00053582
-735.64356436	0.00105655
-735.61056106	0.00153468
-735.57755776	0.00193025
-735.54455446	0.00213687
-735.51155116	0.00234643
-735.47854785	0.00233377
-735.44554455	0.00228722
-735.41254125	0.00230021
-735.37953795	0.00192596
-735.34653465	0.00161855
-735.31353135	0.00143453
-735.28052805	0.00125653
-735.24752475	0.00091918
-735.21452145	0.00075115
-735.18151815	0.00059264
-735.14851485	0.00045225
-735.11551155	0.00034070
-735.08250825	0.00026081
-735.04950495	0.00010153
-735.01650165	0.00020539
-734.98349835	0.00011820
-734.95049505	0.00015882
-734.91749175	0.00005775
-734.88448845	0.00005917
-734.85148515	-0.00002737
-734.81848185	0.00010476
-734.78547855	-0.00000569
-734.75247525	-0.00009483
-734.71947195	-0.00013285
-734.68646865	-0.00007073
-734.65346535	-0.00022212
-734.62046205	-0.00017982
-734.58745875	-0.00019572
-734.55445545	-0.00017702
-734.52145215	-0.00017530
-734.48844884	-0.00024515
-734.45544554	-0.00026469
-734.42244224	-0.00007787
-734.38943894	-0.00022922
-734.35643564	-0.00016621
-734.32343234	-0.00014458
-734.29042904	-0.00000389
-734.25742574	-0.00004285
-734.22442244	-0.00006540
-734.19141914	0.00003228
-734.15841584	0.00015282
-734.12541254	-0.00004298
-734.09240924	0.00006501
-734.05940594	0.00010979
-734.02640264	0.00007327
-733.99339934	0.00020597
-733.96039604	0.00009627
-733.92739274	0.00011850
-733.89438944	0.00010951
-733.86138614	0.00021426
-733.82838284	0.00014034
-733.79537954	0.00022222
-733.76237624	0.00017258
-733.72937294	0.00016379
-733.69636964	0.00025918
-733.66336634	0.00019922
-733.63036304	0.00022947
-733.59735974	0.00030863
-733.56435644	0.00026345
-733.53135314	0.00027315
-733.49834983	0.00026508
-733.46534653	0.00026731
-733.43234323	0.00029749
-733.39933993	0.00028811
-733.36633663	0.00024952
-733.33333333	0.00025023
-733.30033003	0.00028575
-733.26732673	0.00030256
-733.23432343	0.00017390
-733.20132013	0.00024912
-733.16831683	0.00025922
-733.13531353	0.00019909
-733.10231023	0.00020925
-733.06930693	0.00023711
-733.03630363	0.00035321
-733.00330033	0.00017150
-732.97029703	0.00027814
-732.93729373	0.00043285
-732.90429043	0.00042053
-732.87128713	0.00040519
-732.83828383	0.00042681
-732.80528053	0.00055163
-732.77227723	0.00055403
-732.73927393	0.00064389
-732.70627063	0.00065273
-732.67326733	0.00072139
-732.64026403	0.00088910
-732.60726073	0.00093340
-732.57425743	0.00091056
-732.54125413	0.00110414
-732.50825083	0.00109769
-732.47524752	0.00120679
-732.44224422	0.00130252
-732.40924092	0.00138988
-732.37623762	0.00148678
-732.34323432	0.00153611
-732.31023102	0.00162864
-732.27722772	0.00180380
-732.24422442	0.00184125
-732.21122112	0.00196201
-732.17821782	0.00197944
-732.14521452	0.00201833
-732.11221122	0.00192909
-732.07920792	0.00167821
-732.04620462	0.00149677
-732.01320132	0.00114747
-731.98019802	0.00031205
-731.94719472	-0.00032139
-731.91419142	-0.00128839
-731.88118812	-0.00255492
-731.84818482	-0.00369140
-731.81518152	-0.00493201
-731.78217822	-0.00613146
-731.74917492	-0.00696631
-731.71617162	-0.00762639
-731.68316832	-0.00779176
-731.65016502	-0.00763887
-731.61716172	-0.00695972
-731.58415842	-0.00605562
-731.55115512	-0.00482526
-731.51815182	-0.00338165
-731.48514851	-0.00188182
-731.45214521	-0.00067307
-731.41914191	0.00046951
-731.38613861	0.00134117
-731.35313531	0.00199733
-731.32013201	0.00247962
-731.28712871	0.00277179
-731.25412541	0.00301894
-731.22112211	0.00287681
-731.18811881	0.00282706
-731.15511551	0.00274515
-731.12211221	0.00229458
-731.08910891	0.00225960
-731.05610561	0.00201633
-731.02310231	0.00175488
-730.99009901	0.00173359
-730.95709571	0.00157975
-730.92409241	0.00133239
-730.89108911	0.00126666
-730.85808581	0.00104924
-730.82508251	0.00106320
-730.79207921	0.00088583
-730.75907591	0.00073494
-730.72607261	0.00091408
-730.69306931	0.00071092
-730.66006601	0.00066010
-730.62706271	0.00066732
-730.59405941	0.00060444
-730.56105611	0.00045578
-730.52805281	0.00042494
-730.49504950	0.00040039
-730.46204620	0.00020034
-730.42904290	0.00016099
-730.39603960	0.00001135
-730.36303630	-0.00003678
-730.33003300	-0.00012610
-730.29702970	-0.00015672
-730.26402640	-0.00018427
-730.23102310	-0.00015313
-730.19801980	-0.00015993
-730.16501650	-0.00017011
-730.13201320	-0.00016661
-730.09900990	-0.00002068
-730.06600660	-0.00008802
-730.03300330	0.00003994
-730.00000000	-0.00009536
-729.96699670	-0.00001777
-729.93399340	0.00006759
-729.90099010	-0.00024493
-729.86798680	-0.00012327
-729.83498350	-0.00021410
-729.80198020	-0.00023798
-729.76897690	-0.00032321
-729.73597360	-0.00027112
-729.70297030	-0.00037866
-729.66996700	-0.00032622
-729.63696370	-0.00030840
-729.60396040	-0.00031728
-729.57095710	-0.00016915
-729.53795380	-0.00004585
-729.50495050	-0.00008639
-729.47194719	0.00002087
-729.43894389	0.00008054
-729.40594059	0.00003466
-729.37293729	0.00008203
-729.33993399	-0.00002613
-729.30693069	-0.00016996
-729.27392739	-0.00042407
-729.24092409	-0.00061218
-729.20792079	-0.00095573
-729.17491749	-0.00132201
-729.14191419	-0.00164648
-729.10891089	-0.00209350
-729.07590759	-0.00238518
-729.04290429	-0.00281804
-729.00990099	-0.00297109
-728.97689769	-0.00320461
-728.94389439	-0.00333590
-728.91089109	-0.00334347
-728.87788779	-0.00357744
-728.84488449	-0.00347244
-728.81188119	-0.00371041
-728.77887789	-0.00411346
-728.74587459	-0.00457505
-728.71287129	-0.00531545
-728.67986799	-0.00630360
-728.64686469	-0.00738744
-728.61386139	-0.00863079
-728.58085809	-0.00994985
-728.54785479	-0.01098859
-728.51485149	-0.01182711
-728.48184818	-0.01211032
-728.44884488	-0.01187074
-728.41584158	-0.01086490
-728.38283828	-0.00914803
-728.34983498	-0.00689277
-728.31683168	-0.00415053
-728.28382838	-0.00135598
-728.25082508	0.00117478
-728.21782178	0.00347856
-728.18481848	0.00496350
-728.15181518	0.00574193
-728.11881188	0.00590531
-728.08580858	0.00551453
-728.05280528	0.00496345
-728.01980198	0.00424319
-727.98679868	0.00376779
-727.95379538	0.00353390
-727.92079208	0.00366177
-727.88778878	0.00395980
-727.85478548	0.00461361
-727.82178218	0.00530406
-727.78877888	0.00584223
-727.75577558	0.00648352
-727.72277228	0.00696390
-727.68976898	0.00700483
-727.65676568	0.00677349
-727.62376238	0.00625099
-727.59075908	0.00540126
-727.55775578	0.00433267
-727.52475248	0.00300659
-727.49174917	0.00179813
-727.45874587	0.00030889
-727.42574257	-0.00076772
-727.39273927	-0.00210823
-727.35973597	-0.00313059
-727.32673267	-0.00406337
-727.29372937	-0.00483704
-727.26072607	-0.00549188
-727.22772277	-0.00619911
-727.19471947	-0.00680708
-727.16171617	-0.00777226
-727.12871287	-0.00905264
-727.09570957	-0.01064280
-727.06270627	-0.01277145
-727.02970297	-0.01529994
-726.99669967	-0.01841642
-726.96369637	-0.02159189
-726.93069307	-0.02490123
-726.89768977	-0.02798772
-726.86468647	-0.03017347
-726.83168317	-0.03129034
-726.79867987	-0.03103436
-726.76567657	-0.02908598
-726.73267327	-0.02547424
-726.69966997	-0.02038918
-726.66666667	-0.01422952
-726.63366337	-0.00762717
-726.60066007	-0.00128723
-726.56765677	0.00412851
-726.53465347	0.00815053
-726.50165017	0.01052117
-726.46864686	0.01145897
-726.43564356	0.01095833
-726.40264026	0.00975436
-726.36963696	0.00792301
-726.33663366	0.00630834
-726.30363036	0.00466377
-726.27062706	0.00321070
-726.23762376	0.00208081
-726.20462046	0.00120766
-726.17161716	0.00068137
-726.13861386	0.00027711
-726.10561056	0.00051912
-726.07260726	0.00094200
-726.03960396	0.00160783
-726.00660066	0.00249658
-725.97359736	0.00325305
-725.94059406	0.00430231
-725.90759076	0.00518731
-725.87458746	0.00629200
-725.84158416	0.00761069
-725.80858086	0.00903052
-725.77557756	0.01067076
-725.74257426	0.01246167
-725.70957096	0.01447440
-725.67656766	0.01661773
-725.64356436	0.01913876
-725.61056106	0.02164312
-725.57755776	0.02481956
-725.54455446	0.02829473
-725.51155116	0.03225727
-725.47854785	0.03677488
-725.44554455	0.04222033
-725.41254125	0.04823587
-725.37953795	0.05500380
-725.34653465	0.06257675
-725.31353135	0.07085967
-725.28052805	0.07982196
-725.24752475	0.08945040
-725.21452145	0.09957309
-725.18151815	0.10997401
-725.14851485	0.12055651
-725.11551155	0.13136346
-725.08250825	0.14185502
-725.04950495	0.15225764
-725.01650165	0.16249977
-724.98349835	0.17249943
-724.95049505	0.18250819
-724.91749175	0.19291848
-724.88448845	0.20392058
-724.85148515	0.21598913
-724.81848185	0.22969463
-724.78547855	0.24576824
-724.75247525	0.26434264
-724.71947195	0.28646067
-724.68646865	0.31221956
-724.65346535	0.34227628
-724.62046205	0.37644950
-724.58745875	0.41457810
-724.55445545	0.45600261
-724.52145215	0.49987260
-724.48844884	0.54468285
-724.45544554	0.58882593
-724.42244224	0.62971195
-724.38943894	0.66508599
-724.35643564	0.69163855
-724.32343234	0.70678466
-724.29042904	0.70714554
-724.25742574	0.69065623
-724.22442244	0.65520242
-724.19141914	0.60011316
-724.15841584	0.52597048
-724.12541254	0.43491333
-724.09240924	0.32991211
-724.05940594	0.21591368
-724.02640264	0.09776864
-723.99339934	-0.01888329
-723.96039604	-0.12985998
-723.92739274	-0.23270838
-723.89438944	-0.32701834
-723.86138614	-0.41606361
-723.82838284	-0.50607542
-723.79537954	-0.60643127
-723.76237624	-0.72734516
-723.72937294	-0.87996718
-723.69636964	-1.07336378
-723.66336634	-1.31421054
-723.63036304	-1.60280237
-723.59735974	-1.93290627
-723.56435644	-2.28775993
-723.53135314	-2.64175215
-723.49834983	-2.95994569
-723.46534653	-3.20419712
-723.43234323	-3.33536746
-723.39933993	-3.32182788
-723.36633663	-3.14161379
-723.33333333	-2.78869367
-723.30033003	-2.27833994
-723.26732673	-1.64791359
-723.23432343	-0.95067118
-723.20132013	-0.24727582
-723.16831683	0.40304576
-723.13531353	0.95447015
-723.10231023	1.38131840
-723.06930693	1.67919213
-723.03630363	1.86241483
-723.00330033	1.95284736
-722.97029703	1.97183108
-722.93729373	1.93627411
-722.90429043	1.85758854
-722.87128713	1.74546851
-722.83828383	1.60929840
-722.80528053	1.46244033
-722.77227723	1.31793356
-722.73927393	1.18629686
-722.70627063	1.07083685
-722.67326733	0.96878857
-722.64026403	0.87286145
-722.60726073	0.77852298
-722.57425743	0.68454250
-722.54125413	0.59601042
-722.50825083	0.51821495
-722.47524752	0.45446104
-722.44224422	0.40349832
-722.40924092	0.36039650
-722.37623762	0.31981475
-722.34323432	0.27872571
-722.31023102	0.23639615
-722.27722772	0.19392636
-722.24422442	0.15124082
-722.21122112	0.10836458
-722.17821782	0.06446307
-722.14521452	0.02127369
-722.11221122	-0.01890471
-722.07920792	-0.05253221
-722.04620462	-0.07762359
-722.01320132	-0.09312619
-721.98019802	-0.09957931
-721.94719472	-0.09734209
-721.91419142	-0.08681305
-721.88118812	-0.06873719
-721.84818482	-0.04435728
-721.81518152	-0.01721143
-721.78217822	0.00904478
-721.74917492	0.03128991
-721.71617162	0.04707842
-721.68316832	0.05592679
-721.65016502	0.05777415
-721.61716172	0.05383062
-721.58415842	0.04522274
-721.55115512	0.03394435
-721.51815182	0.02138102
-721.48514851	0.00910354
-721.45214521	-0.00222922
-721.41914191	-0.01202569
-721.38613861	-0.01981946
-721.35313531	-0.02430269
-721.32013201	-0.02529796
-721.28712871	-0.02272398
-721.25412541	-0.01770619
-721.22112211	-0.01135033
-721.18811881	-0.00449856
-721.15511551	0.00200328
-721.12211221	0.00763178
-721.08910891	0.01058009
-721.05610561	0.01022095
-721.02310231	0.00605805
-720.99009901	-0.00070455
-720.95709571	-0.00823383
-720.92409241	-0.01491830
-720.89108911	-0.02049415
-720.85808581	-0.02546300
-720.82508251	-0.03052447
-720.79207921	-0.03604700
-720.75907591	-0.04140895
-720.72607261	-0.04660847
-720.69306931	-0.05052924
-720.66006601	-0.05283362
-720.62706271	-0.05302110
-720.59405941	-0.05131561
-720.56105611	-0.04806785
-720.52805281	-0.04416365
-720.49504950	-0.04017959
-720.46204620	-0.03610565
-720.42904290	-0.03176401
-720.39603960	-0.02731579
-720.36303630	-0.02410685
-720.33003300	-0.02299030
-720.29702970	-0.02395659
-720.26402640	-0.02623387
-720.23102310	-0.02676423
-720.19801980	-0.02387950
-720.16501650	-0.01704013
-720.13201320	-0.00640963
-720.09900990	0.00664417
-720.06600660	0.02078526
-720.03300330	0.03441885
-720.00000000	0.04685068
-719.96699670	0.05739233
-719.93399340	0.06545196
-719.90099010	0.07093878
-719.86798680	0.07350768
-719.83498350	0.07310324
-719.80198020	0.06946772
-719.76897690	0.06306992
-719.73597360	0.05339062
-719.70297030	0.04082447
-719.66996700	0.02542229
-719.63696370	0.00780424
-719.60396040	-0.01054093
-719.57095710	-0.02750519
-719.53795380	-0.04168134
-719.50495050	-0.05130193
-719.47194719	-0.05601692
-719.43894389	-0.05574905
-719.40594059	-0.05138477
-719.37293729	-0.04416623
-719.33993399	-0.03503697
-719.30693069	-0.02537743
-719.27392739	-0.01613564
-719.24092409	-0.00894037
-719.20792079	-0.00494110
-719.17491749	-0.00510741
-719.14191419	-0.00902212
-719.10891089	-0.01520851
-719.07590759	-0.02247748
-719.04290429	-0.02938643
-719.00990099	-0.03527582
-718.97689769	-0.03959021
-718.94389439	-0.04206459
-718.91089109	-0.04206761
-718.87788779	-0.03976053
-718.84488449	-0.03552745
-718.81188119	-0.02966329
-718.77887789	-0.02332046
-718.74587459	-0.01725885
-718.71287129	-0.01219589
-718.67986799	-0.00879910
-718.64686469	-0.00620716
-718.61386139	-0.00416650
-718.58085809	-0.00274958
-718.54785479	-0.00119747
-718.51485149	-0.00064712
-718.48184818	-0.00035790
-718.44884488	-0.00064083
-718.41584158	-0.00126881
-718.38283828	-0.00217185
-718.34983498	-0.00429843
-718.31683168	-0.00744391
-718.28382838	-0.01188626
-718.25082508	-0.01622341
-718.21782178	-0.01930967
-718.18481848	-0.01960002
-718.15181518	-0.01662627
-718.11881188	-0.01130780
-718.08580858	-0.00517437
-718.05280528	-0.00045904
-718.01980198	0.00105249
-717.98679868	-0.00158018
-717.95379538	-0.00787708
-717.92079208	-0.01662159
-717.88778878	-0.02631036
-717.85478548	-0.03522907
-717.82178218	-0.04275892
-717.78877888	-0.04776960
-717.75577558	-0.05022487
-717.72277228	-0.05050504
-717.68976898	-0.04891000
-717.65676568	-0.04583737
-717.62376238	-0.04198651
-717.59075908	-0.03795906
-717.55775578	-0.03389515
-717.52475248	-0.03036416
-717.49174917	-0.02724900
-717.45874587	-0.02472659
-717.42574257	-0.02279100
-717.39273927	-0.02130061
-717.35973597	-0.02050592
-717.32673267	-0.02047531
-717.29372937	-0.02172209
-717.26072607	-0.02456448
-717.22772277	-0.02806349
-717.19471947	-0.03077050
-717.16171617	-0.03115255
-717.12871287	-0.02786776
-717.09570957	-0.02077753
-717.06270627	-0.01121038
-717.02970297	-0.00102435
-716.99669967	0.00703281
-716.96369637	0.01224931
-716.93069307	0.01408055
-716.89768977	0.01357388
-716.86468647	0.01204946
-716.83168317	0.01050698
-716.79867987	0.00915086
-716.76567657	0.00802711
-716.73267327	0.00681529
-716.69966997	0.00588345
-716.66666667	0.00552964
-716.63366337	0.00624049
-716.60066007	0.00824289
-716.56765677	0.01159342
-716.53465347	0.01536834
-716.50165017	0.01947220
-716.46864686	0.02235442
-716.43564356	0.02434616
-716.40264026	0.02580252
-716.36963696	0.02705405
-716.33663366	0.02859033
-716.30363036	0.03089303
-716.27062706	0.03315776
-716.23762376	0.03475343
-716.20462046	0.03469211
-716.17161716	0.03203969
-716.13861386	0.02649461
-716.10561056	0.01816790
-716.07260726	0.00736264
-716.03960396	-0.00407631
-716.00660066	-0.01543587
-715.97359736	-0.02511360
-715.94059406	-0.03260851
-715.90759076	-0.03776394
-715.87458746	-0.04073726
-715.84158416	-0.04257658
-715.80858086	-0.04439406
-715.77557756	-0.04669152
-715.74257426	-0.05044981
-715.70957096	-0.05595833
-715.67656766	-0.06337232
-715.64356436	-0.07180281
-715.61056106	-0.08018086
-715.57755776	-0.08633676
-715.54455446	-0.08852007
-715.51155116	-0.08581491
-715.47854785	-0.07812120
-715.44554455	-0.06674092
-715.41254125	-0.05321171
-715.37953795	-0.03896427
-715.34653465	-0.02535782
-715.31353135	-0.01282897
-715.28052805	-0.00100539
-715.24752475	0.01025012
-715.21452145	0.02129996
-715.18151815	0.03202605
-715.14851485	0.04157092
-715.11551155	0.04898309
-715.08250825	0.05385505
-715.04950495	0.05570195
-715.01650165	0.05455808
-714.98349835	0.05103689
-714.95049505	0.04558669
-714.91749175	0.03923167
-714.88448845	0.03308707
-714.85148515	0.02836361
-714.81848185	0.02597569
-714.78547855	0.02632224
-714.75247525	0.02931290
-714.71947195	0.03397716
-714.68646865	0.03926838
-714.65346535	0.04417112
-714.62046205	0.04809181
-714.58745875	0.05093484
-714.55445545	0.05276916
-714.52145215	0.05374415
-714.48844884	0.05410871
-714.45544554	0.05340573
-714.42244224	0.05156858
-714.38943894	0.04795959
-714.35643564	0.04202195
-714.32343234	0.03339183
-714.29042904	0.02261598
-714.25742574	0.01046271
-714.22442244	-0.00141738
-714.19141914	-0.01122912
-714.15841584	-0.01862287
-714.12541254	-0.02312815
-714.09240924	-0.02509953
-714.05940594	-0.02540301
-714.02640264	-0.02513595
-713.99339934	-0.02455039
-713.96039604	-0.02424419
-713.92739274	-0.02456386
-713.89438944	-0.02522687
-713.86138614	-0.02631725
-713.82838284	-0.02722699
-713.79537954	-0.02741594
-713.76237624	-0.02674631
-713.72937294	-0.02532611
-713.69636964	-0.02374465
-713.66336634	-0.02267076
-713.63036304	-0.02229352
-713.59735974	-0.02236594
-713.56435644	-0.02259550
-713.53135314	-0.02216136
-713.49834983	-0.02116827
-713.46534653	-0.01953686
-713.43234323	-0.01753974
-713.39933993	-0.01511418
-713.36633663	-0.01220133
-713.33333333	-0.00884619
-713.30033003	-0.00512144
-713.26732673	-0.00157823
-713.23432343	0.00090544
-713.20132013	0.00132846
-713.16831683	-0.00065303
-713.13531353	-0.00471580
-713.10231023	-0.00973463
-713.06930693	-0.01435453
-713.03630363	-0.01774524
-713.00330033	-0.01896110
-712.97029703	-0.01813921
-712.93729373	-0.01512188
-712.90429043	-0.01081938
-712.87128713	-0.00576810
-712.83828383	-0.00067674
-712.80528053	0.00374865
-712.77227723	0.00687784
-712.73927393	0.00833381
-712.70627063	0.00837481
-712.67326733	0.00777862
-712.64026403	0.00654212
-712.60726073	0.00596795
-712.57425743	0.00603618
-712.54125413	0.00622809
-712.50825083	0.00637897
-712.47524752	0.00617395
-712.44224422	0.00550007
-712.40924092	0.00459845
-712.37623762	0.00373198
-712.34323432	0.00289361
-712.31023102	0.00222814
-712.27722772	0.00195408
-712.24422442	0.00178422
-712.21122112	0.00207891
-712.17821782	0.00264723
-712.14521452	0.00319729
-712.11221122	0.00398453
-712.07920792	0.00490003
-712.04620462	0.00602994
-712.01320132	0.00715395
-711.98019802	0.00782387
-711.94719472	0.00751036
-711.91419142	0.00567329
-711.88118812	0.00239086
-711.84818482	-0.00161246
-711.81518152	-0.00539589
-711.78217822	-0.00846190
-711.74917492	-0.01020292
-711.71617162	-0.01036798
-711.68316832	-0.00939502
-711.65016502	-0.00695608
-711.61716172	-0.00333129
-711.58415842	0.00121600
-711.55115512	0.00633402
-711.51815182	0.01114098
-711.48514851	0.01517439
-711.45214521	0.01796871
-711.41914191	0.01959396
-711.38613861	0.02064532
-711.35313531	0.02080549
-711.32013201	0.02058212
-711.28712871	0.01973432
-711.25412541	0.01760850
-711.22112211	0.01392272
-711.18811881	0.00876593
-711.15511551	0.00239803
-711.12211221	-0.00400727
-711.08910891	-0.00984737
-711.05610561	-0.01409122
-711.02310231	-0.01640840
-710.99009901	-0.01677034
-710.95709571	-0.01531800
-710.92409241	-0.01201071
-710.89108911	-0.00743016
-710.85808581	-0.00164453
-710.82508251	0.00457412
-710.79207921	0.01028902
-710.75907591	0.01484595
-710.72607261	0.01761176
-710.69306931	0.01857298
-710.66006601	0.01806196
-710.62706271	0.01674545
-710.59405941	0.01522927
-710.56105611	0.01350112
-710.52805281	0.01162269
-710.49504950	0.00904074
-710.46204620	0.00534448
-710.42904290	0.00021066
-710.39603960	-0.00608374
-710.36303630	-0.01271610
-710.33003300	-0.01848970
-710.29702970	-0.02214144
-710.26402640	-0.02277297
-710.23102310	-0.02018391
-710.19801980	-0.01504057
-710.16501650	-0.00896005
-710.13201320	-0.00307748
-710.09900990	0.00142867
-710.06600660	0.00419273
-710.03300330	0.00511183
-710.00000000	0.00453815
-709.96699670	0.00283311
-709.93399340	0.00042260
-709.90099010	-0.00194905
-709.86798680	-0.00385431
-709.83498350	-0.00445940
-709.80198020	-0.00328950
-709.76897690	-0.00025640
-709.73597360	0.00439788
-709.70297030	0.00960286
-709.66996700	0.01462302
-709.63696370	0.01876534
-709.60396040	0.02138709
-709.57095710	0.02272398
-709.53795380	0.02271252
-709.50495050	0.02193294
-709.47194719	0.02026543
-709.43894389	0.01799272
-709.40594059	0.01487514
-709.37293729	0.01025631
-709.33993399	0.00512929
-709.30693069	-0.00029468
-709.27392739	-0.00536425
-709.24092409	-0.00863330
-709.20792079	-0.00970757
-709.17491749	-0.00839078
-709.14191419	-0.00452194
-709.10891089	0.00114043
-709.07590759	0.00773161
-709.04290429	0.01454984
-709.00990099	0.02093764
-708.97689769	0.02658757
-708.94389439	0.03103993
-708.91089109	0.03349169
-708.87788779	0.03376972
-708.84488449	0.03046793
-708.81188119	0.02375925
-708.77887789	0.01450300
-708.74587459	0.00410935
-708.71287129	-0.00556153
-708.67986799	-0.01353497
-708.64686469	-0.01888676
-708.61386139	-0.02217534
-708.58085809	-0.02386170
-708.54785479	-0.02422620
-708.51485149	-0.02349175
-708.48184818	-0.02142137
-708.44884488	-0.01814800
-708.41584158	-0.01418271
-708.38283828	-0.01029099
-708.34983498	-0.00749454
-708.31683168	-0.00631792
-708.28382838	-0.00680730
-708.25082508	-0.00896037
-708.21782178	-0.01233006
-708.18481848	-0.01637359
-708.15181518	-0.02026930
-708.11881188	-0.02287370
-708.08580858	-0.02349652
-708.05280528	-0.02155912
-708.01980198	-0.01664277
-707.98679868	-0.00886195
-707.95379538	0.00092704
-707.92079208	0.01150860
-707.88778878	0.02192208
-707.85478548	0.03072361
-707.82178218	0.03669024
-707.78877888	0.03914436
-707.75577558	0.03764096
-707.72277228	0.03227443
-707.68976898	0.02391066
-707.65676568	0.01393421
-707.62376238	0.00399012
-707.59075908	-0.00475904
-707.55775578	-0.01153247
-707.52475248	-0.01631925
-707.49174917	-0.01997168
-707.45874587	-0.02241563
-707.42574257	-0.02387225
-707.39273927	-0.02373204
-707.35973597	-0.02119603
-707.32673267	-0.01510133
-707.29372937	-0.00578882
-707.26072607	0.00603015
-707.22772277	0.01907157
-707.19471947	0.03082702
-707.16171617	0.03971983
-707.12871287	0.04387950
-707.09570957	0.04259003
-707.06270627	0.03569639
-707.02970297	0.02466466
-706.99669967	0.01125065
-706.96369637	-0.00265882
-706.93069307	-0.01530240
-706.89768977	-0.02517049
-706.86468647	-0.03179921
-706.83168317	-0.03474178
-706.79867987	-0.03393723
-706.76567657	-0.03060889
-706.73267327	-0.02574433
-706.69966997	-0.02028932
-706.66666667	-0.01565187
-706.63366337	-0.01248275
-706.60066007	-0.01049259
-706.56765677	-0.00926537
-706.53465347	-0.00799208
-706.50165017	-0.00626930
-706.46864686	-0.00439385
-706.43564356	-0.00251580
-706.40264026	-0.00094450
-706.36963696	-0.00005758
-706.33663366	0.00039563
-706.30363036	0.00113221
-706.27062706	0.00165173
-706.23762376	0.00290244
-706.20462046	0.00460138
-706.17161716	0.00628686
-706.13861386	0.00806184
-706.10561056	0.00965688
-706.07260726	0.01077371
-706.03960396	0.01165261
-706.00660066	0.01193567
-705.97359736	0.01139809
-705.94059406	0.00983289
-705.90759076	0.00765722
-705.87458746	0.00457690
-705.84158416	0.00082478
-705.80858086	-0.00340673
-705.77557756	-0.00806413
-705.74257426	-0.01293802
-705.70957096	-0.01767679
-705.67656766	-0.02174784
-705.64356436	-0.02433227
-705.61056106	-0.02451996
-705.57755776	-0.02199715
-705.54455446	-0.01651315
-705.51155116	-0.00896034
-705.47854785	-0.00043089
-705.44554455	0.00825976
-705.41254125	0.01586103
-705.37953795	0.02176107
-705.34653465	0.02569389
-705.31353135	0.02736891
-705.28052805	0.02662826
-705.24752475	0.02326569
-705.21452145	0.01756329
-705.18151815	0.01006397
-705.14851485	0.00152809
-705.11551155	-0.00686476
-705.08250825	-0.01414615
-705.04950495	-0.01927051
-705.01650165	-0.02207419
-704.98349835	-0.02240363
-704.95049505	-0.02035370
-704.91749175	-0.01639983
-704.88448845	-0.01108754
-704.85148515	-0.00516927
-704.81848185	0.00050574
-704.78547855	0.00497996
-704.75247525	0.00766663
-704.71947195	0.00815032
-704.68646865	0.00645593
-704.65346535	0.00311431
-704.62046205	-0.00118207
-704.58745875	-0.00531025
-704.55445545	-0.00826462
-704.52145215	-0.00973994
-704.48844884	-0.00938111
-704.45544554	-0.00766507
-704.42244224	-0.00508639
-704.38943894	-0.00204864
-704.35643564	0.00099199
-704.32343234	0.00416252
-704.29042904	0.00752270
-704.25742574	0.01115059
-704.22442244	0.01492739
-704.19141914	0.01776876
-704.15841584	0.01888030
-704.12541254	0.01748404
-704.09240924	0.01285812
-704.05940594	0.00591088
-704.02640264	-0.00214774
-703.99339934	-0.01001868
-703.96039604	-0.01627548
-703.92739274	-0.02014020
-703.89438944	-0.02192350
-703.86138614	-0.02184529
-703.82838284	-0.01930018
-703.79537954	-0.01498286
-703.76237624	-0.00835788
-703.72937294	0.00081736
-703.69636964	0.01132220
-703.66336634	0.02272071
-703.63036304	0.03334784
-703.59735974	0.04156424
-703.56435644	0.04624425
-703.53135314	0.04618780
-703.49834983	0.04149589
-703.46534653	0.03294525
-703.43234323	0.02182655
-703.39933993	0.00974718
-703.36633663	-0.00203470
-703.33333333	-0.01226030
-703.30033003	-0.02020044
-703.26732673	-0.02543221
-703.23432343	-0.02720688
-703.20132013	-0.02609312
-703.16831683	-0.02202610
-703.13531353	-0.01604698
-703.10231023	-0.00938562
-703.06930693	-0.00308893
-703.03630363	0.00219872
-703.00330033	0.00597941
-702.97029703	0.00824433
-702.93729373	0.00906801
-702.90429043	0.00847700
-702.87128713	0.00653523
-702.83828383	0.00317580
-702.80528053	-0.00138350
-702.77227723	-0.00644487
-702.73927393	-0.01134766
-702.70627063	-0.01481102
-702.67326733	-0.01579711
-702.64026403	-0.01402439
-702.60726073	-0.00994427
-702.57425743	-0.00447918
-702.54125413	0.00123077
-702.50825083	0.00562028
-702.47524752	0.00813738
-702.44224422	0.00870156
-702.40924092	0.00720466
-702.37623762	0.00440932
-702.34323432	0.00127942
-702.31023102	-0.00207038
-702.27722772	-0.00444865
-702.24422442	-0.00574714
-702.21122112	-0.00634866
-702.17821782	-0.00648061
-702.14521452	-0.00664798
-702.11221122	-0.00756758
-702.07920792	-0.00865415
-702.04620462	-0.00966953
-702.01320132	-0.01000227
-701.98019802	-0.00881535
-701.94719472	-0.00631428
-701.91419142	-0.00259623
-701.88118812	0.00204152
-701.84818482	0.00677572
-701.81518152	0.01062240
-701.78217822	0.01276112
-701.74917492	0.01257161
-701.71617162	0.00947486
-701.68316832	0.00390962
-701.65016502	-0.00348991
-701.61716172	-0.01106503
-701.58415842	-0.01752139
-701.55115512	-0.02109004
-701.51815182	-0.02152344
-701.48514851	-0.01916293
-701.45214521	-0.01495234
-701.41914191	-0.01020224
-701.38613861	-0.00567320
-701.35313531	-0.00199478
-701.32013201	0.00115497
-701.28712871	0.00370722
-701.25412541	0.00580603
-701.22112211	0.00726387
-701.18811881	0.00770214
-701.15511551	0.00685217
-701.12211221	0.00479668
-701.08910891	0.00158425
-701.05610561	-0.00205561
-701.02310231	-0.00587933
-700.99009901	-0.00932504
-700.95709571	-0.01189091
-700.92409241	-0.01293600
-700.89108911	-0.01190637
-700.85808581	-0.00933515
-700.82508251	-0.00517272
-700.79207921	0.00007506
-700.75907591	0.00525081
-700.72607261	0.00961656
-700.69306931	0.01259522
-700.66006601	0.01386182
-700.62706271	0.01341605
-700.59405941	0.01138758
-700.56105611	0.00830971
-700.52805281	0.00464158
-700.49504950	0.00080989
-700.46204620	-0.00232583
-700.42904290	-0.00477881
-700.39603960	-0.00666688
-700.36303630	-0.00782451
-700.33003300	-0.00851683
-700.29702970	-0.00847506
-700.26402640	-0.00737053
-700.23102310	-0.00491562
-700.19801980	-0.00137244
-700.16501650	0.00288156
-700.13201320	0.00723319
-700.09900990	0.01128381
-700.06600660	0.01482361
-700.03300330	0.01750712
-700.00000000	0.01917617
-699.96699670	0.01923861
-699.93399340	0.01724998
-699.90099010	0.01302827
-699.86798680	0.00677186
-699.83498350	-0.00071199
-699.80198020	-0.00838359
-699.76897690	-0.01520809
-699.73597360	-0.02075412
-699.70297030	-0.02396269
-699.66996700	-0.02458169
-699.63696370	-0.02257554
-699.60396040	-0.01763753
-699.57095710	-0.01068698
-699.53795380	-0.00245637
-699.50495050	0.00542916
-699.47194719	0.01138032
-699.43894389	0.01444052
-699.40594059	0.01408550
-699.37293729	0.01077787
-699.33993399	0.00554692
-699.30693069	-0.00054791
-699.27392739	-0.00629123
-699.24092409	-0.01133987
-699.20792079	-0.01512687
-699.17491749	-0.01780963
-699.14191419	-0.01955501
-699.10891089	-0.02048835
-699.07590759	-0.02075067
-699.04290429	-0.02050436
-699.00990099	-0.01941676
-698.97689769	-0.01748576
-698.94389439	-0.01419083
-698.91089109	-0.00991404
-698.87788779	-0.00487295
-698.84488449	0.00012200
-698.81188119	0.00381725
-698.77887789	0.00574640
-698.74587459	0.00545008
-698.71287129	0.00334630
-698.67986799	0.00034068
-698.64686469	-0.00281953
-698.61386139	-0.00522030
-698.58085809	-0.00632738
-698.54785479	-0.00507152
-698.51485149	-0.00175247
-698.48184818	0.00341478
-698.44884488	0.00936106
-698.41584158	0.01497480
-698.38283828	0.01902356
-698.34983498	0.02100852
-698.31683168	0.02070183
-698.28382838	0.01881142
-698.25082508	0.01581049
-698.21782178	0.01216932
-698.18481848	0.00828696
-698.15181518	0.00391843
-698.11881188	-0.00095853
-698.08580858	-0.00589646
-698.05280528	-0.01054878
-698.01980198	-0.01399512
-697.98679868	-0.01511546
-697.95379538	-0.01347397
-697.92079208	-0.00896936
-697.88778878	-0.00250684
-697.85478548	0.00439282
-697.82178218	0.01041063
-697.78877888	0.01420016
-697.75577558	0.01521566
-697.72277228	0.01374260
-697.68976898	0.01010083
-697.65676568	0.00527565
-697.62376238	0.00010434
-697.59075908	-0.00473437
-697.55775578	-0.00879461
-697.52475248	-0.01190420
-697.49174917	-0.01395598
-697.45874587	-0.01514139
-697.42574257	-0.01550998
-697.39273927	-0.01500677
-697.35973597	-0.01370339
-697.32673267	-0.01169236
-697.29372937	-0.00911201
-697.26072607	-0.00585197
-697.22772277	-0.00229323
-697.19471947	0.00154223
-697.16171617	0.00569094
-697.12871287	0.00955848
-697.09570957	0.01288598
-697.06270627	0.01505411
-697.02970297	0.01575878
-696.99669967	0.01497600
-696.96369637	0.01319466
-696.93069307	0.01080797
-696.89768977	0.00801671
-696.86468647	0.00561249
-696.83168317	0.00369643
-696.79867987	0.00224929
-696.76567657	0.00130987
-696.73267327	0.00132209
-696.69966997	0.00210549
-696.66666667	0.00400941
-696.63366337	0.00679772
-696.60066007	0.01006603
-696.56765677	0.01324287
-696.53465347	0.01540481
-696.50165017	0.01600917
-696.46864686	0.01475546
-696.43564356	0.01160537
-696.40264026	0.00742496
-696.36963696	0.00266547
-696.33663366	-0.00210354
-696.30363036	-0.00596288
-696.27062706	-0.00833836
-696.23762376	-0.00900095
-696.20462046	-0.00779213
-696.17161716	-0.00486116
-696.13861386	-0.00127250
-696.10561056	0.00234646
-696.07260726	0.00589227
-696.03960396	0.00852047
-696.00660066	0.01035392
-695.97359736	0.01161525
-695.94059406	0.01185521
-695.90759076	0.01127274
-695.87458746	0.00979438
-695.84158416	0.00800213
-695.80858086	0.00596625
-695.77557756	0.00394901
-695.74257426	0.00232260
-695.70957096	0.00076519
-695.67656766	-0.00120900
-695.64356436	-0.00314898
-695.61056106	-0.00530365
-695.57755776	-0.00736883
-695.54455446	-0.00884873
-695.51155116	-0.00927428
-695.47854785	-0.00874916
-695.44554455	-0.00755304
-695.41254125	-0.00569375
-695.37953795	-0.00354886
-695.34653465	-0.00104150
-695.31353135	0.00186442
-695.28052805	0.00506674
-695.24752475	0.00836032
-695.21452145	0.01147984
-695.18151815	0.01408138
-695.14851485	0.01580108
-695.11551155	0.01662040
-695.08250825	0.01634277
-695.04950495	0.01555189
-695.01650165	0.01408704
-694.98349835	0.01202961
-694.95049505	0.00988386
-694.91749175	0.00717357
-694.88448845	0.00390477
-694.85148515	0.00057566
-694.81848185	-0.00286076
-694.78547855	-0.00558384
-694.75247525	-0.00733059
-694.71947195	-0.00772911
-694.68646865	-0.00692244
-694.65346535	-0.00510614
-694.62046205	-0.00323794
-694.58745875	-0.00171205
-694.55445545	-0.00070435
-694.52145215	-0.00039048
-694.48844884	-0.00055925
-694.45544554	-0.00057867
-694.42244224	-0.00015693
-694.38943894	0.00106172
-694.35643564	0.00320736
-694.32343234	0.00600639
-694.29042904	0.00916406
-694.25742574	0.01227795
-694.22442244	0.01454257
-694.19141914	0.01548516
-694.15841584	0.01445529
-694.12541254	0.01135641
-694.09240924	0.00641640
-694.05940594	0.00043832
-694.02640264	-0.00548494
-693.99339934	-0.01040917
-693.96039604	-0.01371613
-693.92739274	-0.01506406
-693.89438944	-0.01504286
-693.86138614	-0.01426441
-693.82838284	-0.01315411
-693.79537954	-0.01255180
-693.76237624	-0.01251870
-693.72937294	-0.01308783
-693.69636964	-0.01403849
-693.66336634	-0.01535243
-693.63036304	-0.01590520
-693.59735974	-0.01560748
-693.56435644	-0.01381998
-693.53135314	-0.01048969
-693.49834983	-0.00615610
-693.46534653	-0.00116594
-693.43234323	0.00340873
-693.39933993	0.00696936
-693.36633663	0.00852697
-693.33333333	0.00825259
-693.30033003	0.00626716
-693.26732673	0.00292400
-693.23432343	-0.00075651
-693.20132013	-0.00449935
-693.16831683	-0.00766847
-693.13531353	-0.00965349
-693.10231023	-0.01065633
-693.06930693	-0.01074542
-693.03630363	-0.00987191
-693.00330033	-0.00856414
-692.97029703	-0.00700982
-692.93729373	-0.00551043
-692.90429043	-0.00391717
-692.87128713	-0.00226443
-692.83828383	-0.00091458
-692.80528053	-0.00014391
-692.77227723	-0.00037912
-692.73927393	-0.00190764
-692.70627063	-0.00441142
-692.67326733	-0.00720993
-692.64026403	-0.00967066
-692.60726073	-0.01095507
-692.57425743	-0.01074720
-692.54125413	-0.00913947
-692.50825083	-0.00670740
-692.47524752	-0.00406657
-692.44224422	-0.00187136
-692.40924092	-0.00067455
-692.37623762	-0.00070923
-692.34323432	-0.00217503
-692.31023102	-0.00468978
-692.27722772	-0.00733692
-692.24422442	-0.00978804
-692.21122112	-0.01096018
-692.17821782	-0.01086914
-692.14521452	-0.00986611
-692.11221122	-0.00850084
-692.07920792	-0.00748398
-692.04620462	-0.00729146
-692.01320132	-0.00780632
-691.98019802	-0.00897422
-691.94719472	-0.01006089
-691.91419142	-0.01093311
-691.88118812	-0.01113791
-691.84818482	-0.01074435
-691.81518152	-0.00925893
-691.78217822	-0.00677290
-691.74917492	-0.00334506
-691.71617162	0.00145194
-691.68316832	0.00710894
-691.65016502	0.01315749
-691.61716172	0.01906986
-691.58415842	0.02403674
-691.55115512	0.02724052
-691.51815182	0.02817743
-691.48514851	0.02688950
-691.45214521	0.02346353
-691.41914191	0.01878807
-691.38613861	0.01365382
-691.35313531	0.00871274
-691.32013201	0.00477568
-691.28712871	0.00189826
-691.25412541	0.00044907
-691.22112211	0.00005261
-691.18811881	0.00062778
-691.15511551	0.00205459
-691.12211221	0.00381990
-691.08910891	0.00589371
-691.05610561	0.00768598
-691.02310231	0.00902187
-690.99009901	0.01009154
-690.95709571	0.01099085
-690.92409241	0.01221606
-690.89108911	0.01361290
-690.85808581	0.01506001
-690.82508251	0.01607705
-690.79207921	0.01628427
-690.75907591	0.01562128
-690.72607261	0.01399736
-690.69306931	0.01210776
-690.66006601	0.01042851
-690.62706271	0.00852074
-690.59405941	0.00691209
-690.56105611	0.00477968
-690.52805281	0.00207368
-690.49504950	-0.00121577
-690.46204620	-0.00486000
-690.42904290	-0.00814892
-690.39603960	-0.01104608
-690.36303630	-0.01267776
-690.33003300	-0.01306995
-690.29702970	-0.01227958
-690.26402640	-0.01015870
-690.23102310	-0.00771929
-690.19801980	-0.00518026
-690.16501650	-0.00302175
-690.13201320	-0.00231806
-690.09900990	-0.00255175
-690.06600660	-0.00407350
-690.03300330	-0.00644419
-690.00000000	-0.00878447
-689.96699670	-0.01096290
-689.93399340	-0.01261724
-689.90099010	-0.01376466
-689.86798680	-0.01406475
-689.83498350	-0.01361796
-689.80198020	-0.01223247
-689.76897690	-0.01008193
-689.73597360	-0.00722287
-689.70297030	-0.00427472
-689.66996700	-0.00204890
-689.63696370	-0.00096340
-689.60396040	-0.00150534
-689.57095710	-0.00343992
-689.53795380	-0.00638627
-689.50495050	-0.00948527
-689.47194719	-0.01213053
-689.43894389	-0.01397761
-689.40594059	-0.01441595
-689.37293729	-0.01372766
-689.33993399	-0.01168134
-689.30693069	-0.00848178
-689.27392739	-0.00427052
-689.24092409	0.00029950
-689.20792079	0.00464352
-689.17491749	0.00848878
-689.14191419	0.01078650
-689.10891089	0.01154580
-689.07590759	0.01062930
-689.04290429	0.00854389
-689.00990099	0.00611328
-688.97689769	0.00389550
-688.94389439	0.00233013
-688.91089109	0.00144241
-688.87788779	0.00097049
-688.84488449	0.00046859
-688.81188119	-0.00026564
-688.77887789	-0.00080014
-688.74587459	-0.00120695
-688.71287129	-0.00118407
-688.67986799	-0.00052514
-688.64686469	0.00022411
-688.61386139	0.00088318
-688.58085809	0.00111980
-688.54785479	0.00027851
-688.51485149	-0.00109335
-688.48184818	-0.00288223
-688.44884488	-0.00496466
-688.41584158	-0.00700522
-688.38283828	-0.00886266
-688.34983498	-0.01033848
-688.31683168	-0.01178696
-688.28382838	-0.01284975
-688.25082508	-0.01329444
-688.21782178	-0.01331264
-688.18481848	-0.01252105
-688.15181518	-0.01066319
-688.11881188	-0.00778084
-688.08580858	-0.00394024
-688.05280528	0.00045246
-688.01980198	0.00475480
-687.98679868	0.00868243
-687.95379538	0.01139749
-687.92079208	0.01294361
-687.88778878	0.01306372
-687.85478548	0.01215503
-687.82178218	0.01014155
-687.78877888	0.00733929
-687.75577558	0.00405159
-687.72277228	0.00031553
-687.68976898	-0.00330629
-687.65676568	-0.00667071
-687.62376238	-0.00910819
-687.59075908	-0.01020298
-687.55775578	-0.00980554
-687.52475248	-0.00789064
-687.49174917	-0.00491457
-687.45874587	-0.00113324
-687.42574257	0.00306533
-687.39273927	0.00716222
-687.35973597	0.01069958
-687.32673267	0.01313075
-687.29372937	0.01406718
-687.26072607	0.01307288
-687.22772277	0.01046221
-687.19471947	0.00680483
-687.16171617	0.00286575
-687.12871287	-0.00045793
-687.09570957	-0.00278879
-687.06270627	-0.00412332
-687.02970297	-0.00448542
-686.99669967	-0.00449706
-686.96369637	-0.00464741
-686.93069307	-0.00497835
-686.89768977	-0.00568851
-686.86468647	-0.00663328
-686.83168317	-0.00752486
-686.79867987	-0.00811511
-686.76567657	-0.00837745
-686.73267327	-0.00820657
-686.69966997	-0.00748668
-686.66666667	-0.00703238
-686.63366337	-0.00650583
-686.60066007	-0.00680835
-686.56765677	-0.00763154
-686.53465347	-0.00923475
-686.50165017	-0.01147323
-686.46864686	-0.01374643
-686.43564356	-0.01577936
-686.40264026	-0.01681883
-686.36963696	-0.01674339
-686.33663366	-0.01557826
-686.30363036	-0.01346347
-686.27062706	-0.01115243
-686.23762376	-0.00864910
-686.20462046	-0.00631815
-686.17161716	-0.00420895
-686.13861386	-0.00201573
-686.10561056	0.00000527
-686.07260726	0.00190018
-686.03960396	0.00357632
-686.00660066	0.00450501
-685.97359736	0.00499081
-685.94059406	0.00518181
-685.90759076	0.00518755
-685.87458746	0.00510871
-685.84158416	0.00516524
-685.80858086	0.00507528
-685.77557756	0.00479642
-685.74257426	0.00507638
-685.70957096	0.00611619
-685.67656766	0.00868101
-685.64356436	0.01275524
-685.61056106	0.01769664
-685.57755776	0.02301830
-685.54455446	0.02754429
-685.51155116	0.03041856
-685.47854785	0.03154438
-685.44554455	0.03125548
-685.41254125	0.03022188
-685.37953795	0.02898402
-685.34653465	0.02826256
-685.31353135	0.02789513
-685.28052805	0.02812171
-685.24752475	0.02873608
-685.21452145	0.03008842
-685.18151815	0.03193626
-685.14851485	0.03408899
-685.11551155	0.03639378
-685.08250825	0.03818982
-685.04950495	0.03947190
-685.01650165	0.04005665
-684.98349835	0.03966435
-684.95049505	0.03863416
-684.91749175	0.03644614
-684.88448845	0.03355210
-684.85148515	0.02979804
-684.81848185	0.02546158
-684.78547855	0.02078103
-684.75247525	0.01627097
-684.71947195	0.01242346
-684.68646865	0.00912795
-684.65346535	0.00709453
-684.62046205	0.00628558
-684.58745875	0.00634665
-684.55445545	0.00725557
-684.52145215	0.00873761
-684.48844884	0.01021555
-684.45544554	0.01138014
-684.42244224	0.01193938
-684.38943894	0.01160183
-684.35643564	0.01023118
-684.32343234	0.00784634
-684.29042904	0.00484947
-684.25742574	0.00129222
-684.22442244	-0.00238258
-684.19141914	-0.00603569
-684.15841584	-0.00962564
-684.12541254	-0.01279450
-684.09240924	-0.01545135
-684.05940594	-0.01763294
-684.02640264	-0.01874184
-683.99339934	-0.01865560
-683.96039604	-0.01752676
-683.92739274	-0.01523933
-683.89438944	-0.01236508
-683.86138614	-0.00924208
-683.82838284	-0.00634662
-683.79537954	-0.00402149
-683.76237624	-0.00263160
-683.72937294	-0.00256035
-683.69636964	-0.00375221
-683.66336634	-0.00662679
-683.63036304	-0.01098906
-683.59735974	-0.01654864
-683.56435644	-0.02285320
-683.53135314	-0.02880671
-683.49834983	-0.03337314
-683.46534653	-0.03590363
-683.43234323	-0.03577945
-683.39933993	-0.03330308
-683.36633663	-0.02891123
-683.33333333	-0.02323914
-683.30033003	-0.01768750
-683.26732673	-0.01283622
-683.23432343	-0.00983133
-683.20132013	-0.00911921
-683.16831683	-0.01060131
-683.13531353	-0.01425124
-683.10231023	-0.01915604
-683.06930693	-0.02468232
-683.03630363	-0.02935138
-683.00330033	-0.03270186
-682.97029703	-0.03394210
-682.93729373	-0.03332221
-682.90429043	-0.03099577
-682.87128713	-0.02780596
-682.83828383	-0.02463866
-682.80528053	-0.02198961
-682.77227723	-0.02038066
-682.73927393	-0.01985337
-682.70627063	-0.02041485
-682.67326733	-0.02186278
-682.64026403	-0.02342997
-682.60726073	-0.02499178
-682.57425743	-0.02629017
-682.54125413	-0.02680887
-682.50825083	-0.02702519
-682.47524752	-0.02636620
-682.44224422	-0.02545783
-682.40924092	-0.02358045
-682.37623762	-0.02105547
-682.34323432	-0.01787381
-682.31023102	-0.01428858
-682.27722772	-0.01057162
-682.24422442	-0.00765493
-682.21122112	-0.00544998
-682.17821782	-0.00407707
-682.14521452	-0.00317766
-682.11221122	-0.00262536
-682.07920792	-0.00182858
-682.04620462	-0.00109053
-682.01320132	-0.00080447
-681.98019802	-0.00126500
-681.94719472	-0.00314426
-681.91419142	-0.00606471
-681.88118812	-0.00964468
-681.84818482	-0.01315586
-681.81518152	-0.01627892
-681.78217822	-0.01799521
-681.74917492	-0.01852191
-681.71617162	-0.01733947
-681.68316832	-0.01473409
-681.65016502	-0.01071936
-681.61716172	-0.00587276
-681.58415842	-0.00078789
-681.55115512	0.00365684
-681.51815182	0.00680234
-681.48514851	0.00844129
-681.45214521	0.00837093
-681.41914191	0.00745640
-681.38613861	0.00596194
-681.35313531	0.00426839
-681.32013201	0.00261199
-681.28712871	0.00086624
-681.25412541	-0.00082601
-681.22112211	-0.00255378
-681.18811881	-0.00394096
-681.15511551	-0.00458513
-681.12211221	-0.00431622
-681.08910891	-0.00313215
-681.05610561	-0.00101592
-681.02310231	0.00120814
-680.99009901	0.00346673
-680.95709571	0.00504746
-680.92409241	0.00600747
-680.89108911	0.00636020
-680.85808581	0.00623595
-680.82508251	0.00571059
-680.79207921	0.00533824
-680.75907591	0.00480398
-680.72607261	0.00443132
-680.69306931	0.00426389
-680.66006601	0.00448317
-680.62706271	0.00464089
-680.59405941	0.00510541
-680.56105611	0.00543753
-680.52805281	0.00566298
-680.49504950	0.00598732
-680.46204620	0.00668702
-680.42904290	0.00760326
-680.39603960	0.00929260
-680.36303630	0.01135426
-680.33003300	0.01359935
-680.29702970	0.01528101
-680.26402640	0.01625062
-680.23102310	0.01600806
-680.19801980	0.01469058
-680.16501650	0.01221739
-680.13201320	0.00924006
-680.09900990	0.00606061
-680.06600660	0.00283538
-680.03300330	0.00000070
-680.00000000	-0.00229044
-679.96699670	-0.00363653
-679.93399340	-0.00371891
-679.90099010	-0.00243003
-679.86798680	0.00032003
-679.83498350	0.00427854
-679.80198020	0.00883617
-679.76897690	0.01354006
-679.73597360	0.01809257
-679.70297030	0.02197293
-679.66996700	0.02523705
-679.63696370	0.02768540
-679.60396040	0.02904413
-679.57095710	0.02933240
-679.53795380	0.02830015
-679.50495050	0.02606351
-679.47194719	0.02292241
-679.43894389	0.01904470
-679.40594059	0.01512148
-679.37293729	0.01144846
-679.33993399	0.00864474
-679.30693069	0.00672556
-679.27392739	0.00583325
-679.24092409	0.00593266
-679.20792079	0.00689253
-679.17491749	0.00854412
-679.14191419	0.01052771
-679.10891089	0.01264545
-679.07590759	0.01428963
-679.04290429	0.01575049
-679.00990099	0.01630484
-678.97689769	0.01686759
-678.94389439	0.01686137
-678.91089109	0.01683160
-678.87788779	0.01684186
-678.84488449	0.01711020
-678.81188119	0.01750562
-678.77887789	0.01864525
-678.74587459	0.02007024
-678.71287129	0.02170847
-678.67986799	0.02297965
-678.64686469	0.02337826
-678.61386139	0.02249784
-678.58085809	0.02048752
-678.54785479	0.01730511
-678.51485149	0.01367553
-678.48184818	0.00969575
-678.44884488	0.00576654
-678.41584158	0.00194308
-678.38283828	-0.00179207
-678.34983498	-0.00551258
-678.31683168	-0.00882120
-678.28382838	-0.01197724
-678.25082508	-0.01466126
-678.21782178	-0.01670694
-678.18481848	-0.01801292
-678.15181518	-0.01815802
-678.11881188	-0.01696900
-678.08580858	-0.01416776
-678.05280528	-0.00996038
-678.01980198	-0.00467923
-677.98679868	0.00067688
-677.95379538	0.00552024
-677.92079208	0.00851126
-677.88778878	0.00972559
-677.85478548	0.00851254
-677.82178218	0.00541227
-677.78877888	0.00105943
-677.75577558	-0.00418620
-677.72277228	-0.00935290
-677.68976898	-0.01390890
-677.65676568	-0.01719725
-677.62376238	-0.01897249
-677.59075908	-0.01924166
-677.55775578	-0.01829893
-677.52475248	-0.01650685
-677.49174917	-0.01436845
-677.45874587	-0.01200758
-677.42574257	-0.00931647
-677.39273927	-0.00674153
-677.35973597	-0.00387281
-677.32673267	-0.00132387
-677.29372937	0.00110011
-677.26072607	0.00309451
-677.22772277	0.00459026
-677.19471947	0.00526796
-677.16171617	0.00554097
-677.12871287	0.00537707
-677.09570957	0.00512581
-677.06270627	0.00495643
-677.02970297	0.00537323
-676.99669967	0.00600346
-676.96369637	0.00725761
-676.93069307	0.00809779
-676.89768977	0.00917165
-676.86468647	0.00926616
-676.83168317	0.00899776
-676.79867987	0.00797754
-676.76567657	0.00661426
-676.73267327	0.00467505
-676.69966997	0.00293107
-676.66666667	0.00074479
-676.63366337	-0.00112454
-676.60066007	-0.00334705
-676.56765677	-0.00531402
-676.53465347	-0.00762148
-676.50165017	-0.00962949
-676.46864686	-0.01185501
-676.43564356	-0.01353540
-676.40264026	-0.01453608
-676.36963696	-0.01414236
-676.33663366	-0.01238409
-676.30363036	-0.00917090
-676.27062706	-0.00491025
-676.23762376	-0.00040601
-676.20462046	0.00382079
-676.17161716	0.00749837
-676.13861386	0.01001420
-676.10561056	0.01173046
-676.07260726	0.01202185
-676.03960396	0.01143278
-676.00660066	0.00984240
-675.97359736	0.00766946
-675.94059406	0.00507596
-675.90759076	0.00301284
-675.87458746	0.00138311
-675.84158416	0.00078467
-675.80858086	0.00074566
-675.77557756	0.00131729
-675.74257426	0.00199994
-675.70957096	0.00263471
-675.67656766	0.00298434
-675.64356436	0.00315330
-675.61056106	0.00322176
-675.57755776	0.00325361
-675.54455446	0.00329448
-675.51155116	0.00331096
-675.47854785	0.00335885
-675.44554455	0.00394735
-675.41254125	0.00466425
-675.37953795	0.00621381
-675.34653465	0.00792211
-675.31353135	0.00997912
-675.28052805	0.01161926
-675.24752475	0.01277067
-675.21452145	0.01320753
-675.18151815	0.01259590
-675.14851485	0.01143455
-675.11551155	0.00961017
-675.08250825	0.00751703
-675.04950495	0.00539098
-675.01650165	0.00319650
-674.98349835	0.00123222
-674.95049505	-0.00075345
-674.91749175	-0.00269049
-674.88448845	-0.00459828
-674.85148515	-0.00632907
-674.81848185	-0.00789477
-674.78547855	-0.00930335
-674.75247525	-0.01026883
-674.71947195	-0.01127475
-674.68646865	-0.01177752
-674.65346535	-0.01182405
-674.62046205	-0.01147641
-674.58745875	-0.01028343
-674.55445545	-0.00840057
-674.52145215	-0.00604054
-674.48844884	-0.00322706
-674.45544554	-0.00077319
-674.42244224	0.00129995
-674.38943894	0.00239864
-674.35643564	0.00251684
-674.32343234	0.00152588
-674.29042904	-0.00011165
-674.25742574	-0.00244681
-674.22442244	-0.00499548
-674.19141914	-0.00725226
-674.15841584	-0.00910991
-674.12541254	-0.00995286
-674.09240924	-0.01005344
-674.05940594	-0.00886801
-674.02640264	-0.00664930
-673.99339934	-0.00380880
-673.96039604	-0.00024777
-673.92739274	0.00319090
-673.89438944	0.00651032
-673.86138614	0.00883556
-673.82838284	0.01017438
-673.79537954	0.01013433
-673.76237624	0.00912535
-673.72937294	0.00722629
-673.69636964	0.00524073
-673.66336634	0.00345059
-673.63036304	0.00225368
-673.59735974	0.00167276
-673.56435644	0.00163046
-673.53135314	0.00170222
-673.49834983	0.00173266
-673.46534653	0.00128751
-673.43234323	0.00054266
-673.39933993	-0.00089250
-673.36633663	-0.00254871
-673.33333333	-0.00453298
-673.30033003	-0.00657709
-673.26732673	-0.00877532
-673.23432343	-0.01100952
-673.20132013	-0.01288012
-673.16831683	-0.01505159
-673.13531353	-0.01662362
-673.10231023	-0.01822770
-673.06930693	-0.01932301
-673.03630363	-0.02014296
-673.00330033	-0.02096134
-672.97029703	-0.02156158
-672.93729373	-0.02252071
-672.90429043	-0.02339883
-672.87128713	-0.02440948
-672.83828383	-0.02497297
-672.80528053	-0.02514650
-672.77227723	-0.02442530
-672.73927393	-0.02298030
-672.70627063	-0.02089292
-672.67326733	-0.01826654
-672.64026403	-0.01550845
-672.60726073	-0.01281273
-672.57425743	-0.01047168
-672.54125413	-0.00832627
-672.50825083	-0.00668472
-672.47524752	-0.00514616
-672.44224422	-0.00381714
-672.40924092	-0.00224839
-672.37623762	-0.00072974
-672.34323432	0.00108393
-672.31023102	0.00311085
-672.27722772	0.00515936
-672.24422442	0.00683153
-672.21122112	0.00824695
-672.17821782	0.00863212
-672.14521452	0.00843038
-672.11221122	0.00727118
-672.07920792	0.00534471
-672.04620462	0.00304033
-672.01320132	0.00054647
-671.98019802	-0.00181106
-671.94719472	-0.00401517
-671.91419142	-0.00615223
-671.88118812	-0.00822722
-671.84818482	-0.01029695
-671.81518152	-0.01196016
-671.78217822	-0.01347613
-671.74917492	-0.01396207
-671.71617162	-0.01395691
-671.68316832	-0.01330726
-671.65016502	-0.01217840
-671.61716172	-0.01110649
-671.58415842	-0.01027084
-671.55115512	-0.00963654
-671.51815182	-0.00966406
-671.48514851	-0.01016156
-671.45214521	-0.01114838
-671.41914191	-0.01224905
-671.38613861	-0.01360967
-671.35313531	-0.01466954
-671.32013201	-0.01555093
-671.28712871	-0.01582230
-671.25412541	-0.01577727
-671.22112211	-0.01509146
-671.18811881	-0.01400397
-671.15511551	-0.01260185
-671.12211221	-0.01106383
-671.08910891	-0.00962925
-671.05610561	-0.00835356
-671.02310231	-0.00744000
-670.99009901	-0.00680545
-670.95709571	-0.00654000
-670.92409241	-0.00620547
-670.89108911	-0.00591662
-670.85808581	-0.00539176
-670.82508251	-0.00475104
-670.79207921	-0.00390803
-670.75907591	-0.00315076
-670.72607261	-0.00224401
-670.69306931	-0.00138141
-670.66006601	-0.00000091
-670.62706271	0.00175374
-670.59405941	0.00428384
-670.56105611	0.00738160
-670.52805281	0.01099034
-670.49504950	0.01500148
-670.46204620	0.01912531
-670.42904290	0.02287641
-670.39603960	0.02633711
-670.36303630	0.02916258
-670.33003300	0.03094612
-670.29702970	0.03188136
-670.26402640	0.03131289
-670.23102310	0.02980509
-670.19801980	0.02684955
-670.16501650	0.02316683
-670.13201320	0.01887660
-670.09900990	0.01477784
-670.06600660	0.01105410
-670.03300330	0.00804622
-670.00000000	0.00574077
-669.96699670	0.00404905
-669.93399340	0.00261143
-669.90099010	0.00113875
-669.86798680	-0.00040542
-669.83498350	-0.00195408
-669.80198020	-0.00374989
-669.76897690	-0.00537746
-669.73597360	-0.00715494
-669.70297030	-0.00880354
-669.66996700	-0.01042364
-669.63696370	-0.01161920
-669.60396040	-0.01206284
-669.57095710	-0.01165411
-669.53795380	-0.00990433
-669.50495050	-0.00698553
-669.47194719	-0.00311222
-669.43894389	0.00138782
-669.40594059	0.00619915
-669.37293729	0.01073179
-669.33993399	0.01501078
-669.30693069	0.01846696
-669.27392739	0.02093690
-669.24092409	0.02237763
-669.20792079	0.02255057
-669.17491749	0.02170820
-669.14191419	0.01998390
-669.10891089	0.01789471
-669.07590759	0.01555742
-669.04290429	0.01302293
-669.00990099	0.01080778
-668.97689769	0.00876046
-668.94389439	0.00696494
-668.91089109	0.00529328
-668.87788779	0.00392722
-668.84488449	0.00263853
-668.81188119	0.00116550
-668.77887789	-0.00014324
-668.74587459	-0.00147108
-668.71287129	-0.00269196
-668.67986799	-0.00372546
-668.64686469	-0.00456447
-668.61386139	-0.00521987
-668.58085809	-0.00603950
-668.54785479	-0.00697419
-668.51485149	-0.00817232
-668.48184818	-0.00943528
-668.44884488	-0.01079450
-668.41584158	-0.01179322
-668.38283828	-0.01217316
-668.34983498	-0.01212254
-668.31683168	-0.01107828
-668.28382838	-0.00954716
-668.25082508	-0.00759072
-668.21782178	-0.00540285
-668.18481848	-0.00294971
-668.15181518	-0.00072368
-668.11881188	0.00123720
-668.08580858	0.00281937
-668.05280528	0.00428792
-668.01980198	0.00540668
-667.98679868	0.00689286
-667.95379538	0.00830754
-667.92079208	0.00999670
-667.88778878	0.01170911
-667.85478548	0.01313045
-667.82178218	0.01443206
-667.78877888	0.01476278
-667.75577558	0.01476873
-667.72277228	0.01426410
-667.68976898	0.01339459
-667.65676568	0.01248163
-667.62376238	0.01181731
-667.59075908	0.01148643
-667.55775578	0.01151517
-667.52475248	0.01162737
-667.49174917	0.01188836
-667.45874587	0.01185249
-667.42574257	0.01154879
-667.39273927	0.01090780
-667.35973597	0.01001346
-667.32673267	0.00897570
-667.29372937	0.00795536
-667.26072607	0.00684198
-667.22772277	0.00594843
-667.19471947	0.00463559
-667.16171617	0.00336231
-667.12871287	0.00196741
-667.09570957	0.00051450
-667.06270627	-0.00092574
-667.02970297	-0.00234548
-666.99669967	-0.00363269
-666.96369637	-0.00466319
-666.93069307	-0.00583105
-666.89768977	-0.00696985
-666.86468647	-0.00819353
-666.83168317	-0.00931899
-666.79867987	-0.01015402
-666.76567657	-0.01060447
-666.73267327	-0.01035873
-666.69966997	-0.00938603
-666.66666667	-0.00784012
-666.63366337	-0.00588700
-666.60066007	-0.00391248
-666.56765677	-0.00196913
-666.53465347	-0.00057696
-666.50165017	0.00030068
-666.46864686	0.00100791
-666.43564356	0.00137374
-666.40264026	0.00181765
-666.36963696	0.00229166
-666.33663366	0.00285525
-666.30363036	0.00421646
-666.27062706	0.00586222
-666.23762376	0.00817613
-666.20462046	0.01082531
-666.17161716	0.01325752
-666.13861386	0.01538718
-666.10561056	0.01637913
-666.07260726	0.01614757
-666.03960396	0.01462637
-666.00660066	0.01199258
-665.97359736	0.00844841
-665.94059406	0.00446973
-665.90759076	0.00021847
-665.87458746	-0.00370511
-665.84158416	-0.00711875
-665.80858086	-0.00981252
-665.77557756	-0.01170168
-665.74257426	-0.01263110
-665.70957096	-0.01301842
-665.67656766	-0.01293677
-665.64356436	-0.01267600
-665.61056106	-0.01240601
-665.57755776	-0.01215781
-665.54455446	-0.01193319
-665.51155116	-0.01186490
-665.47854785	-0.01181196
-665.44554455	-0.01146898
-665.41254125	-0.01102201
-665.37953795	-0.01011283
-665.34653465	-0.00874876
-665.31353135	-0.00703184
-665.28052805	-0.00498576
-665.24752475	-0.00287899
-665.21452145	-0.00093456
-665.18151815	0.00084845
-665.14851485	0.00213985
-665.11551155	0.00314337
-665.08250825	0.00389625
-665.04950495	0.00428524
-665.01650165	0.00387433
-664.98349835	0.00310066
-664.95049505	0.00192753
-664.91749175	0.00052580
-664.88448845	-0.00093668
-664.85148515	-0.00182464
-664.81848185	-0.00222614
-664.78547855	-0.00174276
-664.75247525	-0.00089103
-664.71947195	0.00035198
-664.68646865	0.00164731
-664.65346535	0.00281814
-664.62046205	0.00355538
-664.58745875	0.00380253
-664.55445545	0.00365088
-664.52145215	0.00282895
-664.48844884	0.00147798
-664.45544554	0.00004867
-664.42244224	-0.00131011
-664.38943894	-0.00242809
-664.35643564	-0.00301527
-664.32343234	-0.00285375
-664.29042904	-0.00222844
-664.25742574	-0.00113366
-664.22442244	0.00033623
-664.19141914	0.00192462
-664.15841584	0.00332941
-664.12541254	0.00472195
-664.09240924	0.00587514
-664.05940594	0.00650556
-664.02640264	0.00657191
-663.99339934	0.00598576
-663.96039604	0.00483544
-663.92739274	0.00281083
-663.89438944	0.00042317
-663.86138614	-0.00245171
-663.82838284	-0.00540309
-663.79537954	-0.00814548
-663.76237624	-0.01033502
-663.72937294	-0.01185733
-663.69636964	-0.01258432
-663.66336634	-0.01275744
-663.63036304	-0.01252515
-663.59735974	-0.01186812
-663.56435644	-0.01082032
-663.53135314	-0.00934125
-663.49834983	-0.00739267
-663.46534653	-0.00515345
-663.43234323	-0.00260217
-663.39933993	-0.00033785
-663.36633663	0.00159390
-663.33333333	0.00287310
-663.30033003	0.00326815
-663.26732673	0.00268657
-663.23432343	0.00123706
-663.20132013	-0.00087794
-663.16831683	-0.00312865
-663.13531353	-0.00533022
-663.10231023	-0.00718387
-663.06930693	-0.00845588
-663.03630363	-0.00927870
-663.00330033	-0.00967084
-662.97029703	-0.00962155
-662.93729373	-0.00953955
-662.90429043	-0.00927097
-662.87128713	-0.00889830
-662.83828383	-0.00848315
-662.80528053	-0.00829592
-662.77227723	-0.00831818
-662.73927393	-0.00864485
-662.70627063	-0.00869726
-662.67326733	-0.00854105
-662.64026403	-0.00767707
-662.60726073	-0.00591948
-662.57425743	-0.00316397
-662.54125413	0.00053118
-662.50825083	0.00473184
-662.47524752	0.00912244
-662.44224422	0.01332097
-662.40924092	0.01679570
-662.37623762	0.01888907
-662.34323432	0.01954166
-662.31023102	0.01843285
-662.27722772	0.01597545
-662.24422442	0.01238596
-662.21122112	0.00841803
-662.17821782	0.00421103
-662.14521452	0.00018333
-662.11221122	-0.00365644
-662.07920792	-0.00715622
-662.04620462	-0.01031343
-662.01320132	-0.01290452
-661.98019802	-0.01485208
-661.94719472	-0.01618008
-661.91419142	-0.01686925
-661.88118812	-0.01677428
-661.84818482	-0.01598355
-661.81518152	-0.01462905
-661.78217822	-0.01263900
-661.74917492	-0.01032291
-661.71617162	-0.00794895
-661.68316832	-0.00566251
-661.65016502	-0.00387777
-661.61716172	-0.00258181
-661.58415842	-0.00194216
-661.55115512	-0.00176429
-661.51815182	-0.00200329
-661.48514851	-0.00255702
-661.45214521	-0.00315294
-661.41914191	-0.00369099
-661.38613861	-0.00400944
-661.35313531	-0.00389151
-661.32013201	-0.00320240
-661.28712871	-0.00195200
-661.25412541	-0.00022344
-661.22112211	0.00190244
-661.18811881	0.00401803
-661.15511551	0.00610611
-661.12211221	0.00776882
-661.08910891	0.00892294
-661.05610561	0.00949679
-661.02310231	0.00948682
-660.99009901	0.00883548
-660.95709571	0.00794799
-660.92409241	0.00687547
-660.89108911	0.00587220
-660.85808581	0.00518421
-660.82508251	0.00478969
-660.79207921	0.00480699
-660.75907591	0.00537258
-660.72607261	0.00633527
-660.69306931	0.00776326
-660.66006601	0.00919689
-660.62706271	0.01065741
-660.59405941	0.01185583
-660.56105611	0.01222751
-660.52805281	0.01187388
-660.49504950	0.01062867
-660.46204620	0.00850576
-660.42904290	0.00583764
-660.39603960	0.00298475
-660.36303630	-0.00009604
-660.33003300	-0.00304477
-660.29702970	-0.00577524
-660.26402640	-0.00824101
-660.23102310	-0.01024731
-660.19801980	-0.01188778
-660.16501650	-0.01303090
-660.13201320	-0.01338111
-660.09900990	-0.01291670
-660.06600660	-0.01170633
-660.03300330	-0.00972310
-660.00000000	-0.00715759
