# Menlo Systems GmbH ScanControl
# Program Version 1.14.3
# Start: -740.00000000 ps, Average over 1000 waveforms. Timestamp: 2026-02-03T16:05:57
# User time axis shift: 0 ps
# Time axis offset: 0 ps
# Time [ps]	THz Signal [a.u.]
-740.00000000	-0.00022437
-739.96699670	-0.00010082
-739.93399340	-0.00012595
-739.90099010	-0.00020557
-739.86798680	-0.00003166
-739.83498350	-0.00001847
-739.80198020	-0.00004333
-739.76897690	-0.00006032
-739.73597360	-0.00007930
-739.70297030	-0.00006425
-739.66996700	-0.00001589
-739.63696370	0.00000840
-739.60396040	0.00000182
-739.57095710	0.00005116
-739.53795380	0.00006585
-739.50495050	0.00002235
-739.47194719	0.00007541
-739.43894389	0.00006172
-739.40594059	0.00002247
-739.37293729	-0.00003977
-739.33993399	0.00013719
-739.30693069	0.00013417
-739.27392739	-0.00002203
-739.24092409	0.00008786
-739.20792079	0.00005851
-739.17491749	0.00013130
-739.14191419	0.00010860
-739.10891089	-0.00006151
-739.07590759	0.00002882
-739.04290429	0.00009763
-739.00990099	0.00007085
-738.97689769	0.00003552
-738.94389439	-0.00004247
-738.91089109	-0.00001722
-738.87788779	0.00004515
-738.84488449	0.00008324
-738.81188119	0.00006076
-738.77887789	0.00008781
-738.74587459	0.00007765
-738.71287129	0.00007762
-738.67986799	0.00001796
-738.64686469	0.00002283
-738.61386139	0.00004062
-738.58085809	-0.00000496
-738.54785479	0.00000145
-738.51485149	0.00000509
-738.48184818	0.00000132
-738.44884488	0.00009562
-738.41584158	-0.00002007
-738.38283828	0.00005061
-738.34983498	0.00010895
-738.31683168	0.00004562
-738.28382838	0.00002441
-738.25082508	0.00010615
-738.21782178	0.00012137
-738.18481848	0.00009645
-738.15181518	0.00003176
-738.11881188	0.00012455
-738.08580858	0.00013114
-738.05280528	0.00008766
-738.01980198	0.00002385
-737.98679868	0.00003718
-737.95379538	0.00006274
-737.92079208	0.00006307
-737.88778878	0.00008089
-737.85478548	0.00012725
-737.82178218	0.00015704
-737.78877888	0.00017631
-737.75577558	0.00015612
-737.72277228	0.00008839
-737.68976898	0.00014355
-737.65676568	0.00017671
-737.62376238	0.00020760
-737.59075908	0.00021126
-737.55775578	0.00030690
-737.52475248	0.00026676
-737.49174917	0.00035755
-737.45874587	0.00029174
-737.42574257	0.00030645
-737.39273927	0.00045534
-737.35973597	0.00054527
-737.32673267	0.00059864
-737.29372937	0.00071135
-737.26072607	0.00065354
-737.22772277	0.00067810
-737.19471947	0.00067940
-737.16171617	0.00072112
-737.12871287	0.00087170
-737.09570957	0.00085357
-737.06270627	0.00085439
-737.02970297	0.00093594
-736.99669967	0.00091488
-736.96369637	0.00097167
-736.93069307	0.00080017
-736.89768977	0.00088196
-736.86468647	0.00077941
-736.83168317	0.00078017
-736.79867987	0.00069417
-736.76567657	0.00062601
-736.73267327	0.00040183
-736.69966997	0.00036994
-736.66666667	0.00026585
-736.63366337	0.00008092
-736.60066007	-0.00018892
-736.56765677	-0.00034521
-736.53465347	-0.00059447
-736.50165017	-0.00082333
-736.46864686	-0.00110519
-736.43564356	-0.00131081
-736.40264026	-0.00156153
-736.36963696	-0.00184524
-736.33663366	-0.00205865
-736.30363036	-0.00212550
-736.27062706	-0.00231428
-736.23762376	-0.00233066
-736.20462046	-0.00246157
-736.17161716	-0.00251023
-736.13861386	-0.00259752
-736.10561056	-0.00257035
-736.07260726	-0.00266404
-736.03960396	-0.00269577
-736.00660066	-0.00277709
-735.97359736	-0.00272885
-735.94059406	-0.00264606
-735.90759076	-0.00239833
-735.87458746	-0.00219941
-735.84158416	-0.00173745
-735.80858086	-0.00136823
-735.77557756	-0.00075648
-735.74257426	-0.00021367
-735.70957096	0.00035091
-735.67656766	0.00094953
-735.64356436	0.00156981
-735.61056106	0.00190170
-735.57755776	0.00217299
-735.54455446	0.00235155
-735.51155116	0.00259326
-735.47854785	0.00260313
-735.44554455	0.00235650
-735.41254125	0.00229194
-735.37953795	0.00209628
-735.34653465	0.00181615
-735.31353135	0.00145733
-735.28052805	0.00132202
-735.24752475	0.00112850
-735.21452145	0.00087882
-735.18151815	0.00068218
-735.14851485	0.00057197
-735.11551155	0.00044412
-735.08250825	0.00035422
-735.04950495	0.00036414
-735.01650165	0.00035565
-734.98349835	0.00021223
-734.95049505	0.00014930
-734.91749175	0.00012579
-734.88448845	0.00022463
-734.85148515	0.00014981
-734.81848185	0.00013665
-734.78547855	0.00002096
-734.75247525	0.00017718
-734.71947195	0.00008979
-734.68646865	-0.00005359
-734.65346535	0.00002846
-734.62046205	-0.00007495
-734.58745875	-0.00006094
-734.55445545	-0.00004185
-734.52145215	-0.00024957
-734.48844884	-0.00008091
-734.45544554	-0.00009491
-734.42244224	-0.00017457
-734.38943894	-0.00010874
-734.35643564	-0.00006680
-734.32343234	0.00008671
-734.29042904	0.00000965
-734.25742574	0.00001648
-734.22442244	0.00008154
-734.19141914	0.00015782
-734.15841584	0.00017743
-734.12541254	0.00014966
-734.09240924	0.00022958
-734.05940594	0.00028562
-734.02640264	0.00013040
-733.99339934	0.00016604
-733.96039604	0.00032717
-733.92739274	0.00018936
-733.89438944	0.00026535
-733.86138614	0.00025724
-733.82838284	0.00027678
-733.79537954	0.00025854
-733.76237624	0.00034564
-733.72937294	0.00036521
-733.69636964	0.00029810
-733.66336634	0.00039399
-733.63036304	0.00041860
-733.59735974	0.00042534
-733.56435644	0.00032989
-733.53135314	0.00041559
-733.49834983	0.00047023
-733.46534653	0.00037648
-733.43234323	0.00038314
-733.39933993	0.00037053
-733.36633663	0.00030937
-733.33333333	0.00034967
-733.30033003	0.00039363
-733.26732673	0.00032367
-733.23432343	0.00023413
-733.20132013	0.00036845
-733.16831683	0.00033163
-733.13531353	0.00034925
-733.10231023	0.00027544
-733.06930693	0.00035020
-733.03630363	0.00042050
-733.00330033	0.00029092
-732.97029703	0.00043126
-732.93729373	0.00044325
-732.90429043	0.00053860
-732.87128713	0.00050484
-732.83828383	0.00057579
-732.80528053	0.00062146
-732.77227723	0.00075819
-732.73927393	0.00075233
-732.70627063	0.00076611
-732.67326733	0.00093719
-732.64026403	0.00095710
-732.60726073	0.00102957
-732.57425743	0.00112978
-732.54125413	0.00115150
-732.50825083	0.00128662
-732.47524752	0.00135754
-732.44224422	0.00140033
-732.40924092	0.00155472
-732.37623762	0.00163904
-732.34323432	0.00176094
-732.31023102	0.00179898
-732.27722772	0.00190900
-732.24422442	0.00197153
-732.21122112	0.00208269
-732.17821782	0.00204124
-732.14521452	0.00212510
-732.11221122	0.00194754
-732.07920792	0.00181488
-732.04620462	0.00140177
-732.01320132	0.00099612
-731.98019802	0.00028706
-731.94719472	-0.00064527
-731.91419142	-0.00152716
-731.88118812	-0.00279729
-731.84818482	-0.00403412
-731.81518152	-0.00520550
-731.78217822	-0.00634725
-731.74917492	-0.00707213
-731.71617162	-0.00756386
-731.68316832	-0.00756692
-731.65016502	-0.00730301
-731.61716172	-0.00647238
-731.58415842	-0.00543111
-731.55115512	-0.00416205
-731.51815182	-0.00267383
-731.48514851	-0.00135594
-731.45214521	-0.00016196
-731.41914191	0.00091162
-731.38613861	0.00164413
-731.35313531	0.00230670
-731.32013201	0.00276948
-731.28712871	0.00293970
-731.25412541	0.00301954
-731.22112211	0.00304566
-731.18811881	0.00300456
-731.15511551	0.00270586
-731.12211221	0.00255864
-731.08910891	0.00231707
-731.05610561	0.00209081
-731.02310231	0.00195392
-730.99009901	0.00180366
-730.95709571	0.00158601
-730.92409241	0.00155018
-730.89108911	0.00140855
-730.85808581	0.00119373
-730.82508251	0.00110721
-730.79207921	0.00100444
-730.75907591	0.00093846
-730.72607261	0.00092807
-730.69306931	0.00084991
-730.66006601	0.00081152
-730.62706271	0.00072849
-730.59405941	0.00066157
-730.56105611	0.00060402
-730.52805281	0.00055009
-730.49504950	0.00035238
-730.46204620	0.00039622
-730.42904290	0.00028510
-730.39603960	0.00010090
-730.36303630	0.00006700
-730.33003300	-0.00003005
-730.29702970	-0.00010063
-730.26402640	-0.00008362
-730.23102310	-0.00004254
-730.19801980	-0.00013785
-730.16501650	0.00005771
-730.13201320	0.00008169
-730.09900990	0.00008575
-730.06600660	0.00021077
-730.03300330	0.00021909
-730.00000000	0.00014754
-729.96699670	0.00027000
-729.93399340	0.00020449
-729.90099010	0.00015799
-729.86798680	-0.00000233
-729.83498350	0.00014330
-729.80198020	-0.00002067
-729.76897690	-0.00007919
-729.73597360	-0.00003789
-729.70297030	-0.00008979
-729.66996700	-0.00009430
-729.63696370	-0.00004959
-729.60396040	-0.00001797
-729.57095710	0.00003751
-729.53795380	0.00017670
-729.50495050	0.00032845
-729.47194719	0.00024794
-729.43894389	0.00039065
-729.40594059	0.00033322
-729.37293729	0.00038345
-729.33993399	0.00021046
-729.30693069	0.00005003
-729.27392739	-0.00024840
-729.24092409	-0.00054575
-729.20792079	-0.00080638
-729.17491749	-0.00123174
-729.14191419	-0.00167627
-729.10891089	-0.00209127
-729.07590759	-0.00240511
-729.04290429	-0.00276027
-729.00990099	-0.00298767
-728.97689769	-0.00323991
-728.94389439	-0.00331144
-728.91089109	-0.00344464
-728.87788779	-0.00339251
-728.84488449	-0.00366830
-728.81188119	-0.00383026
-728.77887789	-0.00436523
-728.74587459	-0.00486322
-728.71287129	-0.00577603
-728.67986799	-0.00680322
-728.64686469	-0.00796331
-728.61386139	-0.00937805
-728.58085809	-0.01045095
-728.54785479	-0.01169098
-728.51485149	-0.01209063
-728.48184818	-0.01244471
-728.44884488	-0.01181312
-728.41584158	-0.01055936
-728.38283828	-0.00862246
-728.34983498	-0.00613051
-728.31683168	-0.00330469
-728.28382838	-0.00053251
-728.25082508	0.00196729
-728.21782178	0.00388981
-728.18481848	0.00521282
-728.15181518	0.00576439
-728.11881188	0.00565365
-728.08580858	0.00521629
-728.05280528	0.00451823
-728.01980198	0.00392679
-727.98679868	0.00357715
-727.95379538	0.00350250
-727.92079208	0.00362770
-727.88778878	0.00416321
-727.85478548	0.00468642
-727.82178218	0.00537243
-727.78877888	0.00605978
-727.75577558	0.00642398
-727.72277228	0.00686816
-727.68976898	0.00685536
-727.65676568	0.00646102
-727.62376238	0.00585024
-727.59075908	0.00488007
-727.55775578	0.00380202
-727.52475248	0.00254405
-727.49174917	0.00116266
-727.45874587	-0.00009438
-727.42574257	-0.00129075
-727.39273927	-0.00239176
-727.35973597	-0.00340199
-727.32673267	-0.00435704
-727.29372937	-0.00504790
-727.26072607	-0.00568611
-727.22772277	-0.00641222
-727.19471947	-0.00715569
-727.16171617	-0.00824245
-727.12871287	-0.00955144
-727.09570957	-0.01140452
-727.06270627	-0.01365325
-727.02970297	-0.01647569
-726.99669967	-0.01952286
-726.96369637	-0.02288041
-726.93069307	-0.02609885
-726.89768977	-0.02889297
-726.86468647	-0.03078508
-726.83168317	-0.03146346
-726.79867987	-0.03056641
-726.76567657	-0.02805069
-726.73267327	-0.02392141
-726.69966997	-0.01837281
-726.66666667	-0.01203497
-726.63366337	-0.00558953
-726.60066007	0.00048223
-726.56765677	0.00533080
-726.53465347	0.00868783
-726.50165017	0.01038581
-726.46864686	0.01079672
-726.43564356	0.00983828
-726.40264026	0.00845789
-726.36963696	0.00675388
-726.33663366	0.00507944
-726.30363036	0.00359515
-726.27062706	0.00222471
-726.23762376	0.00119541
-726.20462046	0.00040561
-726.17161716	-0.00022762
-726.13861386	-0.00034266
-726.10561056	-0.00022431
-726.07260726	0.00022725
-726.03960396	0.00094429
-726.00660066	0.00165052
-725.97359736	0.00253918
-725.94059406	0.00327520
-725.90759076	0.00436701
-725.87458746	0.00530623
-725.84158416	0.00675739
-725.80858086	0.00818120
-725.77557756	0.00999559
-725.74257426	0.01180549
-725.70957096	0.01387580
-725.67656766	0.01616583
-725.64356436	0.01863776
-725.61056106	0.02142103
-725.57755776	0.02462537
-725.54455446	0.02817164
-725.51155116	0.03239871
-725.47854785	0.03724232
-725.44554455	0.04272495
-725.41254125	0.04897208
-725.37953795	0.05613678
-725.34653465	0.06394154
-725.31353135	0.07233663
-725.28052805	0.08166486
-725.24752475	0.09139773
-725.21452145	0.10171059
-725.18151815	0.11218358
-725.14851485	0.12303655
-725.11551155	0.13368764
-725.08250825	0.14418225
-725.04950495	0.15456687
-725.01650165	0.16451446
-724.98349835	0.17468539
-724.95049505	0.18461720
-724.91749175	0.19510892
-724.88448845	0.20633449
-724.85148515	0.21886996
-724.81848185	0.23313859
-724.78547855	0.24987076
-724.75247525	0.26977191
-724.71947195	0.29276514
-724.68646865	0.32017010
-724.65346535	0.35154472
-724.62046205	0.38725238
-724.58745875	0.42658022
-724.55445545	0.46919269
-724.52145215	0.51359491
-724.48844884	0.55863857
-724.45544554	0.60201539
-724.42244224	0.64148063
-724.38943894	0.67435388
-724.35643564	0.69747438
-724.32343234	0.70800794
-724.29042904	0.70303216
-724.25742574	0.68034080
-724.22442244	0.63861438
-724.19141914	0.57724478
-724.15841584	0.49743519
-724.12541254	0.40184448
-724.09240924	0.29391662
-724.05940594	0.17882830
-724.02640264	0.06164969
-723.99339934	-0.05244152
-723.96039604	-0.15980547
-723.92739274	-0.25841594
-723.89438944	-0.34969115
-723.86138614	-0.43762242
-723.82838284	-0.52982770
-723.79537954	-0.63598041
-723.76237624	-0.76709760
-723.72937294	-0.93343448
-723.69636964	-1.14364172
-723.66336634	-1.40224928
-723.63036304	-1.70727871
-723.59735974	-2.04926717
-723.56435644	-2.40767119
-723.53135314	-2.75359051
-723.49834983	-3.05039630
-723.46534653	-3.25854648
-723.43234323	-3.34149249
-723.39933993	-3.27052450
-723.36633663	-3.02851117
-723.33333333	-2.61685013
-723.30033003	-2.05981755
-723.26732673	-1.40101609
-723.23432343	-0.69691414
-723.20132013	-0.00999743
-723.16831683	0.60581504
-723.13531353	1.11103422
-723.10231023	1.48824495
-723.06930693	1.74168556
-723.03630363	1.88918206
-723.00330033	1.95302943
-722.97029703	1.95299000
-722.93729373	1.90346292
-722.90429043	1.81433486
-722.87128713	1.69448071
-722.83828383	1.55462253
-722.80528053	1.40851941
-722.77227723	1.26856747
-722.73927393	1.14339420
-722.70627063	1.03358535
-722.67326733	0.93454415
-722.64026403	0.83909006
-722.60726073	0.74406774
-722.57425743	0.65105551
-722.54125413	0.56515827
-722.50825083	0.49213902
-722.47524752	0.43334960
-722.44224422	0.38645101
-722.40924092	0.34586680
-722.37623762	0.30661194
-722.34323432	0.26652668
-722.31023102	0.22501869
-722.27722772	0.18297234
-722.24422442	0.13987898
-722.21122112	0.09547355
-722.17821782	0.05002016
-722.14521452	0.00592142
-722.11221122	-0.03393944
-722.07920792	-0.06629176
-722.04620462	-0.08942794
-722.01320132	-0.10288343
-721.98019802	-0.10732626
-721.94719472	-0.10225388
-721.91419142	-0.08847175
-721.88118812	-0.06576201
-721.84818482	-0.03701613
-721.81518152	-0.00570052
-721.78217822	0.02412386
-721.74917492	0.04897192
-721.71617162	0.06641285
-721.68316832	0.07568397
-721.65016502	0.07663002
-721.61716172	0.07033613
-721.58415842	0.05848014
-721.55115512	0.04318721
-721.51815182	0.02634213
-721.48514851	0.00923749
-721.45214521	-0.00692265
-721.41914191	-0.02146158
-721.38613861	-0.03280757
-721.35313531	-0.03962869
-721.32013201	-0.04089789
-721.28712871	-0.03718100
-721.25412541	-0.02939405
-721.22112211	-0.01926043
-721.18811881	-0.00812537
-721.15511551	0.00246635
-721.12211221	0.01107588
-721.08910891	0.01563005
-721.05610561	0.01537609
-721.02310231	0.01043219
-720.99009901	0.00280966
-720.95709571	-0.00577499
-720.92409241	-0.01315548
-720.89108911	-0.01967993
-720.85808581	-0.02553898
-720.82508251	-0.03178753
-720.79207921	-0.03806230
-720.75907591	-0.04444830
-720.72607261	-0.05008127
-720.69306931	-0.05420724
-720.66006601	-0.05639604
-720.62706271	-0.05616982
-720.59405941	-0.05368782
-720.56105611	-0.05007787
-720.52805281	-0.04598132
-720.49504950	-0.04136755
-720.46204620	-0.03704118
-720.42904290	-0.03206295
-720.39603960	-0.02806794
-720.36303630	-0.02623853
-720.33003300	-0.02761880
-720.29702970	-0.03154758
-720.26402640	-0.03560591
-720.23102310	-0.03695852
-720.19801980	-0.03379750
-720.16501650	-0.02549539
-720.13201320	-0.01279241
-720.09900990	0.00247037
-720.06600660	0.01900189
-720.03300330	0.03505263
-720.00000000	0.04985545
-719.96699670	0.06242273
-719.93399340	0.07226605
-719.90099010	0.07893230
-719.86798680	0.08213865
-719.83498350	0.08163897
-719.80198020	0.07704964
-719.76897690	0.06878118
-719.73597360	0.05623724
-719.70297030	0.03931749
-719.66996700	0.01895898
-719.63696370	-0.00395243
-719.60396040	-0.02680727
-719.57095710	-0.04705570
-719.53795380	-0.06209001
-719.50495050	-0.07075752
-719.47194719	-0.07246663
-719.43894389	-0.06821646
-719.40594059	-0.05911486
-719.37293729	-0.04702190
-719.33993399	-0.03334459
-719.30693069	-0.01957698
-719.27392739	-0.00730944
-719.24092409	0.00115112
-719.20792079	0.00469779
-719.17491749	0.00234882
-719.14191419	-0.00433107
-719.10891089	-0.01391056
-719.07590759	-0.02427358
-719.04290429	-0.03352894
-719.00990099	-0.04131446
-718.97689769	-0.04694909
-718.94389439	-0.04981135
-718.91089109	-0.04982725
-718.87788779	-0.04653460
-718.84488449	-0.04080537
-718.81188119	-0.03334296
-718.77887789	-0.02513457
-718.74587459	-0.01786425
-718.71287129	-0.01200069
-718.67986799	-0.00749322
-718.64686469	-0.00436288
-718.61386139	-0.00142544
-718.58085809	0.00081937
-718.54785479	0.00279754
-718.51485149	0.00391228
-718.48184818	0.00438590
-718.44884488	0.00418789
-718.41584158	0.00350631
-718.38283828	0.00206380
-718.34983498	-0.00080934
-718.31683168	-0.00516619
-718.28382838	-0.01035527
-718.25082508	-0.01465245
-718.21782178	-0.01660165
-718.18481848	-0.01431923
-718.15181518	-0.00813105
-718.11881188	0.00052247
-718.08580858	0.00894458
-718.05280528	0.01409423
-718.01980198	0.01427242
-717.98679868	0.00886090
-717.95379538	-0.00140365
-717.92079208	-0.01436423
-717.88778878	-0.02763656
-717.85478548	-0.03913460
-717.82178218	-0.04771352
-717.78877888	-0.05295597
-717.75577558	-0.05482628
-717.72277228	-0.05395985
-717.68976898	-0.05111441
-717.65676568	-0.04674909
-717.62376238	-0.04198095
-717.59075908	-0.03730523
-717.55775578	-0.03294757
-717.52475248	-0.02939772
-717.49174917	-0.02643147
-717.45874587	-0.02439586
-717.42574257	-0.02286020
-717.39273927	-0.02165338
-717.35973597	-0.02120484
-717.32673267	-0.02204299
-717.29372937	-0.02461910
-717.26072607	-0.02879063
-717.22772277	-0.03342959
-717.19471947	-0.03631010
-717.16171617	-0.03551615
-717.12871287	-0.02973328
-717.09570957	-0.01952092
-717.06270627	-0.00690439
-717.02970297	0.00519755
-716.99669967	0.01385001
-716.96369637	0.01815237
-716.93069307	0.01859633
-716.89768977	0.01660719
-716.86468647	0.01397996
-716.83168317	0.01153270
-716.79867987	0.00940633
-716.76567657	0.00747050
-716.73267327	0.00573474
-716.69966997	0.00435622
-716.66666667	0.00386940
-716.63366337	0.00517847
-716.60066007	0.00813345
-716.56765677	0.01273105
-716.53465347	0.01775828
-716.50165017	0.02236629
-716.46864686	0.02575570
-716.43564356	0.02769715
-716.40264026	0.02893001
-716.36963696	0.03048540
-716.33663366	0.03283761
-716.30363036	0.03591386
-716.27062706	0.03923094
-716.23762376	0.04116168
-716.20462046	0.04058156
-716.17161716	0.03658320
-716.13861386	0.02872070
-716.10561056	0.01741376
-716.07260726	0.00404356
-716.03960396	-0.01007457
-716.00660066	-0.02299826
-715.97359736	-0.03361343
-715.94059406	-0.04087498
-715.90759076	-0.04509510
-715.87458746	-0.04675495
-715.84158416	-0.04727955
-715.80858086	-0.04762981
-715.77557756	-0.04890738
-715.74257426	-0.05222157
-715.70957096	-0.05765137
-715.67656766	-0.06540077
-715.64356436	-0.07412540
-715.61056106	-0.08192805
-715.57755776	-0.08691458
-715.54455446	-0.08707333
-715.51155116	-0.08169954
-715.47854785	-0.07216445
-715.44554455	-0.05966839
-715.41254125	-0.04625001
-715.37953795	-0.03362076
-715.34653465	-0.02201485
-715.31353135	-0.01151468
-715.28052805	-0.00113350
-715.24752475	0.01016242
-715.21452145	0.02217737
-715.18151815	0.03454735
-715.14851485	0.04584452
-715.11551155	0.05455738
-715.08250825	0.05993320
-715.04950495	0.06137586
-715.01650165	0.05907146
-714.98349835	0.05391727
-714.95049505	0.04670592
-714.91749175	0.03846836
-714.88448845	0.03118200
-714.85148515	0.02587892
-714.81848185	0.02368842
-714.78547855	0.02519065
-714.75247525	0.02938706
-714.71947195	0.03509093
-714.68646865	0.04103772
-714.65346535	0.04619561
-714.62046205	0.05006213
-714.58745875	0.05281786
-714.55445545	0.05482095
-714.52145215	0.05622774
-714.48844884	0.05716153
-714.45544554	0.05701222
-714.42244224	0.05581504
-714.38943894	0.05233431
-714.35643564	0.04593287
-714.32343234	0.03639715
-714.29042904	0.02443674
-714.25742574	0.01135989
-714.22442244	-0.00081507
-714.19141914	-0.01066178
-714.15841584	-0.01747945
-714.12541254	-0.02151003
-714.09240924	-0.02351515
-714.05940594	-0.02421737
-714.02640264	-0.02491108
-713.99339934	-0.02572591
-713.96039604	-0.02686767
-713.92739274	-0.02848199
-713.89438944	-0.03029218
-713.86138614	-0.03202632
-713.82838284	-0.03287917
-713.79537954	-0.03259792
-713.76237624	-0.03110720
-713.72937294	-0.02883917
-713.69636964	-0.02674340
-713.66336634	-0.02519291
-713.63036304	-0.02472161
-713.59735974	-0.02482836
-713.56435644	-0.02477263
-713.53135314	-0.02412235
-713.49834983	-0.02275319
-713.46534653	-0.02062083
-713.43234323	-0.01809153
-713.39933993	-0.01489224
-713.36633663	-0.01067365
-713.33333333	-0.00590429
-713.30033003	-0.00088538
-713.26732673	0.00331466
-713.23432343	0.00537668
-713.20132013	0.00452844
-713.16831683	0.00068704
-713.13531353	-0.00548084
-713.10231023	-0.01213194
-713.06930693	-0.01774958
-713.03630363	-0.02107470
-713.00330033	-0.02164153
-712.97029703	-0.01954732
-712.93729373	-0.01491745
-712.90429043	-0.00896722
-712.87128713	-0.00267766
-712.83828383	0.00329486
-712.80528053	0.00788208
-712.77227723	0.01052911
-712.73927393	0.01156994
-712.70627063	0.01089544
-712.67326733	0.00965736
-712.64026403	0.00846207
-712.60726073	0.00800460
-712.57425743	0.00826439
-712.54125413	0.00851303
-712.50825083	0.00826389
-712.47524752	0.00747696
-712.44224422	0.00613253
-712.40924092	0.00440120
-712.37623762	0.00271080
-712.34323432	0.00133562
-712.31023102	0.00040305
-712.27722772	-0.00036777
-712.24422442	-0.00037406
-712.21122112	-0.00006305
-712.17821782	0.00024678
-712.14521452	0.00087922
-712.11221122	0.00176746
-712.07920792	0.00287021
-712.04620462	0.00457587
-712.01320132	0.00608177
-711.98019802	0.00693735
-711.94719472	0.00594220
-711.91419142	0.00293524
-711.88118812	-0.00153814
-711.84818482	-0.00673839
-711.81518152	-0.01144431
-711.78217822	-0.01435934
-711.74917492	-0.01583839
-711.71617162	-0.01540539
-711.68316832	-0.01307706
-711.65016502	-0.00928159
-711.61716172	-0.00358136
-711.58415842	0.00296406
-711.55115512	0.00966334
-711.51815182	0.01571752
-711.48514851	0.02036650
-711.45214521	0.02348063
-711.41914191	0.02518670
-711.38613861	0.02599227
-711.35313531	0.02633127
-711.32013201	0.02586396
-711.28712871	0.02399358
-711.25412541	0.02047582
-711.22112211	0.01489808
-711.18811881	0.00712099
-711.15511551	-0.00165410
-711.12211221	-0.01035679
-711.08910891	-0.01787261
-711.05610561	-0.02280605
-711.02310231	-0.02518232
-710.99009901	-0.02497112
-710.95709571	-0.02202609
-710.92409241	-0.01672062
-710.89108911	-0.00962633
-710.85808581	-0.00135038
-710.82508251	0.00729231
-710.79207921	0.01491877
-710.75907591	0.02051626
-710.72607261	0.02367454
-710.69306931	0.02468686
-710.66006601	0.02370874
-710.62706271	0.02209173
-710.59405941	0.02025944
-710.56105611	0.01824740
-710.52805281	0.01548971
-710.49504950	0.01163476
-710.46204620	0.00597047
-710.42904290	-0.00146955
-710.39603960	-0.01034244
-710.36303630	-0.01893014
-710.33003300	-0.02569905
-710.29702970	-0.02927739
-710.26402640	-0.02837385
-710.23102310	-0.02371794
-710.19801980	-0.01641667
-710.16501650	-0.00839334
-710.13201320	-0.00153724
-710.09900990	0.00338847
-710.06600660	0.00601513
-710.03300330	0.00621294
-710.00000000	0.00469215
-709.96699670	0.00200035
-709.93399340	-0.00164918
-709.90099010	-0.00487154
-709.86798680	-0.00705990
-709.83498350	-0.00734661
-709.80198020	-0.00524993
-709.76897690	-0.00080139
-709.73597360	0.00521954
-709.70297030	0.01172427
-709.66996700	0.01799045
-709.63696370	0.02270105
-709.60396040	0.02564258
-709.57095710	0.02679833
-709.53795380	0.02671910
-709.50495050	0.02515816
-709.47194719	0.02274396
-709.43894389	0.01905429
-709.40594059	0.01409324
-709.37293729	0.00766420
-709.33993399	0.00057045
-709.30693069	-0.00631488
-709.27392739	-0.01202631
-709.24092409	-0.01509290
-709.20792079	-0.01522675
-709.17491749	-0.01210102
-709.14191419	-0.00593036
-709.10891089	0.00204223
-709.07590759	0.01087322
-709.04290429	0.02010692
-709.00990099	0.02841358
-708.97689769	0.03567574
-708.94389439	0.04118858
-708.91089109	0.04404569
-708.87788779	0.04300797
-708.84488449	0.03734334
-708.81188119	0.02769228
-708.77887789	0.01503824
-708.74587459	0.00165807
-708.71287129	-0.01007049
-708.67986799	-0.01911710
-708.64686469	-0.02500441
-708.61386139	-0.02821800
-708.58085809	-0.02949387
-708.54785479	-0.02924050
-708.51485149	-0.02728371
-708.48184818	-0.02368707
-708.44884488	-0.01892452
-708.41584158	-0.01374757
-708.38283828	-0.00919723
-708.34983498	-0.00653592
-708.31683168	-0.00601528
-708.28382838	-0.00773706
-708.25082508	-0.01155924
-708.21782178	-0.01677872
-708.18481848	-0.02241375
-708.15181518	-0.02707035
-708.11881188	-0.02981136
-708.08580858	-0.02970441
-708.05280528	-0.02568837
-708.01980198	-0.01789250
-707.98679868	-0.00714437
-707.95379538	0.00603563
-707.92079208	0.01976137
-707.88778878	0.03228713
-707.85478548	0.04252623
-707.82178218	0.04854712
-707.78877888	0.04978569
-707.75577558	0.04590587
-707.72277228	0.03729380
-707.68976898	0.02563328
-707.65676568	0.01248722
-707.62376238	-0.00010409
-707.59075908	-0.01035846
-707.55775578	-0.01836985
-707.52475248	-0.02403886
-707.49174917	-0.02825514
-707.45874587	-0.03107485
-707.42574257	-0.03216678
-707.39273927	-0.03055355
-707.35973597	-0.02511708
-707.32673267	-0.01528906
-707.29372937	-0.00142338
-707.26072607	0.01520108
-707.22772277	0.03211804
-707.19471947	0.04661529
-707.16171617	0.05631649
-707.12871287	0.05923469
-707.09570957	0.05471505
-707.06270627	0.04365586
-707.02970297	0.02793223
-706.99669967	0.00991465
-706.96369637	-0.00765671
-706.93069307	-0.02278230
-706.89768977	-0.03440734
-706.86468647	-0.04135486
-706.83168317	-0.04340877
-706.79867987	-0.04148665
-706.76567657	-0.03652987
-706.73267327	-0.02979601
-706.69966997	-0.02338512
-706.66666667	-0.01814901
-706.63366337	-0.01449070
-706.60066007	-0.01241353
-706.56765677	-0.01076316
-706.53465347	-0.00873409
-706.50165017	-0.00640832
-706.46864686	-0.00367901
-706.43564356	-0.00114056
-706.40264026	0.00073379
-706.36963696	0.00184237
-706.33663366	0.00277641
-706.30363036	0.00369406
-706.27062706	0.00479408
-706.23762376	0.00648278
-706.20462046	0.00840289
-706.17161716	0.01029170
-706.13861386	0.01210448
-706.10561056	0.01356983
-706.07260726	0.01469972
-706.03960396	0.01526150
-706.00660066	0.01493075
-705.97359736	0.01385529
-705.94059406	0.01158220
-705.90759076	0.00840096
-705.87458746	0.00442245
-705.84158416	-0.00046885
-705.80858086	-0.00578567
-705.77557756	-0.01205690
-705.74257426	-0.01836638
-705.70957096	-0.02430664
-705.67656766	-0.02914055
-705.64356436	-0.03156460
-705.61056106	-0.03042081
-705.57755776	-0.02578236
-705.54455446	-0.01769365
-705.51155116	-0.00713991
-705.47854785	0.00422971
-705.44554455	0.01506469
-705.41254125	0.02444615
-705.37953795	0.03120894
-705.34653465	0.03534977
-705.31353135	0.03633812
-705.28052805	0.03403119
-705.24752475	0.02868735
-705.21452145	0.02039121
-705.18151815	0.00994695
-705.14851485	-0.00120147
-705.11551155	-0.01172126
-705.08250825	-0.02018686
-705.04950495	-0.02608113
-705.01650165	-0.02882398
-704.98349835	-0.02831601
-704.95049505	-0.02511946
-704.91749175	-0.01965631
-704.88448845	-0.01264856
-704.85148515	-0.00522487
-704.81848185	0.00157962
-704.78547855	0.00687491
-704.75247525	0.00931521
-704.71947195	0.00903361
-704.68646865	0.00605539
-704.65346535	0.00129866
-704.62046205	-0.00406456
-704.58745875	-0.00897410
-704.55445545	-0.01214813
-704.52145215	-0.01308535
-704.48844884	-0.01204924
-704.45544554	-0.00941817
-704.42244224	-0.00587899
-704.38943894	-0.00201804
-704.35643564	0.00189530
-704.32343234	0.00607559
-704.29042904	0.01079768
-704.25742574	0.01552011
-704.22442244	0.01986435
-704.19141914	0.02290951
-704.15841584	0.02309733
-704.12541254	0.01966402
-704.09240924	0.01245577
-704.05940594	0.00276127
-704.02640264	-0.00766128
-703.99339934	-0.01722152
-703.96039604	-0.02426857
-703.92739274	-0.02840041
-703.89438944	-0.02972852
-703.86138614	-0.02846664
-703.82838284	-0.02452777
-703.79537954	-0.01788097
-703.76237624	-0.00816414
-703.72937294	0.00415421
-703.69636964	0.01839516
-703.66336634	0.03294539
-703.63036304	0.04594365
-703.59735974	0.05512583
-703.56435644	0.05910018
-703.53135314	0.05695838
-703.49834983	0.04897856
-703.46534653	0.03643189
-703.43234323	0.02130797
-703.39933993	0.00548662
-703.36633663	-0.00918961
-703.33333333	-0.02143757
-703.30033003	-0.03023085
-703.26732673	-0.03520866
-703.23432343	-0.03604640
-703.20132013	-0.03297714
-703.16831683	-0.02681417
-703.13531353	-0.01862738
-703.10231023	-0.01013571
-703.06930693	-0.00243848
-703.03630363	0.00384272
-703.00330033	0.00808300
-702.97029703	0.01042533
-702.93729373	0.01084420
-702.90429043	0.00929509
-702.87128713	0.00622770
-702.83828383	0.00139230
-702.80528053	-0.00463626
-702.77227723	-0.01075715
-702.73927393	-0.01605883
-702.70627063	-0.01908979
-702.67326733	-0.01863087
-702.64026403	-0.01519841
-702.60726073	-0.00921562
-702.57425743	-0.00196821
-702.54125413	0.00434999
-702.50825083	0.00912981
-702.47524752	0.01120661
-702.44224422	0.01083298
-702.40924092	0.00845023
-702.37623762	0.00484813
-702.34323432	0.00096688
-702.31023102	-0.00233055
-702.27722772	-0.00440249
-702.24422442	-0.00538220
-702.21122112	-0.00561588
-702.17821782	-0.00565474
-702.14521452	-0.00601453
-702.11221122	-0.00714652
-702.07920792	-0.00841273
-702.04620462	-0.00926644
-702.01320132	-0.00911683
-701.98019802	-0.00725361
-701.94719472	-0.00350822
-701.91419142	0.00146950
-701.88118812	0.00710255
-701.84818482	0.01235426
-701.81518152	0.01608935
-701.78217822	0.01733559
-701.74917492	0.01549936
-701.71617162	0.01026929
-701.68316832	0.00228315
-701.65016502	-0.00718781
-701.61716172	-0.01643545
-701.58415842	-0.02319234
-701.55115512	-0.02653364
-701.51815182	-0.02594867
-701.48514851	-0.02212991
-701.45214521	-0.01653064
-701.41914191	-0.01063938
-701.38613861	-0.00535885
-701.35313531	-0.00104510
-701.32013201	0.00257258
-701.28712871	0.00562696
-701.25412541	0.00788565
-701.22112211	0.00911563
-701.18811881	0.00904493
-701.15511551	0.00748573
-701.12211221	0.00443953
-701.08910891	0.00039459
-701.05610561	-0.00433581
-701.02310231	-0.00883341
-700.99009901	-0.01244661
-700.95709571	-0.01467921
-700.92409241	-0.01502852
-700.89108911	-0.01275021
-700.85808581	-0.00853037
-700.82508251	-0.00270712
-700.79207921	0.00382838
-700.75907591	0.00979489
-700.72607261	0.01433384
-700.69306931	0.01687766
-700.66006601	0.01713059
-700.62706271	0.01552012
-700.59405941	0.01243489
-700.56105611	0.00809505
-700.52805281	0.00340462
-700.49504950	-0.00076552
-700.46204620	-0.00440411
-700.42904290	-0.00717285
-700.39603960	-0.00899594
-700.36303630	-0.01033303
-700.33003300	-0.01097133
-700.29702970	-0.01030209
-700.26402640	-0.00831944
-700.23102310	-0.00475227
-700.19801980	0.00019737
-700.16501650	0.00583153
-700.13201320	0.01148591
-700.09900990	0.01666812
-700.06600660	0.02087677
-700.03300330	0.02396094
-700.00000000	0.02535625
-699.96699670	0.02425460
-699.93399340	0.02063078
-699.90099010	0.01415380
-699.86798680	0.00566809
-699.83498350	-0.00381997
-699.80198020	-0.01316839
-699.76897690	-0.02100127
-699.73597360	-0.02679971
-699.70297030	-0.02956128
-699.66996700	-0.02911095
-699.63696370	-0.02512700
-699.60396040	-0.01797044
-699.57095710	-0.00861605
-699.53795380	0.00157814
-699.50495050	0.01094429
-699.47194719	0.01731524
-699.43894389	0.01985747
-699.40594059	0.01826966
-699.37293729	0.01318803
-699.33993399	0.00616541
-699.30693069	-0.00132458
-699.27392739	-0.00833441
-699.24092409	-0.01406232
-699.20792079	-0.01820757
-699.17491749	-0.02116558
-699.14191419	-0.02285798
-699.10891089	-0.02352097
-699.07590759	-0.02362303
-699.04290429	-0.02286626
-699.00990099	-0.02118823
-698.97689769	-0.01828404
-698.94389439	-0.01398815
-698.91089109	-0.00845238
-698.87788779	-0.00235932
-698.84488449	0.00304326
-698.81188119	0.00680386
-698.77887789	0.00791882
-698.74587459	0.00672481
-698.71287129	0.00338152
-698.67986799	-0.00069237
-698.64686469	-0.00460660
-698.61386139	-0.00723753
-698.58085809	-0.00742338
-698.54785479	-0.00497644
-698.51485149	0.00022908
-698.48184818	0.00720014
-698.44884488	0.01463417
-698.41584158	0.02102398
-698.38283828	0.02512548
-698.34983498	0.02653365
-698.31683168	0.02537007
-698.28382838	0.02219951
-698.25082508	0.01798623
-698.21782178	0.01307735
-698.18481848	0.00753142
-698.15181518	0.00162436
-698.11881188	-0.00445877
-698.08580858	-0.01069174
-698.05280528	-0.01570952
-698.01980198	-0.01852205
-697.98679868	-0.01815337
-697.95379538	-0.01428510
-697.92079208	-0.00717213
-697.88778878	0.00161152
-697.85478548	0.00996109
-697.82178218	0.01656601
-697.78877888	0.01979953
-697.75577558	0.01929014
-697.72277228	0.01586627
-697.68976898	0.00997122
-697.65676568	0.00316421
-697.62376238	-0.00354719
-697.59075908	-0.00959790
-697.55775578	-0.01405498
-697.52475248	-0.01726003
-697.49174917	-0.01897590
-697.45874587	-0.01961621
-697.42574257	-0.01928269
-697.39273927	-0.01806404
-697.35973597	-0.01593969
-697.32673267	-0.01301219
-697.29372937	-0.00944129
-697.26072607	-0.00540758
-697.22772277	-0.00070845
-697.19471947	0.00417639
-697.16171617	0.00912868
-697.12871287	0.01379911
-697.09570957	0.01734489
-697.06270627	0.01934299
-697.02970297	0.01961800
-696.99669967	0.01823634
-696.96369637	0.01560329
-696.93069307	0.01257768
-696.89768977	0.00902299
-696.86468647	0.00604780
-696.83168317	0.00375475
-696.79867987	0.00214703
-696.76567657	0.00151419
-696.73267327	0.00211672
-696.69966997	0.00371286
-696.66666667	0.00657905
-696.63366337	0.01039318
-696.60066007	0.01419741
-696.56765677	0.01750378
-696.53465347	0.01909557
-696.50165017	0.01843083
-696.46864686	0.01563402
-696.43564356	0.01088407
-696.40264026	0.00505135
-696.36963696	-0.00106075
-696.33663366	-0.00644110
-696.30363036	-0.01060820
-696.27062706	-0.01262510
-696.23762376	-0.01228186
-696.20462046	-0.00992861
-696.17161716	-0.00563537
-696.13861386	-0.00075021
-696.10561056	0.00394723
-696.07260726	0.00817790
-696.03960396	0.01116647
-696.00660066	0.01322410
-695.97359736	0.01424071
-695.94059406	0.01379027
-695.90759076	0.01263548
-695.87458746	0.01046902
-695.84158416	0.00782636
-695.80858086	0.00514859
-695.77557756	0.00270180
-695.74257426	0.00030844
-695.70957096	-0.00159809
-695.67656766	-0.00371662
-695.64356436	-0.00607073
-695.61056106	-0.00839504
-695.57755776	-0.01050538
-695.54455446	-0.01186806
-695.51155116	-0.01229494
-695.47854785	-0.01151037
-695.44554455	-0.00988358
-695.41254125	-0.00764569
-695.37953795	-0.00494734
-695.34653465	-0.00174376
-695.31353135	0.00204389
-695.28052805	0.00627258
-695.24752475	0.01069613
-695.21452145	0.01470905
-695.18151815	0.01782791
-695.14851485	0.01996438
-695.11551155	0.02073611
-695.08250825	0.02051795
-695.04950495	0.01933772
-695.01650165	0.01727903
-694.98349835	0.01457013
-694.95049505	0.01123933
-694.91749175	0.00717682
-694.88448845	0.00271387
-694.85148515	-0.00194549
-694.81848185	-0.00599263
-694.78547855	-0.00927300
-694.75247525	-0.01095976
-694.71947195	-0.01068439
-694.68646865	-0.00929321
-694.65346535	-0.00721864
-694.62046205	-0.00474827
-694.58745875	-0.00312942
-694.55445545	-0.00222086
-694.52145215	-0.00176454
-694.48844884	-0.00160413
-694.45544554	-0.00105321
-694.42244224	0.00031579
-694.38943894	0.00257226
-694.35643564	0.00590909
-694.32343234	0.00990842
-694.29042904	0.01399936
-694.25742574	0.01731698
-694.22442244	0.01946375
-694.19141914	0.01938368
-694.15841584	0.01671955
-694.12541254	0.01179450
-694.09240924	0.00492005
-694.05940594	-0.00264282
-694.02640264	-0.00952622
-693.99339934	-0.01502349
-693.96039604	-0.01813888
-693.92739274	-0.01910487
-693.89438944	-0.01864661
-693.86138614	-0.01736028
-693.82838284	-0.01622147
-693.79537954	-0.01548669
-693.76237624	-0.01536855
-693.72937294	-0.01608982
-693.69636964	-0.01719861
-693.66336634	-0.01823303
-693.63036304	-0.01853260
-693.59735974	-0.01766038
-693.56435644	-0.01485192
-693.53135314	-0.01041514
-693.49834983	-0.00461039
-693.46534653	0.00168705
-693.43234323	0.00737064
-693.39933993	0.01122302
-693.36633663	0.01301507
-693.33333333	0.01207929
-693.30033003	0.00915306
-693.26732673	0.00487550
-693.23432343	0.00003439
-693.20132013	-0.00469236
-693.16831683	-0.00841587
-693.13531353	-0.01091007
-693.10231023	-0.01193209
-693.06930693	-0.01137131
-693.03630363	-0.01002643
-693.00330033	-0.00811029
-692.97029703	-0.00595831
-692.93729373	-0.00375295
-692.90429043	-0.00182523
-692.87128713	-0.00009883
-692.83828383	0.00119067
-692.80528053	0.00135275
-692.77227723	0.00011800
-692.73927393	-0.00223602
-692.70627063	-0.00574093
-692.67326733	-0.00937061
-692.64026403	-0.01160326
-692.60726073	-0.01231514
-692.57425743	-0.01125477
-692.54125413	-0.00844009
-692.50825083	-0.00507172
-692.47524752	-0.00175666
-692.44224422	0.00038791
-692.40924092	0.00092334
-692.37623762	-0.00015309
-692.34323432	-0.00284065
-692.31023102	-0.00637760
-692.27722772	-0.00973889
-692.24422442	-0.01212901
-692.21122112	-0.01300318
-692.17821782	-0.01227981
-692.14521452	-0.01092165
-692.11221122	-0.00923478
-692.07920792	-0.00840332
-692.04620462	-0.00885715
-692.01320132	-0.00987707
-691.98019802	-0.01145162
-691.94719472	-0.01303763
-691.91419142	-0.01394125
-691.88118812	-0.01396415
-691.84818482	-0.01307588
-691.81518152	-0.01097044
-691.78217822	-0.00733718
-691.74917492	-0.00235993
-691.71617162	0.00400232
-691.68316832	0.01139631
-691.65016502	0.01863775
-691.61716172	0.02565213
-691.58415842	0.03076672
-691.55115512	0.03368657
-691.51815182	0.03385470
-691.48514851	0.03114034
-691.45214521	0.02628393
-691.41914191	0.02011551
-691.38613861	0.01355065
-691.35313531	0.00758649
-691.32013201	0.00284169
-691.28712871	-0.00042267
-691.25412541	-0.00224428
-691.22112211	-0.00239557
-691.18811881	-0.00134376
-691.15511551	0.00058981
-691.12211221	0.00303796
-691.08910891	0.00554114
-691.05610561	0.00773295
-691.02310231	0.00930811
-690.99009901	0.01053911
-690.95709571	0.01197439
-690.92409241	0.01341058
-690.89108911	0.01527368
-690.85808581	0.01700330
-690.82508251	0.01802972
-690.79207921	0.01800255
-690.75907591	0.01698256
-690.72607261	0.01531992
-690.69306931	0.01330903
-690.66006601	0.01163298
-690.62706271	0.00966877
-690.59405941	0.00735006
-690.56105611	0.00439329
-690.52805281	0.00040238
-690.49504950	-0.00396787
-690.46204620	-0.00861727
-690.42904290	-0.01242727
-690.39603960	-0.01514521
-690.36303630	-0.01625753
-690.33003300	-0.01560805
-690.29702970	-0.01335809
-690.26402640	-0.01002135
-690.23102310	-0.00649301
-690.19801980	-0.00303602
-690.16501650	-0.00062937
-690.13201320	0.00015082
-690.09900990	-0.00054481
-690.06600660	-0.00263130
-690.03300330	-0.00547658
-690.00000000	-0.00875922
-689.96699670	-0.01151418
-689.93399340	-0.01361127
-689.90099010	-0.01490200
-689.86798680	-0.01514821
-689.83498350	-0.01425107
-689.80198020	-0.01214104
-689.76897690	-0.00893902
-689.73597360	-0.00530955
-689.70297030	-0.00174064
-689.66996700	0.00077896
-689.63696370	0.00141242
-689.60396040	0.00024115
-689.57095710	-0.00273303
-689.53795380	-0.00681194
-689.50495050	-0.01094875
-689.47194719	-0.01420757
-689.43894389	-0.01630511
-689.40594059	-0.01671804
-689.37293729	-0.01530434
-689.33993399	-0.01250053
-689.30693069	-0.00828658
-689.27392739	-0.00310170
-689.24092409	0.00238526
-689.20792079	0.00752101
-689.17491749	0.01144737
-689.14191419	0.01361839
-689.10891089	0.01361277
-689.07590759	0.01195904
-689.04290429	0.00928225
-689.00990099	0.00624194
-688.97689769	0.00376697
-688.94389439	0.00200773
-688.91089109	0.00087545
-688.87788779	0.00026062
-688.84488449	-0.00050894
-688.81188119	-0.00116259
-688.77887789	-0.00153262
-688.74587459	-0.00164866
-688.71287129	-0.00116553
-688.67986799	-0.00026265
-688.64686469	0.00064181
-688.61386139	0.00094219
-688.58085809	0.00053852
-688.54785479	-0.00080199
-688.51485149	-0.00285031
-688.48184818	-0.00515920
-688.44884488	-0.00740656
-688.41584158	-0.00974526
-688.38283828	-0.01160549
-688.34983498	-0.01315041
-688.31683168	-0.01450083
-688.28382838	-0.01553536
-688.25082508	-0.01589409
-688.21782178	-0.01583351
-688.18481848	-0.01455847
-688.15181518	-0.01191561
-688.11881188	-0.00803462
-688.08580858	-0.00287443
-688.05280528	0.00286767
-688.01980198	0.00833272
-687.98679868	0.01299887
-687.95379538	0.01623316
-687.92079208	0.01766440
-687.88778878	0.01731352
-687.85478548	0.01551971
-687.82178218	0.01256041
-687.78877888	0.00869136
-687.75577558	0.00435370
-687.72277228	-0.00037115
-687.68976898	-0.00460960
-687.65676568	-0.00854040
-687.62376238	-0.01105224
-687.59075908	-0.01192609
-687.55775578	-0.01114197
-687.52475248	-0.00877412
-687.49174917	-0.00499251
-687.45874587	-0.00029121
-687.42574257	0.00466341
-687.39273927	0.00955658
-687.35973597	0.01353632
-687.32673267	0.01582053
-687.29372937	0.01624303
-687.26072607	0.01431926
-687.22772277	0.01080442
-687.19471947	0.00625544
-687.16171617	0.00189137
-687.12871287	-0.00183080
-687.09570957	-0.00413876
-687.06270627	-0.00539534
-687.02970297	-0.00582435
-686.99669967	-0.00590884
-686.96369637	-0.00624390
-686.93069307	-0.00689990
-686.89768977	-0.00794928
-686.86468647	-0.00913528
-686.83168317	-0.01000503
-686.79867987	-0.01045835
-686.76567657	-0.01031431
-686.73267327	-0.00970178
-686.69966997	-0.00867699
-686.66666667	-0.00754975
-686.63366337	-0.00702939
-686.60066007	-0.00707694
-686.56765677	-0.00787284
-686.53465347	-0.00959366
-686.50165017	-0.01190458
-686.46864686	-0.01425497
-686.43564356	-0.01609249
-686.40264026	-0.01699062
-686.36963696	-0.01656793
-686.33663366	-0.01490825
-686.30363036	-0.01275945
-686.27062706	-0.01024443
-686.23762376	-0.00757554
-686.20462046	-0.00519335
-686.17161716	-0.00256292
-686.13861386	0.00008624
-686.10561056	0.00270160
-686.07260726	0.00521249
-686.03960396	0.00696146
-686.00660066	0.00771426
-685.97359736	0.00799259
-685.94059406	0.00764262
-685.90759076	0.00721382
-685.87458746	0.00658800
-685.84158416	0.00587559
-685.80858086	0.00520655
-685.77557756	0.00462270
-685.74257426	0.00454131
-685.70957096	0.00608680
-685.67656766	0.00906583
-685.64356436	0.01377865
-685.61056106	0.01937974
-685.57755776	0.02458998
-685.54455446	0.02879062
-685.51155116	0.03113555
-685.47854785	0.03162662
-685.44554455	0.03096859
-685.41254125	0.02967363
-685.37953795	0.02854600
-685.34653465	0.02786954
-685.31353135	0.02763515
-685.28052805	0.02788697
-685.24752475	0.02874985
-685.21452145	0.03026468
-685.18151815	0.03256872
-685.14851485	0.03502329
-685.11551155	0.03768116
-685.08250825	0.03977859
-685.04950495	0.04123489
-685.01650165	0.04174937
-684.98349835	0.04120931
-684.95049505	0.03967807
-684.91749175	0.03695174
-684.88448845	0.03308185
-684.85148515	0.02834635
-684.81848185	0.02321894
-684.78547855	0.01753260
-684.75247525	0.01279605
-684.71947195	0.00867688
-684.68646865	0.00590540
-684.65346535	0.00446427
-684.62046205	0.00456822
-684.58745875	0.00540255
-684.55445545	0.00711651
-684.52145215	0.00906391
-684.48844884	0.01097468
-684.45544554	0.01228171
-684.42244224	0.01283738
-684.38943894	0.01231484
-684.35643564	0.01066611
-684.32343234	0.00804122
-684.29042904	0.00447038
-684.25742574	0.00062874
-684.22442244	-0.00349028
-684.19141914	-0.00761119
-684.15841584	-0.01151257
-684.12541254	-0.01482399
-684.09240924	-0.01765885
-684.05940594	-0.01973969
-684.02640264	-0.02044636
-683.99339934	-0.01992090
-683.96039604	-0.01811895
-683.92739274	-0.01489174
-683.89438944	-0.01097601
-683.86138614	-0.00701601
-683.82838284	-0.00324541
-683.79537954	-0.00052233
-683.76237624	0.00080924
-683.72937294	0.00024707
-683.69636964	-0.00201115
-683.66336634	-0.00647124
-683.63036304	-0.01271499
-683.59735974	-0.02013675
-683.56435644	-0.02766796
-683.53135314	-0.03444130
-683.49834983	-0.03898976
-683.46534653	-0.04079722
-683.43234323	-0.03953215
-683.39933993	-0.03546128
-683.36633663	-0.02943509
-683.33333333	-0.02232806
-683.30033003	-0.01575664
-683.26732673	-0.01068694
-683.23432343	-0.00784967
-683.20132013	-0.00808625
-683.16831683	-0.01087701
-683.13531353	-0.01611901
-683.10231023	-0.02239720
-683.06930693	-0.02864370
-683.03630363	-0.03358422
-683.00330033	-0.03641944
-682.97029703	-0.03665639
-682.93729373	-0.03488145
-682.90429043	-0.03140845
-682.87128713	-0.02740361
-682.83828383	-0.02348369
-682.80528053	-0.02056744
-682.77227723	-0.01897989
-682.73927393	-0.01902813
-682.70627063	-0.02032254
-682.67326733	-0.02260851
-682.64026403	-0.02520687
-682.60726073	-0.02748784
-682.57425743	-0.02904645
-682.54125413	-0.02953958
-682.50825083	-0.02918371
-682.47524752	-0.02792277
-682.44224422	-0.02582760
-682.40924092	-0.02281889
-682.37623762	-0.01900106
-682.34323432	-0.01460888
-682.31023102	-0.01014162
-682.27722772	-0.00620356
-682.24422442	-0.00311322
-682.21122112	-0.00115403
-682.17821782	-0.00023363
-682.14521452	0.00023096
-682.11221122	0.00075854
-682.07920792	0.00104522
-682.04620462	0.00139081
-682.01320132	0.00083215
-681.98019802	-0.00081358
-681.94719472	-0.00397493
-681.91419142	-0.00808200
-681.88118812	-0.01260977
-681.84818482	-0.01702169
-681.81518152	-0.02010669
-681.78217822	-0.02189148
-681.74917492	-0.02140944
-681.71617162	-0.01925353
-681.68316832	-0.01512633
-681.65016502	-0.00972726
-681.61716172	-0.00344132
-681.58415842	0.00221545
-681.55115512	0.00700937
-681.51815182	0.00986687
-681.48514851	0.01089497
-681.45214521	0.01041526
-681.41914191	0.00890531
-681.38613861	0.00706056
-681.35313531	0.00493436
-681.32013201	0.00298940
-681.28712871	0.00091446
-681.25412541	-0.00097258
-681.22112211	-0.00268675
-681.18811881	-0.00334654
-681.15511551	-0.00336840
-681.12211221	-0.00200123
-681.08910891	0.00015919
-681.05610561	0.00282680
-681.02310231	0.00556226
-680.99009901	0.00748315
-680.95709571	0.00865899
-680.92409241	0.00904726
-680.89108911	0.00892612
-680.85808581	0.00835071
-680.82508251	0.00807570
-680.79207921	0.00757817
-680.75907591	0.00745025
-680.72607261	0.00731536
-680.69306931	0.00747415
-680.66006601	0.00768949
-680.62706271	0.00811372
-680.59405941	0.00846679
-680.56105611	0.00877635
-680.52805281	0.00908198
-680.49504950	0.00964718
-680.46204620	0.01061799
-680.42904290	0.01224656
-680.39603960	0.01457682
-680.36303630	0.01696061
-680.33003300	0.01916644
-680.29702970	0.02043550
-680.26402640	0.02062882
-680.23102310	0.01919699
-680.19801980	0.01663137
-680.16501650	0.01310686
-680.13201320	0.00913042
-680.09900990	0.00518315
-680.06600660	0.00139622
-680.03300330	-0.00195673
-680.00000000	-0.00439632
-679.96699670	-0.00558257
-679.93399340	-0.00547195
-679.90099010	-0.00339471
-679.86798680	0.00005530
-679.83498350	0.00492362
-679.80198020	0.01016472
-679.76897690	0.01582858
-679.73597360	0.02095375
-679.70297030	0.02546065
-679.66996700	0.02897506
-679.63696370	0.03120408
-679.60396040	0.03222707
-679.57095710	0.03156792
-679.53795380	0.02951219
-679.50495050	0.02618656
-679.47194719	0.02176896
-679.43894389	0.01685362
-679.40594059	0.01191881
-679.37293729	0.00759108
-679.33993399	0.00423137
-679.30693069	0.00211372
-679.27392739	0.00108451
-679.24092409	0.00129300
-679.20792079	0.00252315
-679.17491749	0.00424026
-679.14191419	0.00648360
-679.10891089	0.00841499
-679.07590759	0.01010431
-679.04290429	0.01126791
-679.00990099	0.01204267
-678.97689769	0.01255056
-678.94389439	0.01299204
-678.91089109	0.01345023
-678.87788779	0.01399404
-678.84488449	0.01503298
-678.81188119	0.01638546
-678.77887789	0.01832299
-678.74587459	0.02036858
-678.71287129	0.02241446
-678.67986799	0.02348353
-678.64686469	0.02337427
-678.61386139	0.02194314
-678.58085809	0.01904747
-678.54785479	0.01511556
-678.51485149	0.01065563
-678.48184818	0.00596670
-678.44884488	0.00115898
-678.41584158	-0.00345171
-678.38283828	-0.00789700
-678.34983498	-0.01200760
-678.31683168	-0.01589462
-678.28382838	-0.01907995
-678.25082508	-0.02163776
-678.21782178	-0.02327195
-678.18481848	-0.02357123
-678.15181518	-0.02245333
-678.11881188	-0.01953865
-678.08580858	-0.01486992
-678.05280528	-0.00875735
-678.01980198	-0.00209365
-677.98679868	0.00423701
-677.95379538	0.00925896
-677.92079208	0.01194269
-677.88778878	0.01237088
-677.85478548	0.01013568
-677.82178218	0.00599591
-677.78877888	0.00046195
-677.75577558	-0.00587268
-677.72277228	-0.01189155
-677.68976898	-0.01694875
-677.65676568	-0.02060297
-677.62376238	-0.02218503
-677.59075908	-0.02211756
-677.55775578	-0.02044106
-677.52475248	-0.01805497
-677.49174917	-0.01472256
-677.45874587	-0.01159196
-677.42574257	-0.00807965
-677.39273927	-0.00475672
-677.35973597	-0.00166954
-677.32673267	0.00137791
-677.29372937	0.00385357
-677.26072607	0.00600448
-677.22772277	0.00754471
-677.19471947	0.00830901
-677.16171617	0.00862247
-677.12871287	0.00870567
-677.09570957	0.00884625
-677.06270627	0.00939968
-677.02970297	0.01038794
-676.99669967	0.01175926
-676.96369637	0.01322948
-676.93069307	0.01430953
-676.89768977	0.01477526
-676.86468647	0.01468403
-676.83168317	0.01355647
-676.79867987	0.01202642
-676.76567657	0.00990773
-676.73267327	0.00760668
-676.69966997	0.00512159
-676.66666667	0.00268690
-676.63366337	-0.00003070
-676.60066007	-0.00269314
-676.56765677	-0.00551400
-676.53465347	-0.00840942
-676.50165017	-0.01124913
-676.46864686	-0.01363586
-676.43564356	-0.01551961
-676.40264026	-0.01599458
-676.36963696	-0.01486039
-676.33663366	-0.01211509
-676.30363036	-0.00793032
-676.27062706	-0.00282167
-676.23762376	0.00230580
-676.20462046	0.00708984
-676.17161716	0.01083999
-676.13861386	0.01343997
-676.10561056	0.01459179
-676.07260726	0.01428990
-676.03960396	0.01268971
-676.00660066	0.00989768
-675.97359736	0.00708409
-675.94059406	0.00404122
-675.90759076	0.00173111
-675.87458746	0.00042673
-675.84158416	-0.00006237
-675.80858086	0.00024079
-675.77557756	0.00077327
-675.74257426	0.00150054
-675.70957096	0.00181150
-675.67656766	0.00205539
-675.64356436	0.00188223
-675.61056106	0.00177744
-675.57755776	0.00138976
-675.54455446	0.00129432
-675.51155116	0.00120881
-675.47854785	0.00165228
-675.44554455	0.00251036
-675.41254125	0.00406091
-675.37953795	0.00620302
-675.34653465	0.00870269
-675.31353135	0.01120100
-675.28052805	0.01317517
-675.24752475	0.01443317
-675.21452145	0.01469809
-675.18151815	0.01396940
-675.14851485	0.01252771
-675.11551155	0.01032113
-675.08250825	0.00778996
-675.04950495	0.00515446
-675.01650165	0.00230597
-674.98349835	-0.00034882
-674.95049505	-0.00295392
-674.91749175	-0.00545838
-674.88448845	-0.00769230
-674.85148515	-0.00934500
-674.81848185	-0.01077273
-674.78547855	-0.01184808
-674.75247525	-0.01257359
-674.71947195	-0.01330014
-674.68646865	-0.01343650
-674.65346535	-0.01328218
-674.62046205	-0.01225125
-674.58745875	-0.01045308
-674.55445545	-0.00777334
-674.52145215	-0.00450189
-674.48844884	-0.00103433
-674.45544554	0.00189691
-674.42244224	0.00409888
-674.38943894	0.00490380
-674.35643564	0.00442020
-674.32343234	0.00247565
-674.29042904	-0.00021842
-674.25742574	-0.00365073
-674.22442244	-0.00682140
-674.19141914	-0.00970121
-674.15841584	-0.01159635
-674.12541254	-0.01230008
-674.09240924	-0.01179941
-674.05940594	-0.00986110
-674.02640264	-0.00695418
-673.99339934	-0.00293984
-673.96039604	0.00133704
-673.92739274	0.00564051
-673.89438944	0.00907272
-673.86138614	0.01125738
-673.82838284	0.01208762
-673.79537954	0.01116217
-673.76237624	0.00916549
-673.72937294	0.00665082
-673.69636964	0.00399937
-673.66336634	0.00204349
-673.63036304	0.00100034
-673.59735974	0.00071114
-673.56435644	0.00117919
-673.53135314	0.00183906
-673.49834983	0.00226752
-673.46534653	0.00239909
-673.43234323	0.00151723
-673.39933993	0.00008117
-673.36633663	-0.00180108
-673.33333333	-0.00412636
-673.30033003	-0.00626950
-673.26732673	-0.00851054
-673.23432343	-0.01054353
-673.20132013	-0.01254940
-673.16831683	-0.01436148
-673.13531353	-0.01593885
-673.10231023	-0.01723839
-673.06930693	-0.01815328
-673.03630363	-0.01919622
-673.00330033	-0.01987657
-672.97029703	-0.02100220
-672.93729373	-0.02206777
-672.90429043	-0.02332022
-672.87128713	-0.02426454
-672.83828383	-0.02472843
-672.80528053	-0.02450937
-672.77227723	-0.02349083
-672.73927393	-0.02192423
-672.70627063	-0.01962222
-672.67326733	-0.01724416
-672.64026403	-0.01481361
-672.60726073	-0.01241432
-672.57425743	-0.01024811
-672.54125413	-0.00847314
-672.50825083	-0.00670128
-672.47524752	-0.00536990
-672.44224422	-0.00383600
-672.40924092	-0.00227379
-672.37623762	-0.00052063
-672.34323432	0.00154821
-672.31023102	0.00373587
-672.27722772	0.00576547
-672.24422442	0.00751219
-672.21122112	0.00881655
-672.17821782	0.00922193
-672.14521452	0.00894914
-672.11221122	0.00758937
-672.07920792	0.00567074
-672.04620462	0.00314209
-672.01320132	0.00055969
-671.98019802	-0.00220016
-671.94719472	-0.00461267
-671.91419142	-0.00700684
-671.88118812	-0.00936375
-671.84818482	-0.01121116
-671.81518152	-0.01268957
-671.78217822	-0.01330790
-671.74917492	-0.01307672
-671.71617162	-0.01210448
-671.68316832	-0.01065390
-671.65016502	-0.00889338
-671.61716172	-0.00758158
-671.58415842	-0.00657019
-671.55115512	-0.00615832
-671.51815182	-0.00654813
-671.48514851	-0.00739333
-671.45214521	-0.00867716
-671.41914191	-0.01041920
-671.38613861	-0.01210100
-671.35313531	-0.01358621
-671.32013201	-0.01469030
-671.28712871	-0.01542281
-671.25412541	-0.01537149
-671.22112211	-0.01495401
-671.18811881	-0.01377304
-671.15511551	-0.01236844
-671.12211221	-0.01076653
-671.08910891	-0.00915589
-671.05610561	-0.00764768
-671.02310231	-0.00658133
-670.99009901	-0.00576553
-670.95709571	-0.00539750
-670.92409241	-0.00503057
-670.89108911	-0.00476238
-670.85808581	-0.00437171
-670.82508251	-0.00398792
-670.79207921	-0.00369058
-670.75907591	-0.00333564
-670.72607261	-0.00306444
-670.69306931	-0.00229366
-670.66006601	-0.00108564
-670.62706271	0.00093108
-670.59405941	0.00383429
-670.56105611	0.00749657
-670.52805281	0.01157449
-670.49504950	0.01592076
-670.46204620	0.02049522
-670.42904290	0.02455030
-670.39603960	0.02813725
-670.36303630	0.03088627
-670.33003300	0.03241149
-670.29702970	0.03253415
-670.26402640	0.03149768
-670.23102310	0.02892237
-670.19801980	0.02521396
-670.16501650	0.02071155
-670.13201320	0.01594287
-670.09900990	0.01120127
-670.06600660	0.00716206
-670.03300330	0.00417109
-670.00000000	0.00191023
-669.96699670	0.00050685
-669.93399340	-0.00036180
-669.90099010	-0.00101120
-669.86798680	-0.00171629
-669.83498350	-0.00258233
-669.80198020	-0.00373834
-669.76897690	-0.00522721
-669.73597360	-0.00687190
-669.70297030	-0.00869902
-669.66996700	-0.01043681
-669.63696370	-0.01156743
-669.60396040	-0.01191658
-669.57095710	-0.01098338
-669.53795380	-0.00899128
-669.50495050	-0.00561205
-669.47194719	-0.00139729
-669.43894389	0.00327104
-669.40594059	0.00788235
-669.37293729	0.01218203
-669.33993399	0.01575171
-669.30693069	0.01855633
-669.27392739	0.02014557
-669.24092409	0.02067489
-669.20792079	0.02028821
-669.17491749	0.01912030
-669.14191419	0.01737988
-669.10891089	0.01543687
-669.07590759	0.01341160
-669.04290429	0.01147307
-669.00990099	0.00969821
-668.97689769	0.00797232
-668.94389439	0.00649144
-668.91089109	0.00525458
-668.87788779	0.00410909
-668.84488449	0.00298436
-668.81188119	0.00182517
-668.77887789	0.00057096
-668.74587459	-0.00091773
-668.71287129	-0.00215234
-668.67986799	-0.00343831
-668.64686469	-0.00465715
-668.61386139	-0.00555422
-668.58085809	-0.00670373
-668.54785479	-0.00812460
-668.51485149	-0.00957233
-668.48184818	-0.01125011
-668.44884488	-0.01270792
-668.41584158	-0.01367119
-668.38283828	-0.01389956
-668.34983498	-0.01336747
-668.31683168	-0.01210404
-668.28382838	-0.01030000
-668.25082508	-0.00781301
-668.21782178	-0.00520283
-668.18481848	-0.00275813
-668.15181518	-0.00036400
-668.11881188	0.00157366
-668.08580858	0.00319848
-668.05280528	0.00469176
-668.01980198	0.00602179
-667.98679868	0.00790201
-667.95379538	0.00981877
-667.92079208	0.01202243
-667.88778878	0.01405516
-667.85478548	0.01570418
-667.82178218	0.01657926
-667.78877888	0.01680959
-667.75577558	0.01621275
-667.72277228	0.01522906
-667.68976898	0.01391289
-667.65676568	0.01266124
-667.62376238	0.01161821
-667.59075908	0.01112290
-667.55775578	0.01086105
-667.52475248	0.01100864
-667.49174917	0.01105849
-667.45874587	0.01081170
-667.42574257	0.01025276
-667.39273927	0.00929512
-667.35973597	0.00805453
-667.32673267	0.00689711
-667.29372937	0.00595581
-667.26072607	0.00485217
-667.22772277	0.00381276
-667.19471947	0.00272359
-667.16171617	0.00135043
-667.12871287	-0.00010618
-667.09570957	-0.00153450
-667.06270627	-0.00309497
-667.02970297	-0.00459198
-666.99669967	-0.00591692
-666.96369637	-0.00717770
-666.93069307	-0.00825113
-666.89768977	-0.00929867
-666.86468647	-0.01024844
-666.83168317	-0.01098594
-666.79867987	-0.01120819
-666.76567657	-0.01077173
-666.73267327	-0.01012936
-666.69966997	-0.00835670
-666.66666667	-0.00638857
-666.63366337	-0.00418628
-666.60066007	-0.00184400
-666.56765677	-0.00035168
-666.53465347	0.00067358
-666.50165017	0.00094122
-666.46864686	0.00085539
-666.43564356	0.00055638
-666.40264026	0.00035981
-666.36963696	0.00038294
-666.33663366	0.00114807
-666.30363036	0.00256792
-666.27062706	0.00492494
-666.23762376	0.00796535
-666.20462046	0.01157064
-666.17161716	0.01495796
-666.13861386	0.01763420
-666.10561056	0.01901059
-666.07260726	0.01889494
-666.03960396	0.01725017
-666.00660066	0.01423874
-665.97359736	0.01009360
-665.94059406	0.00543880
-665.90759076	0.00063022
-665.87458746	-0.00391555
-665.84158416	-0.00782086
-665.80858086	-0.01072701
-665.77557756	-0.01261786
-665.74257426	-0.01372166
-665.70957096	-0.01399638
-665.67656766	-0.01379641
-665.64356436	-0.01351293
-665.61056106	-0.01310309
-665.57755776	-0.01288800
-665.54455446	-0.01270643
-665.51155116	-0.01264376
-665.47854785	-0.01262524
-665.44554455	-0.01256583
-665.41254125	-0.01211195
-665.37953795	-0.01104746
-665.34653465	-0.00950573
-665.31353135	-0.00742941
-665.28052805	-0.00498204
-665.24752475	-0.00234149
-665.21452145	0.00004205
-665.18151815	0.00200026
-665.14851485	0.00373388
-665.11551155	0.00484364
-665.08250825	0.00550362
-665.04950495	0.00564656
-665.01650165	0.00507938
-664.98349835	0.00402265
-664.95049505	0.00264665
-664.91749175	0.00099284
-664.88448845	-0.00040844
-664.85148515	-0.00113811
-664.81848185	-0.00137372
-664.78547855	-0.00100908
-664.75247525	-0.00012185
-664.71947195	0.00110150
-664.68646865	0.00229649
-664.65346535	0.00346104
-664.62046205	0.00424195
-664.58745875	0.00453852
-664.55445545	0.00411344
-664.52145215	0.00311206
-664.48844884	0.00181204
-664.45544554	0.00004083
-664.42244224	-0.00141946
-664.38943894	-0.00238697
-664.35643564	-0.00264019
-664.32343234	-0.00238020
-664.29042904	-0.00143514
-664.25742574	0.00002455
-664.22442244	0.00199092
-664.19141914	0.00410125
-664.15841584	0.00625676
-664.12541254	0.00790653
-664.09240924	0.00909506
-664.05940594	0.00958314
-664.02640264	0.00914721
-663.99339934	0.00792809
-663.96039604	0.00602035
-663.92739274	0.00326444
-663.89438944	0.00035357
-663.86138614	-0.00294663
-663.82838284	-0.00606023
-663.79537954	-0.00872555
-663.76237624	-0.01090459
-663.72937294	-0.01219726
-663.69636964	-0.01306345
-663.66336634	-0.01322353
-663.63036304	-0.01304031
-663.59735974	-0.01225446
-663.56435644	-0.01100284
-663.53135314	-0.00932584
-663.49834983	-0.00697419
-663.46534653	-0.00418273
-663.43234323	-0.00126940
-663.39933993	0.00145255
-663.36633663	0.00361531
-663.33333333	0.00482666
-663.30033003	0.00498274
-663.26732673	0.00396641
-663.23432343	0.00190026
-663.20132013	-0.00065552
-663.16831683	-0.00317365
-663.13531353	-0.00554477
-663.10231023	-0.00733281
-663.06930693	-0.00858734
-663.03630363	-0.00916380
-663.00330033	-0.00946162
-662.97029703	-0.00952408
-662.93729373	-0.00961234
-662.90429043	-0.00967840
-662.87128713	-0.00960137
-662.83828383	-0.00961484
-662.80528053	-0.00983187
-662.77227723	-0.01015996
-662.73927393	-0.01038339
-662.70627063	-0.01033420
-662.67326733	-0.00976738
-662.64026403	-0.00831283
-662.60726073	-0.00557725
-662.57425743	-0.00187856
-662.54125413	0.00265350
-662.50825083	0.00798977
-662.47524752	0.01307489
-662.44224422	0.01775420
-662.40924092	0.02101660
-662.37623762	0.02271504
-662.34323432	0.02237971
-662.31023102	0.02025005
-662.27722772	0.01672522
-662.24422442	0.01243829
-662.21122112	0.00764434
-662.17821782	0.00270900
-662.14521452	-0.00203251
-662.11221122	-0.00662822
-662.07920792	-0.01079523
-662.04620462	-0.01423686
-662.01320132	-0.01687538
-661.98019802	-0.01856202
-661.94719472	-0.01929981
-661.91419142	-0.01923179
-661.88118812	-0.01839462
-661.84818482	-0.01696138
-661.81518152	-0.01498536
-661.78217822	-0.01248233
-661.74917492	-0.00979381
-661.71617162	-0.00703419
-661.68316832	-0.00461378
-661.65016502	-0.00272875
-661.61716172	-0.00138055
-661.58415842	-0.00085062
-661.55115512	-0.00069538
-661.51815182	-0.00095868
-661.48514851	-0.00163495
-661.45214521	-0.00255261
-661.41914191	-0.00334163
-661.38613861	-0.00383228
-661.35313531	-0.00384448
-661.32013201	-0.00314699
-661.28712871	-0.00177505
-661.25412541	0.00017382
-661.22112211	0.00246481
-661.18811881	0.00481291
-661.15511551	0.00699119
-661.12211221	0.00859779
-661.08910891	0.00963142
-661.05610561	0.00983175
-661.02310231	0.00939321
-660.99009901	0.00850196
-660.95709571	0.00738770
-660.92409241	0.00649828
-660.89108911	0.00580240
-660.85808581	0.00558707
-660.82508251	0.00584021
-660.79207921	0.00640730
-660.75907591	0.00741770
-660.72607261	0.00877131
-660.69306931	0.01027107
-660.66006601	0.01194630
-660.62706271	0.01337195
-660.59405941	0.01437393
-660.56105611	0.01449475
-660.52805281	0.01379494
-660.49504950	0.01186121
-660.46204620	0.00908332
-660.42904290	0.00572329
-660.39603960	0.00218317
-660.36303630	-0.00136350
-660.33003300	-0.00471224
-660.29702970	-0.00771005
-660.26402640	-0.01042506
-660.23102310	-0.01245503
-660.19801980	-0.01425829
-660.16501650	-0.01526857
-660.13201320	-0.01540894
-660.09900990	-0.01477600
-660.06600660	-0.01300933
-660.03300330	-0.01054879
-660.00000000	-0.00728111
