# Menlo Systems GmbH ScanControl
# Program Version 1.14.3
# Start: -740.00000000 ps, Average over 1000 waveforms. Timestamp: 2026-02-03T16:19:29
# User time axis shift: 0 ps
# Time axis offset: 0 ps
# Time [ps]	THz Signal [a.u.]
-740.00000000	-0.00017946
-739.96699670	-0.00021207
-739.93399340	-0.00023918
-739.90099010	-0.00034239
-739.86798680	-0.00018186
-739.83498350	-0.00024147
-739.80198020	-0.00016088
-739.76897690	-0.00015180
-739.73597360	-0.00022790
-739.70297030	-0.00011859
-739.66996700	-0.00006065
-739.63696370	-0.00013166
-739.60396040	-0.00020563
-739.57095710	-0.00004527
-739.53795380	0.00001359
-739.50495050	-0.00011031
-739.47194719	0.00008010
-739.43894389	-0.00000698
-739.40594059	0.00004920
-739.37293729	0.00011478
-739.33993399	0.00010509
-739.30693069	0.00009950
-739.27392739	0.00020671
-739.24092409	0.00015840
-739.20792079	0.00022717
-739.17491749	0.00029244
-739.14191419	0.00027494
-739.10891089	0.00027139
-739.07590759	0.00036146
-739.04290429	0.00036131
-739.00990099	0.00046830
-738.97689769	0.00043734
-738.94389439	0.00048228
-738.91089109	0.00047127
-738.87788779	0.00057295
-738.84488449	0.00055355
-738.81188119	0.00064485
-738.77887789	0.00059215
-738.74587459	0.00053698
-738.71287129	0.00063222
-738.67986799	0.00073434
-738.64686469	0.00068025
-738.61386139	0.00071903
-738.58085809	0.00073540
-738.54785479	0.00068753
-738.51485149	0.00072484
-738.48184818	0.00070979
-738.44884488	0.00071693
-738.41584158	0.00069054
-738.38283828	0.00069081
-738.34983498	0.00067890
-738.31683168	0.00065090
-738.28382838	0.00064683
-738.25082508	0.00065181
-738.21782178	0.00056746
-738.18481848	0.00058735
-738.15181518	0.00051646
-738.11881188	0.00056719
-738.08580858	0.00053658
-738.05280528	0.00053985
-738.01980198	0.00050418
-737.98679868	0.00052720
-737.95379538	0.00046307
-737.92079208	0.00040499
-737.88778878	0.00035517
-737.85478548	0.00034687
-737.82178218	0.00029274
-737.78877888	0.00025285
-737.75577558	0.00016585
-737.72277228	0.00016660
-737.68976898	0.00022714
-737.65676568	0.00019684
-737.62376238	0.00013315
-737.59075908	0.00009621
-737.55775578	0.00003362
-737.52475248	0.00000111
-737.49174917	0.00006065
-737.45874587	0.00011402
-737.42574257	-0.00002986
-737.39273927	-0.00007971
-737.35973597	-0.00006334
-737.32673267	-0.00009477
-737.29372937	-0.00008968
-737.26072607	-0.00008152
-737.22772277	0.00000474
-737.19471947	0.00008465
-737.16171617	-0.00001377
-737.12871287	0.00001193
-737.09570957	0.00003408
-737.06270627	-0.00002792
-737.02970297	0.00006499
-736.99669967	0.00004815
-736.96369637	0.00006158
-736.93069307	0.00002453
-736.89768977	0.00003107
-736.86468647	0.00010156
-736.83168317	0.00020581
-736.79867987	0.00022056
-736.76567657	0.00017010
-736.73267327	0.00012234
-736.69966997	0.00017552
-736.66666667	0.00017681
-736.63366337	0.00025200
-736.60066007	0.00029887
-736.56765677	0.00021460
-736.53465347	0.00035105
-736.50165017	0.00031767
-736.46864686	0.00033867
-736.43564356	0.00030354
-736.40264026	0.00035166
-736.36963696	0.00037298
-736.33663366	0.00023615
-736.30363036	0.00031769
-736.27062706	0.00028234
-736.23762376	0.00034131
-736.20462046	0.00029312
-736.17161716	0.00032948
-736.13861386	0.00028861
-736.10561056	0.00027379
-736.07260726	0.00039907
-736.03960396	0.00029223
-736.00660066	0.00027379
-735.97359736	0.00033343
-735.94059406	0.00040539
-735.90759076	0.00036617
-735.87458746	0.00029752
-735.84158416	0.00024238
-735.80858086	0.00029715
-735.77557756	0.00023670
-735.74257426	0.00018910
-735.70957096	0.00020486
-735.67656766	0.00023919
-735.64356436	0.00015343
-735.61056106	0.00018945
-735.57755776	0.00017877
-735.54455446	0.00018299
-735.51155116	0.00022141
-735.47854785	0.00020323
-735.44554455	0.00023419
-735.41254125	0.00015923
-735.37953795	0.00007122
-735.34653465	0.00011839
-735.31353135	0.00021964
-735.28052805	0.00017388
-735.24752475	0.00011694
-735.21452145	0.00008218
-735.18151815	0.00011043
-735.14851485	0.00006487
-735.11551155	0.00005310
-735.08250825	0.00006762
-735.04950495	0.00002543
-735.01650165	-0.00001177
-734.98349835	0.00006137
-734.95049505	0.00000955
-734.91749175	-0.00005007
-734.88448845	-0.00002432
-734.85148515	0.00003082
-734.81848185	0.00011975
-734.78547855	-0.00002844
-734.75247525	0.00004362
-734.71947195	0.00013166
-734.68646865	-0.00002380
-734.65346535	0.00005603
-734.62046205	0.00019525
-734.58745875	0.00015215
-734.55445545	0.00026801
-734.52145215	0.00030732
-734.48844884	0.00015136
-734.45544554	0.00030014
-734.42244224	0.00040960
-734.38943894	0.00038197
-734.35643564	0.00037418
-734.32343234	0.00047714
-734.29042904	0.00055915
-734.25742574	0.00051470
-734.22442244	0.00061405
-734.19141914	0.00057091
-734.15841584	0.00074976
-734.12541254	0.00069203
-734.09240924	0.00075751
-734.05940594	0.00090207
-734.02640264	0.00089084
-733.99339934	0.00087911
-733.96039604	0.00085793
-733.92739274	0.00094535
-733.89438944	0.00090256
-733.86138614	0.00093912
-733.82838284	0.00092385
-733.79537954	0.00096598
-733.76237624	0.00092894
-733.72937294	0.00080547
-733.69636964	0.00080016
-733.66336634	0.00070214
-733.63036304	0.00057230
-733.59735974	0.00053888
-733.56435644	0.00039294
-733.53135314	0.00015325
-733.49834983	0.00010576
-733.46534653	-0.00002355
-733.43234323	-0.00032892
-733.39933993	-0.00052499
-733.36633663	-0.00059823
-733.33333333	-0.00076991
-733.30033003	-0.00097540
-733.26732673	-0.00109813
-733.23432343	-0.00117409
-733.20132013	-0.00137478
-733.16831683	-0.00131342
-733.13531353	-0.00148638
-733.10231023	-0.00150635
-733.06930693	-0.00156033
-733.03630363	-0.00155437
-733.00330033	-0.00166033
-732.97029703	-0.00170338
-732.93729373	-0.00166990
-732.90429043	-0.00171928
-732.87128713	-0.00176748
-732.83828383	-0.00142625
-732.80528053	-0.00133696
-732.77227723	-0.00113220
-732.73927393	-0.00077832
-732.70627063	-0.00047601
-732.67326733	-0.00003186
-732.64026403	0.00040208
-732.60726073	0.00076680
-732.57425743	0.00118511
-732.54125413	0.00151469
-732.50825083	0.00170413
-732.47524752	0.00195441
-732.44224422	0.00197997
-732.40924092	0.00198128
-732.37623762	0.00187723
-732.34323432	0.00188406
-732.31023102	0.00163951
-732.27722772	0.00144358
-732.24422442	0.00133452
-732.21122112	0.00113612
-732.17821782	0.00098479
-732.14521452	0.00082799
-732.11221122	0.00064640
-732.07920792	0.00062557
-732.04620462	0.00058586
-732.01320132	0.00047927
-731.98019802	0.00046326
-731.94719472	0.00043363
-731.91419142	0.00050902
-731.88118812	0.00029834
-731.84818482	0.00039069
-731.81518152	0.00034975
-731.78217822	0.00026781
-731.74917492	0.00033562
-731.71617162	0.00026139
-731.68316832	0.00023240
-731.65016502	0.00029327
-731.61716172	0.00008313
-731.58415842	0.00021318
-731.55115512	0.00007666
-731.51815182	0.00007902
-731.48514851	0.00010953
-731.45214521	-0.00007127
-731.41914191	0.00001870
-731.38613861	0.00000186
-731.35313531	0.00001203
-731.32013201	0.00000885
-731.28712871	0.00002073
-731.25412541	0.00008119
-731.22112211	0.00010890
-731.18811881	-0.00000614
-731.15511551	0.00017210
-731.12211221	0.00012618
-731.08910891	0.00007366
-731.05610561	0.00020743
-731.02310231	0.00010948
-730.99009901	0.00014310
-730.95709571	0.00013322
-730.92409241	0.00017755
-730.89108911	0.00016087
-730.85808581	0.00007591
-730.82508251	0.00014795
-730.79207921	0.00017138
-730.75907591	0.00012786
-730.72607261	0.00013290
-730.69306931	0.00025370
-730.66006601	0.00021005
-730.62706271	0.00021920
-730.59405941	0.00020382
-730.56105611	0.00023144
-730.52805281	0.00028181
-730.49504950	0.00031518
-730.46204620	0.00023380
-730.42904290	0.00031647
-730.39603960	0.00027354
-730.36303630	0.00030056
-730.33003300	0.00026159
-730.29702970	0.00022461
-730.26402640	0.00031098
-730.23102310	0.00011138
-730.19801980	0.00017474
-730.16501650	0.00011135
-730.13201320	0.00014910
-730.09900990	0.00002530
-730.06600660	0.00010043
-730.03300330	0.00003736
-730.00000000	-0.00000541
-729.96699670	0.00004191
-729.93399340	-0.00003943
-729.90099010	-0.00002605
-729.86798680	-0.00008349
-729.83498350	0.00000701
-729.80198020	-0.00010015
-729.76897690	-0.00010868
-729.73597360	-0.00006068
-729.70297030	-0.00009455
-729.66996700	-0.00008478
-729.63696370	-0.00014163
-729.60396040	-0.00014830
-729.57095710	-0.00006427
-729.53795380	-0.00002118
-729.50495050	-0.00008561
-729.47194719	-0.00004820
-729.43894389	0.00002960
-729.40594059	-0.00005609
-729.37293729	0.00003300
-729.33993399	0.00009992
-729.30693069	0.00003068
-729.27392739	0.00030852
-729.24092409	0.00014051
-729.20792079	0.00036743
-729.17491749	0.00038449
-729.14191419	0.00056939
-729.10891089	0.00053711
-729.07590759	0.00063715
-729.04290429	0.00056637
-729.00990099	0.00060865
-728.97689769	0.00026700
-728.94389439	0.00018053
-728.91089109	-0.00024284
-728.87788779	-0.00067658
-728.84488449	-0.00136402
-728.81188119	-0.00205006
-728.77887789	-0.00280988
-728.74587459	-0.00364279
-728.71287129	-0.00421302
-728.67986799	-0.00473849
-728.64686469	-0.00499456
-728.61386139	-0.00475822
-728.58085809	-0.00455780
-728.54785479	-0.00376118
-728.51485149	-0.00283279
-728.48184818	-0.00174918
-728.44884488	-0.00050273
-728.41584158	0.00049166
-728.38283828	0.00163661
-728.34983498	0.00239602
-728.31683168	0.00316076
-728.28382838	0.00361807
-728.25082508	0.00407566
-728.21782178	0.00434188
-728.18481848	0.00443153
-728.15181518	0.00459099
-728.11881188	0.00456772
-728.08580858	0.00448982
-728.05280528	0.00430311
-728.01980198	0.00425408
-727.98679868	0.00413526
-727.95379538	0.00409666
-727.92079208	0.00391197
-727.88778878	0.00389782
-727.85478548	0.00375505
-727.82178218	0.00361936
-727.78877888	0.00352682
-727.75577558	0.00339337
-727.72277228	0.00338185
-727.68976898	0.00333917
-727.65676568	0.00313736
-727.62376238	0.00312527
-727.59075908	0.00297268
-727.55775578	0.00288937
-727.52475248	0.00287063
-727.49174917	0.00261823
-727.45874587	0.00255413
-727.42574257	0.00240887
-727.39273927	0.00229547
-727.35973597	0.00208848
-727.32673267	0.00196120
-727.29372937	0.00186348
-727.26072607	0.00176228
-727.22772277	0.00156139
-727.19471947	0.00152285
-727.16171617	0.00139225
-727.12871287	0.00140190
-727.09570957	0.00126486
-727.06270627	0.00124148
-727.02970297	0.00111324
-726.99669967	0.00111671
-726.96369637	0.00096592
-726.93069307	0.00097256
-726.89768977	0.00071072
-726.86468647	0.00074953
-726.83168317	0.00046859
-726.79867987	0.00041980
-726.76567657	0.00020237
-726.73267327	0.00017522
-726.69966997	-0.00007013
-726.66666667	-0.00011314
-726.63366337	-0.00024558
-726.60066007	-0.00033297
-726.56765677	-0.00039919
-726.53465347	-0.00044020
-726.50165017	-0.00050434
-726.46864686	-0.00055988
-726.43564356	-0.00043307
-726.40264026	-0.00054002
-726.36963696	-0.00041307
-726.33663366	-0.00056496
-726.30363036	-0.00042990
-726.27062706	-0.00059064
-726.23762376	-0.00062352
-726.20462046	-0.00071560
-726.17161716	-0.00078086
-726.13861386	-0.00090456
-726.10561056	-0.00103144
-726.07260726	-0.00106882
-726.03960396	-0.00111614
-726.00660066	-0.00119219
-725.97359736	-0.00117661
-725.94059406	-0.00096800
-725.90759076	-0.00095091
-725.87458746	-0.00066062
-725.84158416	-0.00038182
-725.80858086	-0.00020193
-725.77557756	0.00010698
-725.74257426	0.00011794
-725.70957096	0.00029306
-725.67656766	0.00005386
-725.64356436	-0.00008553
-725.61056106	-0.00063636
-725.57755776	-0.00115090
-725.54455446	-0.00182454
-725.51155116	-0.00240997
-725.47854785	-0.00280170
-725.44554455	-0.00313202
-725.41254125	-0.00299839
-725.37953795	-0.00221690
-725.34653465	-0.00141601
-725.31353135	0.00029892
-725.28052805	0.00205226
-725.24752475	0.00409666
-725.21452145	0.00604474
-725.18151815	0.00767707
-725.14851485	0.00898527
-725.11551155	0.00964593
-725.08250825	0.00988873
-725.04950495	0.00950317
-725.01650165	0.00894850
-724.98349835	0.00819469
-724.95049505	0.00756444
-724.91749175	0.00704939
-724.88448845	0.00669147
-724.85148515	0.00660099
-724.81848185	0.00658891
-724.78547855	0.00672776
-724.75247525	0.00690140
-724.71947195	0.00694805
-724.68646865	0.00697595
-724.65346535	0.00668509
-724.62046205	0.00639226
-724.58745875	0.00561386
-724.55445545	0.00464056
-724.52145215	0.00340819
-724.48844884	0.00200232
-724.45544554	0.00047110
-724.42244224	-0.00107547
-724.38943894	-0.00264888
-724.35643564	-0.00430974
-724.32343234	-0.00586462
-724.29042904	-0.00727509
-724.25742574	-0.00875883
-724.22442244	-0.01005876
-724.19141914	-0.01141015
-724.15841584	-0.01259770
-724.12541254	-0.01396007
-724.09240924	-0.01555911
-724.05940594	-0.01730110
-724.02640264	-0.01945065
-723.99339934	-0.02173332
-723.96039604	-0.02449134
-723.92739274	-0.02731295
-723.89438944	-0.03048435
-723.86138614	-0.03334797
-723.82838284	-0.03570225
-723.79537954	-0.03770511
-723.76237624	-0.03852131
-723.72937294	-0.03830815
-723.69636964	-0.03663682
-723.66336634	-0.03385198
-723.63036304	-0.02980423
-723.59735974	-0.02529239
-723.56435644	-0.02031043
-723.53135314	-0.01576190
-723.49834983	-0.01180208
-723.46534653	-0.00883325
-723.43234323	-0.00707851
-723.39933993	-0.00613212
-723.36633663	-0.00611232
-723.33333333	-0.00633882
-723.30033003	-0.00676768
-723.26732673	-0.00704017
-723.23432343	-0.00734596
-723.20132013	-0.00721796
-723.16831683	-0.00718041
-723.13531353	-0.00672724
-723.10231023	-0.00636684
-723.06930693	-0.00556045
-723.03630363	-0.00451218
-723.00330033	-0.00339500
-722.97029703	-0.00206779
-722.93729373	-0.00070102
-722.90429043	0.00045812
-722.87128713	0.00199971
-722.83828383	0.00329904
-722.80528053	0.00480931
-722.77227723	0.00643739
-722.73927393	0.00799029
-722.70627063	0.00984245
-722.67326733	0.01162856
-722.64026403	0.01359071
-722.60726073	0.01559752
-722.57425743	0.01775556
-722.54125413	0.02001206
-722.50825083	0.02237661
-722.47524752	0.02517105
-722.44224422	0.02816557
-722.40924092	0.03163512
-722.37623762	0.03545362
-722.34323432	0.03981380
-722.31023102	0.04479855
-722.27722772	0.05009365
-722.24422442	0.05603160
-722.21122112	0.06229325
-722.17821782	0.06916822
-722.14521452	0.07619178
-722.11221122	0.08359288
-722.07920792	0.09094498
-722.04620462	0.09840399
-722.01320132	0.10553659
-721.98019802	0.11256468
-721.94719472	0.11933907
-721.91419142	0.12600031
-721.88118812	0.13262104
-721.84818482	0.13922540
-721.81518152	0.14653486
-721.78217822	0.15444637
-721.74917492	0.16353925
-721.71617162	0.17426116
-721.68316832	0.18688710
-721.65016502	0.20206086
-721.61716172	0.21982729
-721.58415842	0.24052524
-721.55115512	0.26421203
-721.51815182	0.29075582
-721.48514851	0.31951159
-721.45214521	0.34986462
-721.41914191	0.38068556
-721.38613861	0.41063393
-721.35313531	0.43803852
-721.32013201	0.46101244
-721.28712871	0.47746203
-721.25412541	0.48496690
-721.22112211	0.48173675
-721.18811881	0.46601773
-721.15511551	0.43642729
-721.12211221	0.39300111
-721.08910891	0.33589801
-721.05610561	0.26740020
-721.02310231	0.18956830
-720.99009901	0.10665750
-720.95709571	0.02205999
-720.92409241	-0.05992508
-720.89108911	-0.13654546
-720.85808581	-0.20612270
-720.82508251	-0.26926983
-720.79207921	-0.32845219
-720.75907591	-0.38937435
-720.72607261	-0.45858107
-720.69306931	-0.54443358
-720.66006601	-0.65465280
-720.62706271	-0.79605552
-720.59405941	-0.97240304
-720.56105611	-1.18369519
-720.52805281	-1.42335803
-720.49504950	-1.67881684
-720.46204620	-1.92951113
-720.42904290	-2.15005381
-720.39603960	-2.31164398
-720.36303630	-2.38623662
-720.33003300	-2.35153012
-720.29702970	-2.19401654
-720.26402640	-1.91369863
-720.23102310	-1.52552046
-720.19801980	-1.05966814
-720.16501650	-0.55635717
-720.13201320	-0.06021528
-720.09900990	0.38807401
-720.06600660	0.75917784
-720.03300330	1.03913872
-720.00000000	1.22948461
-719.96699670	1.34202061
-719.93399340	1.39298543
-719.90099010	1.39750235
-719.86798680	1.36632727
-719.83498350	1.30642084
-719.80198020	1.22402202
-719.76897690	1.12610848
-719.73597360	1.02241880
-719.70297030	0.92183023
-719.66996700	0.83147595
-719.63696370	0.75261507
-719.60396040	0.68222724
-719.57095710	0.61523911
-719.53795380	0.54856204
-719.50495050	0.48290071
-719.47194719	0.42165335
-719.43894389	0.36861283
-719.40594059	0.32611708
-719.37293729	0.29184329
-719.33993399	0.26261116
-719.30693069	0.23462494
-719.27392739	0.20586994
-719.24092409	0.17649194
-719.20792079	0.14614937
-719.17491749	0.11546667
-719.14191419	0.08378850
-719.10891089	0.05122920
-719.07590759	0.01915613
-719.04290429	-0.01018204
-719.00990099	-0.03447808
-718.97689769	-0.05232345
-718.94389439	-0.06329427
-718.91089109	-0.06801789
-718.87788779	-0.06612198
-718.84488449	-0.05812328
-718.81188119	-0.04450484
-718.77887789	-0.02625848
-718.74587459	-0.00619189
-718.71287129	0.01282947
-718.67986799	0.02867882
-718.64686469	0.03952121
-718.61386139	0.04507848
-718.58085809	0.04500351
-718.54785479	0.04040159
-718.51485149	0.03213767
-718.48184818	0.02179977
-718.44884488	0.01068871
-718.41584158	-0.00039710
-718.38283828	-0.01067675
-718.34983498	-0.01967698
-718.31683168	-0.02671452
-718.28382838	-0.03088066
-718.25082508	-0.03131944
-718.21782178	-0.02884245
-718.18481848	-0.02355303
-718.15181518	-0.01707905
-718.11881188	-0.00965778
-718.08580858	-0.00258525
-718.05280528	0.00352757
-718.01980198	0.00722610
-717.98679868	0.00774455
-717.95379538	0.00531892
-717.92079208	0.00093887
-717.88778878	-0.00403453
-717.85478548	-0.00831312
-717.82178218	-0.01195284
-717.78877888	-0.01523777
-717.75577558	-0.01885270
-717.72277228	-0.02293347
-717.68976898	-0.02706352
-717.65676568	-0.03094853
-717.62376238	-0.03403961
-717.59075908	-0.03598814
-717.55775578	-0.03632839
-717.52475248	-0.03517613
-717.49174917	-0.03319384
-717.45874587	-0.03087049
-717.42574257	-0.02838311
-717.39273927	-0.02571354
-717.35973597	-0.02308687
-717.32673267	-0.02072376
-717.29372937	-0.01974367
-717.26072607	-0.02074227
-717.22772277	-0.02358097
-717.19471947	-0.02654087
-717.16171617	-0.02807275
-717.12871287	-0.02657760
-717.09570957	-0.02145340
-717.06270627	-0.01355813
-717.02970297	-0.00379721
-716.99669967	0.00670414
-716.96369637	0.01708970
-716.93069307	0.02628564
-716.89768977	0.03396674
-716.86468647	0.03978184
-716.83168317	0.04341343
-716.79867987	0.04482891
-716.76567657	0.04366786
-716.73267327	0.03996554
-716.69966997	0.03391576
-716.66666667	0.02522487
-716.63366337	0.01401540
-716.60066007	0.00038895
-716.56765677	-0.01470472
-716.53465347	-0.02981069
-716.50165017	-0.04348174
-716.46864686	-0.05394866
-716.43564356	-0.06012115
-716.40264026	-0.06208930
-716.36963696	-0.06011626
-716.33663366	-0.05492496
-716.30363036	-0.04767386
-716.27062706	-0.03933130
-716.23762376	-0.03109904
-716.20462046	-0.02322233
-716.17161716	-0.01789381
-716.13861386	-0.01534713
-716.10561056	-0.01631970
-716.07260726	-0.02034853
-716.03960396	-0.02587217
-716.00660066	-0.03198583
-715.97359736	-0.03751200
-715.94059406	-0.04192040
-715.90759076	-0.04515922
-715.87458746	-0.04641699
-715.84158416	-0.04577712
-715.80858086	-0.04321213
-715.77557756	-0.03899387
-715.74257426	-0.03345677
-715.70957096	-0.02761889
-715.67656766	-0.02216699
-715.64356436	-0.01760099
-715.61056106	-0.01394147
-715.57755776	-0.01113278
-715.54455446	-0.00866539
-715.51155116	-0.00629328
-715.47854785	-0.00427518
-715.44554455	-0.00249415
-715.41254125	-0.00124089
-715.37953795	-0.00054276
-715.34653465	0.00024472
-715.31353135	0.00017548
-715.28052805	-0.00094483
-715.24752475	-0.00303676
-715.21452145	-0.00614286
-715.18151815	-0.00912894
-715.14851485	-0.01079948
-715.11551155	-0.01004383
-715.08250825	-0.00652231
-715.04950495	-0.00132125
-715.01650165	0.00413969
-714.98349835	0.00816649
-714.95049505	0.00902656
-714.91749175	0.00668466
-714.88448845	0.00139232
-714.85148515	-0.00563462
-714.81848185	-0.01304735
-714.78547855	-0.01948444
-714.75247525	-0.02401371
-714.71947195	-0.02676893
-714.68646865	-0.02777520
-714.65346535	-0.02701707
-714.62046205	-0.02535241
-714.58745875	-0.02313624
-714.55445545	-0.02058014
-714.52145215	-0.01810433
-714.48844884	-0.01588152
-714.45544554	-0.01406349
-714.42244224	-0.01251016
-714.38943894	-0.01139387
-714.35643564	-0.01049795
-714.32343234	-0.00979120
-714.29042904	-0.00960792
-714.25742574	-0.00997742
-714.22442244	-0.01163833
-714.19141914	-0.01422411
-714.15841584	-0.01723174
-714.12541254	-0.01968703
-714.09240924	-0.01948913
-714.05940594	-0.01627613
-714.02640264	-0.00985283
-713.99339934	-0.00139228
-713.96039604	0.00686652
-713.92739274	0.01342602
-713.89438944	0.01718801
-713.86138614	0.01825748
-713.82838284	0.01744662
-713.79537954	0.01607190
-713.76237624	0.01494571
-713.72937294	0.01394729
-713.69636964	0.01341060
-713.66336634	0.01276029
-713.63036304	0.01241833
-713.59735974	0.01284032
-713.56435644	0.01436525
-713.53135314	0.01719357
-713.49834983	0.02107211
-713.46534653	0.02567760
-713.43234323	0.03017605
-713.39933993	0.03414989
-713.36633663	0.03720585
-713.33333333	0.04004763
-713.30033003	0.04292730
-713.26732673	0.04640094
-713.23432343	0.05027566
-713.20132013	0.05428973
-713.16831683	0.05770371
-713.13531353	0.05955999
-713.10231023	0.05924504
-713.06930693	0.05623012
-713.03630363	0.05118417
-713.00330033	0.04450700
-712.97029703	0.03765229
-712.93729373	0.03171912
-712.90429043	0.02782624
-712.87128713	0.02642700
-712.83828383	0.02821351
-712.80528053	0.03225588
-712.77227723	0.03798806
-712.73927393	0.04493101
-712.70627063	0.05189498
-712.67326733	0.05830329
-712.64026403	0.06363917
-712.60726073	0.06757464
-712.57425743	0.07012657
-712.54125413	0.07253485
-712.50825083	0.07532622
-712.47524752	0.07918457
-712.44224422	0.08411756
-712.40924092	0.08905585
-712.37623762	0.09244249
-712.34323432	0.09246558
-712.31023102	0.08811955
-712.27722772	0.07912727
-712.24422442	0.06577650
-712.21122112	0.04973717
-712.17821782	0.03256203
-712.14521452	0.01553119
-712.11221122	-0.00048357
-712.07920792	-0.01554212
-712.04620462	-0.03026274
-712.01320132	-0.04558747
-711.98019802	-0.06263511
-711.94719472	-0.08312457
-711.91419142	-0.10855752
-711.88118812	-0.14056719
-711.84818482	-0.18076585
-711.81518152	-0.22980405
-711.78217822	-0.28765572
-711.74917492	-0.35307685
-711.71617162	-0.42347076
-711.68316832	-0.49551143
-711.65016502	-0.56345622
-711.61716172	-0.62071015
-711.58415842	-0.65980139
-711.55115512	-0.67275869
-711.51815182	-0.65406677
-711.48514851	-0.59963413
-711.45214521	-0.51016342
-711.41914191	-0.39135023
-711.38613861	-0.25210866
-711.35313531	-0.10499941
-711.32013201	0.03698655
-711.28712871	0.16194905
-711.25412541	0.26189703
-711.22112211	0.33346944
-711.18811881	0.37822671
-711.15511551	0.40066614
-711.12211221	0.40667287
-711.08910891	0.40078312
-711.05610561	0.38671965
-711.02310231	0.36601367
-710.99009901	0.34003152
-710.95709571	0.31019276
-710.92409241	0.27901956
-710.89108911	0.24853913
-710.85808581	0.22060480
-710.82508251	0.19565413
-710.79207921	0.17330195
-710.75907591	0.15241956
-710.72607261	0.13262837
-710.69306931	0.11425047
-710.66006601	0.09773455
-710.62706271	0.08369055
-710.59405941	0.07212688
-710.56105611	0.06222928
-710.52805281	0.05346899
-710.49504950	0.04522899
-710.46204620	0.03703408
-710.42904290	0.02919409
-710.39603960	0.02150120
-710.36303630	0.01395577
-710.33003300	0.00685087
-710.29702970	0.00002293
-710.26402640	-0.00607566
-710.23102310	-0.01094337
-710.19801980	-0.01481065
-710.16501650	-0.01810494
-710.13201320	-0.02103544
-710.09900990	-0.02413933
-710.06600660	-0.02672662
-710.03300330	-0.02802848
-710.00000000	-0.02723790
-709.96699670	-0.02377938
-709.93399340	-0.01815361
-709.90099010	-0.01114156
-709.86798680	-0.00346099
-709.83498350	0.00364589
-709.80198020	0.00951543
-709.76897690	0.01363658
-709.73597360	0.01556618
-709.70297030	0.01532185
-709.66996700	0.01328070
-709.63696370	0.00982328
-709.60396040	0.00593800
-709.57095710	0.00246587
-709.53795380	-0.00001609
-709.50495050	-0.00174416
-709.47194719	-0.00225287
-709.43894389	-0.00206299
-709.40594059	-0.00151615
-709.37293729	-0.00045478
-709.33993399	0.00078624
-709.30693069	0.00189822
-709.27392739	0.00326130
-709.24092409	0.00451919
-709.20792079	0.00520016
-709.17491749	0.00539039
-709.14191419	0.00483443
-709.10891089	0.00397674
-709.07590759	0.00306325
-709.04290429	0.00228852
-709.00990099	0.00197947
-708.97689769	0.00202198
-708.94389439	0.00187935
-708.91089109	0.00116584
-708.87788779	-0.00047412
-708.84488449	-0.00356564
-708.81188119	-0.00733910
-708.77887789	-0.01111378
-708.74587459	-0.01423431
-708.71287129	-0.01614158
-708.67986799	-0.01642183
-708.64686469	-0.01567496
-708.61386139	-0.01365601
-708.58085809	-0.01055502
-708.54785479	-0.00630705
-708.51485149	-0.00174605
-708.48184818	0.00271850
-708.44884488	0.00630397
-708.41584158	0.00858390
-708.38283828	0.00985479
-708.34983498	0.01073897
-708.31683168	0.01193122
-708.28382838	0.01376566
-708.25082508	0.01577929
-708.21782178	0.01767191
-708.18481848	0.01872867
-708.15181518	0.01819801
-708.11881188	0.01587496
-708.08580858	0.01240568
-708.05280528	0.00833773
-708.01980198	0.00449040
-707.98679868	0.00119205
-707.95379538	-0.00103586
-707.92079208	-0.00227072
-707.88778878	-0.00259285
-707.85478548	-0.00240205
-707.82178218	-0.00154831
-707.78877888	-0.00049229
-707.75577558	0.00043560
-707.72277228	0.00089337
-707.68976898	0.00063528
-707.65676568	-0.00016105
-707.62376238	-0.00126254
-707.59075908	-0.00222418
-707.55775578	-0.00259631
-707.52475248	-0.00228790
-707.49174917	-0.00132846
-707.45874587	-0.00050498
-707.42574257	-0.00060349
-707.39273927	-0.00193008
-707.35973597	-0.00514746
-707.32673267	-0.01019672
-707.29372937	-0.01627304
-707.26072607	-0.02216758
-707.22772277	-0.02643517
-707.19471947	-0.02786650
-707.16171617	-0.02665058
-707.12871287	-0.02333911
-707.09570957	-0.01886045
-707.06270627	-0.01448695
-707.02970297	-0.01086480
-706.99669967	-0.00828142
-706.96369637	-0.00673567
-706.93069307	-0.00596566
-706.89768977	-0.00608887
-706.86468647	-0.00674741
-706.83168317	-0.00755010
-706.79867987	-0.00789363
-706.76567657	-0.00724525
-706.73267327	-0.00537472
-706.69966997	-0.00196836
-706.66666667	0.00261728
-706.63366337	0.00733494
-706.60066007	0.01160305
-706.56765677	0.01495867
-706.53465347	0.01698047
-706.50165017	0.01769568
-706.46864686	0.01738342
-706.43564356	0.01589074
-706.40264026	0.01373442
-706.36963696	0.01098289
-706.33663366	0.00770329
-706.30363036	0.00421790
-706.27062706	0.00080763
-706.23762376	-0.00225184
-706.20462046	-0.00473475
-706.17161716	-0.00607177
-706.13861386	-0.00657381
-706.10561056	-0.00575628
-706.07260726	-0.00377031
-706.03960396	-0.00103691
-706.00660066	0.00256197
-705.97359736	0.00647249
-705.94059406	0.01045309
-705.90759076	0.01446101
-705.87458746	0.01793283
-705.84158416	0.02014364
-705.80858086	0.02018856
-705.77557756	0.01762296
-705.74257426	0.01221086
-705.70957096	0.00493862
-705.67656766	-0.00304294
-705.64356436	-0.01029642
-705.61056106	-0.01582423
-705.57755776	-0.01947115
-705.54455446	-0.02155941
-705.51155116	-0.02243044
-705.47854785	-0.02250204
-705.44554455	-0.02167352
-705.41254125	-0.02002946
-705.37953795	-0.01790245
-705.34653465	-0.01532972
-705.31353135	-0.01281731
-705.28052805	-0.01070217
-705.24752475	-0.00911636
-705.21452145	-0.00808687
-705.18151815	-0.00806726
-705.14851485	-0.00918224
-705.11551155	-0.01110798
-705.08250825	-0.01340948
-705.04950495	-0.01524039
-705.01650165	-0.01571054
-704.98349835	-0.01380237
-704.95049505	-0.00953126
-704.91749175	-0.00295931
-704.88448845	0.00528526
-704.85148515	0.01393949
-704.81848185	0.02231891
-704.78547855	0.02919062
-704.75247525	0.03395710
-704.71947195	0.03598550
-704.68646865	0.03495586
-704.65346535	0.03110879
-704.62046205	0.02501212
-704.58745875	0.01771518
-704.55445545	0.01064896
-704.52145215	0.00476068
-704.48844884	0.00068880
-704.45544554	-0.00199599
-704.42244224	-0.00352021
-704.38943894	-0.00419184
-704.35643564	-0.00433521
-704.32343234	-0.00320581
-704.29042904	-0.00049255
-704.25742574	0.00437008
-704.22442244	0.01159990
-704.19141914	0.02025112
-704.15841584	0.02930398
-704.12541254	0.03758088
-704.09240924	0.04326052
-704.05940594	0.04550112
-704.02640264	0.04392425
-703.99339934	0.03843319
-703.96039604	0.03029737
-703.92739274	0.02082047
-703.89438944	0.01149221
-703.86138614	0.00342129
-703.82838284	-0.00252285
-703.79537954	-0.00592258
-703.76237624	-0.00658387
-703.72937294	-0.00459453
-703.69636964	-0.00043179
-703.66336634	0.00498956
-703.63036304	0.01057045
-703.59735974	0.01521872
-703.56435644	0.01824168
-703.53135314	0.01931281
-703.49834983	0.01860275
-703.46534653	0.01672790
-703.43234323	0.01418190
-703.39933993	0.01102443
-703.36633663	0.00744265
-703.33333333	0.00362847
-703.30033003	-0.00057038
-703.26732673	-0.00484671
-703.23432343	-0.00915190
-703.20132013	-0.01344291
-703.16831683	-0.01814484
-703.13531353	-0.02367718
-703.10231023	-0.03073012
-703.06930693	-0.03982374
-703.03630363	-0.05164725
-703.00330033	-0.06608825
-702.97029703	-0.08327018
-702.93729373	-0.10304241
-702.90429043	-0.12446870
-702.87128713	-0.14632041
-702.83828383	-0.16712872
-702.80528053	-0.18443901
-702.77227723	-0.19635634
-702.73927393	-0.20069259
-702.70627063	-0.19557489
-702.67326733	-0.18063740
-702.64026403	-0.15572546
-702.60726073	-0.12224310
-702.57425743	-0.08247275
-702.54125413	-0.03909216
-702.50825083	0.00401838
-702.47524752	0.04404632
-702.44224422	0.07822694
-702.40924092	0.10473085
-702.37623762	0.12333179
-702.34323432	0.13488769
-702.31023102	0.14009812
-702.27722772	0.14035088
-702.24422442	0.13639296
-702.21122112	0.12838081
-702.17821782	0.11687566
-702.14521452	0.10271899
-702.11221122	0.08688240
-702.07920792	0.07079788
-702.04620462	0.05583069
-702.01320132	0.04308946
-701.98019802	0.03253488
-701.94719472	0.02467437
-701.91419142	0.01918753
-701.88118812	0.01589252
-701.84818482	0.01475069
-701.81518152	0.01543396
-701.78217822	0.01703303
-701.74917492	0.01876664
-701.71617162	0.01979941
-701.68316832	0.01915909
-701.65016502	0.01670656
-701.61716172	0.01259922
-701.58415842	0.00734285
-701.55115512	0.00157160
-701.51815182	-0.00369314
-701.48514851	-0.00785970
-701.45214521	-0.01021282
-701.41914191	-0.01093987
-701.38613861	-0.01037914
-701.35313531	-0.00902604
-701.32013201	-0.00739906
-701.28712871	-0.00570058
-701.25412541	-0.00360724
-701.22112211	-0.00089449
-701.18811881	0.00288704
-701.15511551	0.00693409
-701.12211221	0.01065628
-701.08910891	0.01338415
-701.05610561	0.01355341
-701.02310231	0.01107298
-700.99009901	0.00656121
-700.95709571	0.00057935
-700.92409241	-0.00532204
-700.89108911	-0.01035570
-700.85808581	-0.01396321
-700.82508251	-0.01601782
-700.79207921	-0.01652924
-700.75907591	-0.01515900
-700.72607261	-0.01176737
-700.69306931	-0.00610774
-700.66006601	0.00166209
-700.62706271	0.01081743
-700.59405941	0.02051610
-700.56105611	0.02936834
-700.52805281	0.03595889
-700.49504950	0.03924960
-700.46204620	0.03867716
-700.42904290	0.03402806
-700.39603960	0.02650483
-700.36303630	0.01688285
-700.33003300	0.00641677
-700.29702970	-0.00321987
-700.26402640	-0.01146573
-700.23102310	-0.01760925
-700.19801980	-0.02114633
-700.16501650	-0.02187673
-700.13201320	-0.02025873
-700.09900990	-0.01674309
-700.06600660	-0.01210720
-700.03300330	-0.00757480
-700.00000000	-0.00371727
-699.96699670	-0.00074787
-699.93399340	0.00121066
-699.90099010	0.00219815
-699.86798680	0.00252681
-699.83498350	0.00206813
-699.80198020	0.00060080
-699.76897690	-0.00152778
-699.73597360	-0.00432222
-699.70297030	-0.00720889
-699.66996700	-0.00979309
-699.63696370	-0.01124734
-699.60396040	-0.01072087
-699.57095710	-0.00827908
-699.53795380	-0.00425438
-699.50495050	0.00071511
-699.47194719	0.00553906
-699.43894389	0.00921907
-699.40594059	0.01111444
-699.37293729	0.01088268
-699.33993399	0.00897845
-699.30693069	0.00591879
-699.27392739	0.00193917
-699.24092409	-0.00148706
-699.20792079	-0.00412124
-699.17491749	-0.00575722
-699.14191419	-0.00632726
-699.10891089	-0.00665081
-699.07590759	-0.00702845
-699.04290429	-0.00757486
-699.00990099	-0.00823680
-698.97689769	-0.00856838
-698.94389439	-0.00826478
-698.91089109	-0.00701517
-698.87788779	-0.00467049
-698.84488449	-0.00146048
-698.81188119	0.00210139
-698.77887789	0.00555912
-698.74587459	0.00819831
-698.71287129	0.00952278
-698.67986799	0.00878510
-698.64686469	0.00564438
-698.61386139	0.00047115
-698.58085809	-0.00652892
-698.54785479	-0.01353202
-698.51485149	-0.01965946
-698.48184818	-0.02370975
-698.44884488	-0.02485117
-698.41584158	-0.02327695
-698.38283828	-0.01994438
-698.34983498	-0.01552375
-698.31683168	-0.01093830
-698.28382838	-0.00675998
-698.25082508	-0.00315793
-698.21782178	-0.00019235
-698.18481848	0.00206247
-698.15181518	0.00342577
-698.11881188	0.00376051
-698.08580858	0.00282010
-698.05280528	0.00089563
-698.01980198	-0.00179031
-697.98679868	-0.00506094
-697.95379538	-0.00758288
-697.92079208	-0.00942197
-697.88778878	-0.01005263
-697.85478548	-0.00886042
-697.82178218	-0.00618286
-697.78877888	-0.00239752
-697.75577558	0.00252897
-697.72277228	0.00742196
-697.68976898	0.01155177
-697.65676568	0.01466038
-697.62376238	0.01602502
-697.59075908	0.01586677
-697.55775578	0.01408909
-697.52475248	0.01116178
-697.49174917	0.00745844
-697.45874587	0.00342732
-697.42574257	-0.00019222
-697.39273927	-0.00316853
-697.35973597	-0.00528236
-697.32673267	-0.00657921
-697.29372937	-0.00710118
-697.26072607	-0.00667659
-697.22772277	-0.00563346
-697.19471947	-0.00326447
-697.16171617	0.00031885
-697.12871287	0.00458526
-697.09570957	0.00919773
-697.06270627	0.01385226
-697.02970297	0.01759841
-696.99669967	0.02018899
-696.96369637	0.02138561
-696.93069307	0.02058635
-696.89768977	0.01806517
-696.86468647	0.01362030
-696.83168317	0.00768845
-696.79867987	0.00068752
-696.76567657	-0.00652836
-696.73267327	-0.01315828
-696.69966997	-0.01863415
-696.66666667	-0.02251026
-696.63366337	-0.02419524
-696.60066007	-0.02353171
-696.56765677	-0.02055717
-696.53465347	-0.01507630
-696.50165017	-0.00815239
-696.46864686	-0.00071999
-696.43564356	0.00583709
-696.40264026	0.01057641
-696.36963696	0.01231358
-696.33663366	0.01102448
-696.30363036	0.00733563
-696.27062706	0.00228310
-696.23762376	-0.00291442
-696.20462046	-0.00745865
-696.17161716	-0.01044980
-696.13861386	-0.01173889
-696.10561056	-0.01163158
-696.07260726	-0.01045341
-696.03960396	-0.00860056
-696.00660066	-0.00656082
-695.97359736	-0.00440223
-695.94059406	-0.00242836
-695.90759076	-0.00054414
-695.87458746	0.00162638
-695.84158416	0.00386143
-695.80858086	0.00596290
-695.77557756	0.00734550
-695.74257426	0.00793375
-695.70957096	0.00723120
-695.67656766	0.00508781
-695.64356436	0.00229775
-695.61056106	-0.00081377
-695.57755776	-0.00374888
-695.54455446	-0.00531328
-695.51155116	-0.00512397
-695.47854785	-0.00265804
-695.44554455	0.00237514
-695.41254125	0.00918861
-695.37953795	0.01666185
-695.34653465	0.02349306
-695.31353135	0.02839143
-695.28052805	0.03069360
-695.24752475	0.03038571
-695.21452145	0.02765334
-695.18151815	0.02305214
-695.14851485	0.01754952
-695.11551155	0.01138261
-695.08250825	0.00510618
-695.04950495	-0.00119653
-695.01650165	-0.00683661
-694.98349835	-0.01091809
-694.95049505	-0.01308854
-694.91749175	-0.01255136
-694.88448845	-0.00893363
-694.85148515	-0.00292167
-694.81848185	0.00425956
-694.78547855	0.01120413
-694.75247525	0.01640117
-694.71947195	0.01895188
-694.68646865	0.01870622
-694.65346535	0.01616630
-694.62046205	0.01170422
-694.58745875	0.00634472
-694.55445545	0.00101530
-694.52145215	-0.00411109
-694.48844884	-0.00841298
-694.45544554	-0.01179915
-694.42244224	-0.01457515
-694.38943894	-0.01654141
-694.35643564	-0.01816263
-694.32343234	-0.01945644
-694.29042904	-0.02053548
-694.25742574	-0.02186223
-694.22442244	-0.02348580
-694.19141914	-0.02535541
-694.15841584	-0.02784970
-694.12541254	-0.03052205
-694.09240924	-0.03334103
-694.05940594	-0.03665252
-694.02640264	-0.03985185
-693.99339934	-0.04283932
-693.96039604	-0.04536070
-693.92739274	-0.04653725
-693.89438944	-0.04564351
-693.86138614	-0.04238243
-693.82838284	-0.03643544
-693.79537954	-0.02788436
-693.76237624	-0.01733124
-693.72937294	-0.00572560
-693.69636964	0.00633119
-693.66336634	0.01785991
-693.63036304	0.02824027
-693.59735974	0.03738722
-693.56435644	0.04469414
-693.53135314	0.05023148
-693.49834983	0.05372187
-693.46534653	0.05452648
-693.43234323	0.05286193
-693.39933993	0.04850692
-693.36633663	0.04178482
-693.33333333	0.03368489
-693.30033003	0.02505672
-693.26732673	0.01649720
-693.23432343	0.00934414
-693.20132013	0.00424249
-693.16831683	0.00128439
-693.13531353	0.00067932
-693.10231023	0.00174689
-693.06930693	0.00410859
-693.03630363	0.00699277
-693.00330033	0.00972321
-692.97029703	0.01229576
-692.93729373	0.01420504
-692.90429043	0.01490949
-692.87128713	0.01454895
-692.83828383	0.01298899
-692.80528053	0.01029898
-692.77227723	0.00728193
-692.73927393	0.00399110
-692.70627063	0.00088319
-692.67326733	-0.00157960
-692.64026403	-0.00347711
-692.60726073	-0.00507336
-692.57425743	-0.00650255
-692.54125413	-0.00776449
-692.50825083	-0.00875124
-692.47524752	-0.00918767
-692.44224422	-0.00871333
-692.40924092	-0.00726612
-692.37623762	-0.00532460
-692.34323432	-0.00275376
-692.31023102	0.00003303
-692.27722772	0.00267544
-692.24422442	0.00481718
-692.21122112	0.00666103
-692.17821782	0.00803572
-692.14521452	0.00879826
-692.11221122	0.00927961
-692.07920792	0.00927570
-692.04620462	0.00884838
-692.01320132	0.00831355
-691.98019802	0.00754651
-691.94719472	0.00693700
-691.91419142	0.00643743
-691.88118812	0.00641023
-691.84818482	0.00628684
-691.81518152	0.00624924
-691.78217822	0.00613003
-691.74917492	0.00577586
-691.71617162	0.00536633
-691.68316832	0.00482000
-691.65016502	0.00426825
-691.61716172	0.00368598
-691.58415842	0.00265213
-691.55115512	0.00145106
-691.51815182	-0.00044004
-691.48514851	-0.00248211
-691.45214521	-0.00455577
-691.41914191	-0.00612685
-691.38613861	-0.00682843
-691.35313531	-0.00616634
-691.32013201	-0.00419791
-691.28712871	-0.00093555
-691.25412541	0.00298017
-691.22112211	0.00693622
-691.18811881	0.01049306
-691.15511551	0.01282411
-691.12211221	0.01366557
-691.08910891	0.01249930
-691.05610561	0.00939116
-691.02310231	0.00489997
-690.99009901	-0.00058920
-690.95709571	-0.00584017
-690.92409241	-0.01018098
-690.89108911	-0.01310360
-690.85808581	-0.01441530
-690.82508251	-0.01426787
-690.79207921	-0.01322353
-690.75907591	-0.01156813
-690.72607261	-0.00973331
-690.69306931	-0.00851417
-690.66006601	-0.00772968
-690.62706271	-0.00754932
-690.59405941	-0.00818554
-690.56105611	-0.00869321
-690.52805281	-0.00880001
-690.49504950	-0.00800033
-690.46204620	-0.00612762
-690.42904290	-0.00337293
-690.39603960	-0.00004819
-690.36303630	0.00326113
-690.33003300	0.00552930
-690.29702970	0.00634692
-690.26402640	0.00571018
-690.23102310	0.00342760
-690.19801980	0.00039917
-690.16501650	-0.00280877
-690.13201320	-0.00564520
-690.09900990	-0.00772473
-690.06600660	-0.00865029
-690.03300330	-0.00818820
-690.00000000	-0.00710335
-689.96699670	-0.00532615
-689.93399340	-0.00355834
-689.90099010	-0.00207395
-689.86798680	-0.00120120
-689.83498350	-0.00098743
-689.80198020	-0.00136612
-689.76897690	-0.00253275
-689.73597360	-0.00427690
-689.70297030	-0.00638386
-689.66996700	-0.00904305
-689.63696370	-0.01148369
-689.60396040	-0.01320318
-689.57095710	-0.01393681
-689.53795380	-0.01321082
-689.50495050	-0.01136575
-689.47194719	-0.00851531
-689.43894389	-0.00525307
-689.40594059	-0.00223779
-689.37293729	-0.00007594
-689.33993399	0.00090064
-689.30693069	0.00034582
-689.27392739	-0.00161017
-689.24092409	-0.00453875
-689.20792079	-0.00757065
-689.17491749	-0.01002043
-689.14191419	-0.01134926
-689.10891089	-0.01137878
-689.07590759	-0.01030720
-689.04290429	-0.00869917
-689.00990099	-0.00732468
-688.97689769	-0.00618608
-688.94389439	-0.00539183
-688.91089109	-0.00529732
-688.87788779	-0.00512627
-688.84488449	-0.00502016
-688.81188119	-0.00487084
-688.77887789	-0.00458668
-688.74587459	-0.00389904
-688.71287129	-0.00261280
-688.67986799	-0.00045851
-688.64686469	0.00230505
-688.61386139	0.00598989
-688.58085809	0.01020996
-688.54785479	0.01403361
-688.51485149	0.01742685
-688.48184818	0.01946018
-688.44884488	0.01975858
-688.41584158	0.01864051
-688.38283828	0.01644654
-688.34983498	0.01350909
-688.31683168	0.01043510
-688.28382838	0.00806752
-688.25082508	0.00607220
-688.21782178	0.00494947
-688.18481848	0.00456959
-688.15181518	0.00458101
-688.11881188	0.00484487
-688.08580858	0.00519942
-688.05280528	0.00532810
-688.01980198	0.00518489
-687.98679868	0.00446143
-687.95379538	0.00340112
-687.92079208	0.00238511
-687.88778878	0.00180767
-687.85478548	0.00191501
-687.82178218	0.00277541
-687.78877888	0.00444524
-687.75577558	0.00630828
-687.72277228	0.00790273
-687.68976898	0.00946194
-687.65676568	0.01014934
-687.62376238	0.01062445
-687.59075908	0.01053046
-687.55775578	0.00946054
-687.52475248	0.00774189
-687.49174917	0.00470618
-687.45874587	0.00074348
-687.42574257	-0.00348254
-687.39273927	-0.00764168
-687.35973597	-0.01096992
-687.32673267	-0.01322367
-687.29372937	-0.01398787
-687.26072607	-0.01341224
-687.22772277	-0.01172951
-687.19471947	-0.00874880
-687.16171617	-0.00593610
-687.12871287	-0.00299595
-687.09570957	-0.00080729
-687.06270627	0.00044290
-687.02970297	0.00070633
-686.99669967	-0.00011396
-686.96369637	-0.00170853
-686.93069307	-0.00351810
-686.89768977	-0.00567022
-686.86468647	-0.00756052
-686.83168317	-0.00924689
-686.79867987	-0.01021413
-686.76567657	-0.01025037
-686.73267327	-0.00921315
-686.69966997	-0.00684827
-686.66666667	-0.00347724
-686.63366337	0.00042089
-686.60066007	0.00425098
-686.56765677	0.00690145
-686.53465347	0.00799950
-686.50165017	0.00746798
-686.46864686	0.00545471
-686.43564356	0.00252132
-686.40264026	-0.00048955
-686.36963696	-0.00321470
-686.33663366	-0.00514810
-686.30363036	-0.00602518
-686.27062706	-0.00609713
-686.23762376	-0.00503434
-686.20462046	-0.00308290
-686.17161716	-0.00046980
-686.13861386	0.00265462
-686.10561056	0.00585855
-686.07260726	0.00835314
-686.03960396	0.01042989
-686.00660066	0.01139206
-685.97359736	0.01140115
-685.94059406	0.01086901
-685.90759076	0.00960554
-685.87458746	0.00839976
-685.84158416	0.00684979
-685.80858086	0.00506207
-685.77557756	0.00317769
-685.74257426	0.00106700
-685.70957096	-0.00078489
-685.67656766	-0.00203161
-685.64356436	-0.00285007
-685.61056106	-0.00318953
-685.57755776	-0.00295842
-685.54455446	-0.00323038
-685.51155116	-0.00375863
-685.47854785	-0.00476437
-685.44554455	-0.00653060
-685.41254125	-0.00859132
-685.37953795	-0.01085881
-685.34653465	-0.01296396
-685.31353135	-0.01525706
-685.28052805	-0.01724369
-685.24752475	-0.01903041
-685.21452145	-0.02076869
-685.18151815	-0.02186316
-685.14851485	-0.02235766
-685.11551155	-0.02170151
-685.08250825	-0.01966105
-685.04950495	-0.01597471
-685.01650165	-0.01072887
-684.98349835	-0.00446576
-684.95049505	0.00220083
-684.91749175	0.00876136
-684.88448845	0.01434118
-684.85148515	0.01863739
-684.81848185	0.02135599
-684.78547855	0.02294090
-684.75247525	0.02305554
-684.71947195	0.02195446
-684.68646865	0.01986523
-684.65346535	0.01686282
-684.62046205	0.01309260
-684.58745875	0.00903578
-684.55445545	0.00526920
-684.52145215	0.00200574
-684.48844884	-0.00007150
-684.45544554	-0.00082294
-684.42244224	-0.00042734
-684.38943894	0.00134986
-684.35643564	0.00381905
-684.32343234	0.00689834
-684.29042904	0.00988626
-684.25742574	0.01232145
-684.22442244	0.01336341
-684.19141914	0.01306623
-684.15841584	0.01132076
-684.12541254	0.00869328
-684.09240924	0.00588621
-684.05940594	0.00310934
-684.02640264	0.00101724
-683.99339934	-0.00055051
-683.96039604	-0.00190744
-683.92739274	-0.00272788
-683.89438944	-0.00375580
-683.86138614	-0.00487400
-683.82838284	-0.00608610
-683.79537954	-0.00732881
-683.76237624	-0.00844478
-683.72937294	-0.00907854
-683.69636964	-0.00933297
-683.66336634	-0.00909776
-683.63036304	-0.00818295
-683.59735974	-0.00722446
-683.56435644	-0.00613911
-683.53135314	-0.00564222
-683.49834983	-0.00552732
-683.46534653	-0.00615591
-683.43234323	-0.00722635
-683.39933993	-0.00845706
-683.36633663	-0.00955709
-683.33333333	-0.00993514
-683.30033003	-0.00977336
-683.26732673	-0.00872878
-683.23432343	-0.00742984
-683.20132013	-0.00578761
-683.16831683	-0.00439118
-683.13531353	-0.00293206
-683.10231023	-0.00150318
-683.06930693	0.00003584
-683.03630363	0.00152662
-683.00330033	0.00304418
-682.97029703	0.00392961
-682.93729373	0.00444928
-682.90429043	0.00435800
-682.87128713	0.00404701
-682.83828383	0.00364727
-682.80528053	0.00291970
-682.77227723	0.00243883
-682.73927393	0.00145680
-682.70627063	0.00065413
-682.67326733	-0.00008375
-682.64026403	0.00055201
-682.60726073	0.00210530
-682.57425743	0.00530066
-682.54125413	0.00934013
-682.50825083	0.01383895
-682.47524752	0.01788600
-682.44224422	0.02061971
-682.40924092	0.02218354
-682.37623762	0.02262685
-682.34323432	0.02229911
-682.31023102	0.02141896
-682.27722772	0.02039390
-682.24422442	0.01919185
-682.21122112	0.01806399
-682.17821782	0.01721200
-682.14521452	0.01682417
-682.11221122	0.01705359
-682.07920792	0.01829416
-682.04620462	0.01943159
-682.01320132	0.02128230
-681.98019802	0.02245349
-681.94719472	0.02346492
-681.91419142	0.02363380
-681.88118812	0.02323254
-681.84818482	0.02158384
-681.81518152	0.01921539
-681.78217822	0.01621948
-681.74917492	0.01262233
-681.71617162	0.00918341
-681.68316832	0.00618088
-681.65016502	0.00406707
-681.61716172	0.00295676
-681.58415842	0.00264867
-681.55115512	0.00365087
-681.51815182	0.00467075
-681.48514851	0.00599170
-681.45214521	0.00700027
-681.41914191	0.00780092
-681.38613861	0.00790081
-681.35313531	0.00746822
-681.32013201	0.00646048
-681.28712871	0.00494849
-681.25412541	0.00297836
-681.22112211	0.00098625
-681.18811881	-0.00134452
-681.15511551	-0.00352045
-681.12211221	-0.00577086
-681.08910891	-0.00785561
-681.05610561	-0.01001704
-681.02310231	-0.01191470
-680.99009901	-0.01335101
-680.95709571	-0.01436675
-680.92409241	-0.01460330
-680.89108911	-0.01394903
-680.85808581	-0.01278524
-680.82508251	-0.01071933
-680.79207921	-0.00854429
-680.75907591	-0.00634370
-680.72607261	-0.00407565
-680.69306931	-0.00259940
-680.66006601	-0.00197847
-680.62706271	-0.00237182
-680.59405941	-0.00433060
-680.56105611	-0.00773114
-680.52805281	-0.01234628
-680.49504950	-0.01760505
-680.46204620	-0.02280560
-680.42904290	-0.02676746
-680.39603960	-0.02895620
-680.36303630	-0.02888783
-680.33003300	-0.02655448
-680.29702970	-0.02251273
-680.26402640	-0.01765837
-680.23102310	-0.01268685
-680.19801980	-0.00875557
-680.16501650	-0.00644969
-680.13201320	-0.00617851
-680.09900990	-0.00784367
-680.06600660	-0.01119054
-680.03300330	-0.01519071
-680.00000000	-0.01939265
-679.96699670	-0.02247602
-679.93399340	-0.02443484
-679.90099010	-0.02410396
-679.86798680	-0.02246278
-679.83498350	-0.01923642
-679.80198020	-0.01552453
-679.76897690	-0.01181100
-679.73597360	-0.00858238
-679.70297030	-0.00691535
-679.66996700	-0.00617701
-679.63696370	-0.00711090
-679.60396040	-0.00878554
-679.57095710	-0.01096837
-679.53795380	-0.01329715
-679.50495050	-0.01499596
-679.47194719	-0.01616011
-679.43894389	-0.01651291
-679.40594059	-0.01618572
-679.37293729	-0.01526833
-679.33993399	-0.01332235
-679.30693069	-0.01108992
-679.27392739	-0.00817878
-679.24092409	-0.00527090
-679.20792079	-0.00269272
-679.17491749	-0.00080167
-679.14191419	0.00026320
-679.10891089	0.00082840
-679.07590759	0.00110043
-679.04290429	0.00155305
-679.00990099	0.00228668
-678.97689769	0.00301168
-678.94389439	0.00346555
-678.91089109	0.00299878
-678.87788779	0.00149513
-678.84488449	-0.00108643
-678.81188119	-0.00395036
-678.77887789	-0.00713306
-678.74587459	-0.00968336
-678.71287129	-0.01174573
-678.67986799	-0.01251179
-678.64686469	-0.01235257
-678.61386139	-0.01104894
-678.58085809	-0.00879516
-678.54785479	-0.00553848
-678.51485149	-0.00220012
-678.48184818	0.00078416
-678.44884488	0.00316269
-678.41584158	0.00446013
-678.38283828	0.00492460
-678.34983498	0.00476332
-678.31683168	0.00430015
-678.28382838	0.00351869
-678.25082508	0.00256876
-678.21782178	0.00108602
-678.18481848	-0.00049353
-678.15181518	-0.00214215
-678.11881188	-0.00351279
-678.08580858	-0.00423733
-678.05280528	-0.00409166
-678.01980198	-0.00322783
-677.98679868	-0.00159809
-677.95379538	0.00023893
-677.92079208	0.00210143
-677.88778878	0.00391473
-677.85478548	0.00521001
-677.82178218	0.00631270
-677.78877888	0.00697205
-677.75577558	0.00724667
-677.72277228	0.00712108
-677.68976898	0.00659993
-677.65676568	0.00573468
-677.62376238	0.00495303
-677.59075908	0.00422696
-677.55775578	0.00368647
-677.52475248	0.00345446
-677.49174917	0.00343646
-677.45874587	0.00372241
-677.42574257	0.00431678
-677.39273927	0.00556805
-677.35973597	0.00730359
-677.32673267	0.00962151
-677.29372937	0.01219912
-677.26072607	0.01435151
-677.22772277	0.01605993
-677.19471947	0.01642361
-677.16171617	0.01578077
-677.12871287	0.01386733
-677.09570957	0.01130225
-677.06270627	0.00836441
-677.02970297	0.00509330
-676.99669967	0.00196336
-676.96369637	-0.00073254
-676.93069307	-0.00319222
-676.89768977	-0.00444717
-676.86468647	-0.00492328
-676.83168317	-0.00369483
-676.79867987	-0.00158501
-676.76567657	0.00161587
-676.73267327	0.00497013
-676.69966997	0.00846118
-676.66666667	0.01141629
-676.63366337	0.01393802
-676.60066007	0.01567184
-676.56765677	0.01654797
-676.53465347	0.01677868
-676.50165017	0.01578928
-676.46864686	0.01404183
-676.43564356	0.01133178
-676.40264026	0.00809439
-676.36963696	0.00467128
-676.33663366	0.00142251
-676.30363036	-0.00119355
-676.27062706	-0.00253930
-676.23762376	-0.00276033
-676.20462046	-0.00173869
-676.17161716	0.00022369
-676.13861386	0.00299300
-676.10561056	0.00611285
-676.07260726	0.00912314
-676.03960396	0.01181922
-676.00660066	0.01363640
-675.97359736	0.01481637
-675.94059406	0.01537974
-675.90759076	0.01521921
-675.87458746	0.01480065
-675.84158416	0.01403797
-675.80858086	0.01315391
-675.77557756	0.01258676
-675.74257426	0.01228950
-675.70957096	0.01272496
-675.67656766	0.01361543
-675.64356436	0.01487427
-675.61056106	0.01613707
-675.57755776	0.01672948
-675.54455446	0.01672455
-675.51155116	0.01585622
-675.47854785	0.01420287
-675.44554455	0.01182266
-675.41254125	0.00909615
-675.37953795	0.00583109
-675.34653465	0.00240453
-675.31353135	-0.00133959
-675.28052805	-0.00480277
-675.24752475	-0.00804178
-675.21452145	-0.01088339
-675.18151815	-0.01324086
-675.14851485	-0.01479531
-675.11551155	-0.01564169
-675.08250825	-0.01558675
-675.04950495	-0.01417709
-675.01650165	-0.01186400
-674.98349835	-0.00818222
-674.95049505	-0.00416326
-674.91749175	0.00004896
-674.88448845	0.00352534
-674.85148515	0.00565855
-674.81848185	0.00638482
-674.78547855	0.00541067
-674.75247525	0.00287923
-674.71947195	-0.00057466
-674.68646865	-0.00480054
-674.65346535	-0.00900506
-674.62046205	-0.01269261
-674.58745875	-0.01536498
-674.55445545	-0.01669814
-674.52145215	-0.01667852
-674.48844884	-0.01564216
-674.45544554	-0.01364598
-674.42244224	-0.01135618
-674.38943894	-0.00880951
-674.35643564	-0.00616972
-674.32343234	-0.00353348
-674.29042904	-0.00098248
-674.25742574	0.00154925
-674.22442244	0.00371108
-674.19141914	0.00556695
-674.15841584	0.00689549
-674.12541254	0.00751157
-674.09240924	0.00761501
-674.05940594	0.00744075
-674.02640264	0.00731012
-673.99339934	0.00722673
-673.96039604	0.00759334
-673.92739274	0.00820074
-673.89438944	0.00892170
-673.86138614	0.00960824
-673.82838284	0.01048175
-673.79537954	0.01102850
-673.76237624	0.01146310
-673.72937294	0.01173070
-673.69636964	0.01158115
-673.66336634	0.01118656
-673.63036304	0.01031883
-673.59735974	0.00899733
-673.56435644	0.00751517
-673.53135314	0.00554988
-673.49834983	0.00352435
-673.46534653	0.00128022
-673.43234323	-0.00092653
-673.39933993	-0.00289206
-673.36633663	-0.00456326
-673.33333333	-0.00515601
-673.30033003	-0.00449943
-673.26732673	-0.00256666
-673.23432343	0.00053981
-673.20132013	0.00427535
-673.16831683	0.00806251
-673.13531353	0.01149546
-673.10231023	0.01390954
-673.06930693	0.01562154
-673.03630363	0.01579108
-673.00330033	0.01489345
-672.97029703	0.01309707
-672.93729373	0.01032341
-672.90429043	0.00733177
-672.87128713	0.00461906
-672.83828383	0.00226129
-672.80528053	0.00103538
-672.77227723	0.00060316
-672.73927393	0.00095581
-672.70627063	0.00157137
-672.67326733	0.00253823
-672.64026403	0.00288530
-672.60726073	0.00325838
-672.57425743	0.00323624
-672.54125413	0.00294802
-672.50825083	0.00241646
-672.47524752	0.00182564
-672.44224422	0.00112947
-672.40924092	0.00061467
-672.37623762	0.00046798
-672.34323432	0.00058972
-672.31023102	0.00128178
-672.27722772	0.00210000
-672.24422442	0.00321577
-672.21122112	0.00406835
-672.17821782	0.00433948
-672.14521452	0.00445670
-672.11221122	0.00393825
-672.07920792	0.00313823
-672.04620462	0.00212085
-672.01320132	0.00117718
-671.98019802	-0.00002084
-671.94719472	-0.00095530
-671.91419142	-0.00212410
-671.88118812	-0.00335565
-671.84818482	-0.00481825
-671.81518152	-0.00643969
-671.78217822	-0.00838084
-671.74917492	-0.01049160
-671.71617162	-0.01255441
-671.68316832	-0.01477051
-671.65016502	-0.01655211
-671.61716172	-0.01776662
-671.58415842	-0.01808439
-671.55115512	-0.01737278
-671.51815182	-0.01525447
-671.48514851	-0.01238473
-671.45214521	-0.00881196
-671.41914191	-0.00518298
-671.38613861	-0.00200476
-671.35313531	-0.00003954
-671.32013201	0.00067606
-671.28712871	-0.00009697
-671.25412541	-0.00202138
-671.22112211	-0.00488076
-671.18811881	-0.00802620
-671.15511551	-0.01081442
-671.12211221	-0.01291006
-671.08910891	-0.01394887
-671.05610561	-0.01389622
-671.02310231	-0.01263403
-670.99009901	-0.01015666
-670.95709571	-0.00727257
-670.92409241	-0.00390855
-670.89108911	-0.00037413
-670.85808581	0.00244648
-670.82508251	0.00460677
-670.79207921	0.00586451
-670.75907591	0.00578408
-670.72607261	0.00482674
-670.69306931	0.00321578
-670.66006601	0.00124688
-670.62706271	-0.00040590
-670.59405941	-0.00155055
-670.56105611	-0.00181400
-670.52805281	-0.00145080
-670.49504950	-0.00046922
-670.46204620	0.00069112
-670.42904290	0.00170830
-670.39603960	0.00233340
-670.36303630	0.00223417
-670.33003300	0.00156481
-670.29702970	0.00033814
-670.26402640	-0.00106628
-670.23102310	-0.00237789
-670.19801980	-0.00359904
-670.16501650	-0.00504610
-670.13201320	-0.00639287
-670.09900990	-0.00793036
-670.06600660	-0.00964256
-670.03300330	-0.01116249
-670.00000000	-0.01296508
-669.96699670	-0.01426898
-669.93399340	-0.01561289
-669.90099010	-0.01661628
-669.86798680	-0.01763407
-669.83498350	-0.01824766
-669.80198020	-0.01839240
-669.76897690	-0.01816816
-669.73597360	-0.01706189
-669.70297030	-0.01543136
-669.66996700	-0.01345485
-669.63696370	-0.01129098
-669.60396040	-0.00921125
-669.57095710	-0.00728687
-669.53795380	-0.00550257
-669.50495050	-0.00419136
-669.47194719	-0.00316563
-669.43894389	-0.00245008
-669.40594059	-0.00181500
-669.37293729	-0.00143347
-669.33993399	-0.00083332
-669.30693069	0.00001755
-669.27392739	0.00125493
-669.24092409	0.00281560
-669.20792079	0.00457702
-669.17491749	0.00623353
-669.14191419	0.00755349
-669.10891089	0.00843807
-669.07590759	0.00837803
-669.04290429	0.00780821
-669.00990099	0.00656795
-668.97689769	0.00504259
-668.94389439	0.00315441
-668.91089109	0.00124260
-668.87788779	-0.00056171
-668.84488449	-0.00245568
-668.81188119	-0.00420651
-668.77887789	-0.00598929
-668.74587459	-0.00713756
-668.71287129	-0.00790023
-668.67986799	-0.00792643
-668.64686469	-0.00749428
-668.61386139	-0.00630884
-668.58085809	-0.00487524
-668.54785479	-0.00353062
-668.51485149	-0.00215535
-668.48184818	-0.00126101
-668.44884488	-0.00081672
-668.41584158	-0.00113264
-668.38283828	-0.00189071
-668.34983498	-0.00338561
-668.31683168	-0.00495505
-668.28382838	-0.00686448
-668.25082508	-0.00834772
-668.21782178	-0.00969523
-668.18481848	-0.01048688
-668.15181518	-0.01072018
-668.11881188	-0.01067172
-668.08580858	-0.00978638
-668.05280528	-0.00870509
-668.01980198	-0.00729072
-667.98679868	-0.00549212
-667.95379538	-0.00388774
-667.92079208	-0.00251135
-667.88778878	-0.00126857
-667.85478548	-0.00025470
-667.82178218	0.00066549
-667.78877888	0.00138316
-667.75577558	0.00195165
-667.72277228	0.00222447
-667.68976898	0.00226465
-667.65676568	0.00189540
-667.62376238	0.00171122
-667.59075908	0.00153509
-667.55775578	0.00198244
-667.52475248	0.00302597
-667.49174917	0.00475142
-667.45874587	0.00717783
-667.42574257	0.01028341
-667.39273927	0.01361441
-667.35973597	0.01704909
-667.32673267	0.02036386
-667.29372937	0.02316429
-667.26072607	0.02511737
-667.22772277	0.02612481
-667.19471947	0.02593237
-667.16171617	0.02451132
-667.12871287	0.02217046
-667.09570957	0.01915882
-667.06270627	0.01570118
-667.02970297	0.01230649
-666.99669967	0.00931180
-666.96369637	0.00711010
-666.93069307	0.00548265
-666.89768977	0.00459972
-666.86468647	0.00406641
-666.83168317	0.00365321
-666.79867987	0.00325499
-666.76567657	0.00254042
-666.73267327	0.00131552
-666.69966997	-0.00008699
-666.66666667	-0.00176701
-666.63366337	-0.00386328
-666.60066007	-0.00588937
-666.56765677	-0.00761959
-666.53465347	-0.00899248
-666.50165017	-0.00946146
-666.46864686	-0.00906476
-666.43564356	-0.00772563
-666.40264026	-0.00558296
-666.36963696	-0.00279927
-666.33663366	0.00017268
-666.30363036	0.00321178
-666.27062706	0.00616925
-666.23762376	0.00875157
-666.20462046	0.01092798
-666.17161716	0.01268255
-666.13861386	0.01363988
-666.10561056	0.01404273
-666.07260726	0.01367445
-666.03960396	0.01267071
-666.00660066	0.01122480
-665.97359736	0.00931095
-665.94059406	0.00707796
-665.90759076	0.00466374
-665.87458746	0.00236086
-665.84158416	0.00022365
-665.80858086	-0.00162615
-665.77557756	-0.00316517
-665.74257426	-0.00428191
-665.70957096	-0.00506180
-665.67656766	-0.00563967
-665.64356436	-0.00587409
-665.61056106	-0.00600042
-665.57755776	-0.00578024
-665.54455446	-0.00553397
-665.51155116	-0.00545074
-665.47854785	-0.00556518
-665.44554455	-0.00573227
-665.41254125	-0.00625647
-665.37953795	-0.00675369
-665.34653465	-0.00696303
-665.31353135	-0.00707683
-665.28052805	-0.00671969
-665.24752475	-0.00586181
-665.21452145	-0.00469010
-665.18151815	-0.00289855
-665.14851485	-0.00111629
-665.11551155	0.00071734
-665.08250825	0.00264169
-665.04950495	0.00427683
-665.01650165	0.00544524
-664.98349835	0.00658425
-664.95049505	0.00772328
-664.91749175	0.00872751
-664.88448845	0.00990565
-664.85148515	0.01110969
-664.81848185	0.01227472
-664.78547855	0.01283718
-664.75247525	0.01305001
-664.71947195	0.01266592
-664.68646865	0.01170617
-664.65346535	0.01038545
-664.62046205	0.00901990
-664.58745875	0.00758342
-664.55445545	0.00660112
-664.52145215	0.00631890
-664.48844884	0.00660191
-664.45544554	0.00740906
-664.42244224	0.00831895
-664.38943894	0.00931288
-664.35643564	0.01010842
-664.32343234	0.01030550
-664.29042904	0.01008630
-664.25742574	0.00955784
-664.22442244	0.00884991
-664.19141914	0.00780523
-664.15841584	0.00636427
-664.12541254	0.00465337
-664.09240924	0.00293114
-664.05940594	0.00113040
-664.02640264	-0.00053246
-663.99339934	-0.00185383
-663.96039604	-0.00290636
-663.92739274	-0.00377751
-663.89438944	-0.00438637
-663.86138614	-0.00514145
-663.82838284	-0.00577268
-663.79537954	-0.00641907
-663.76237624	-0.00719657
-663.72937294	-0.00766470
-663.69636964	-0.00783295
-663.66336634	-0.00749206
-663.63036304	-0.00671160
-663.59735974	-0.00545037
-663.56435644	-0.00382555
-663.53135314	-0.00227037
-663.49834983	-0.00085506
-663.46534653	0.00024467
-663.43234323	0.00095683
-663.39933993	0.00131281
-663.36633663	0.00135944
-663.33333333	0.00135623
-663.30033003	0.00138556
-663.26732673	0.00161353
-663.23432343	0.00236780
-663.20132013	0.00359606
-663.16831683	0.00530478
-663.13531353	0.00731245
-663.10231023	0.00911249
-663.06930693	0.01044695
-663.03630363	0.01069819
-663.00330033	0.01005563
-662.97029703	0.00832631
-662.93729373	0.00558111
-662.90429043	0.00232537
-662.87128713	-0.00137232
-662.83828383	-0.00506318
-662.80528053	-0.00834335
-662.77227723	-0.01079009
-662.73927393	-0.01239540
-662.70627063	-0.01292082
-662.67326733	-0.01261079
-662.64026403	-0.01185435
-662.60726073	-0.01071557
-662.57425743	-0.00979383
-662.54125413	-0.00905033
-662.50825083	-0.00886581
-662.47524752	-0.00911757
-662.44224422	-0.00976242
-662.40924092	-0.01068433
-662.37623762	-0.01145594
-662.34323432	-0.01182516
-662.31023102	-0.01170465
-662.27722772	-0.01087832
-662.24422442	-0.00945578
-662.21122112	-0.00736619
-662.17821782	-0.00499852
-662.14521452	-0.00259556
-662.11221122	-0.00033813
-662.07920792	0.00156900
-662.04620462	0.00329337
-662.01320132	0.00418894
-661.98019802	0.00452250
-661.94719472	0.00414318
-661.91419142	0.00310391
-661.88118812	0.00164826
-661.84818482	0.00004199
-661.81518152	-0.00131268
-661.78217822	-0.00228558
-661.74917492	-0.00253278
-661.71617162	-0.00201624
-661.68316832	-0.00102797
-661.65016502	0.00011550
-661.61716172	0.00131607
-661.58415842	0.00237852
-661.55115512	0.00279073
-661.51815182	0.00277850
-661.48514851	0.00217549
-661.45214521	0.00118320
-661.41914191	-0.00019487
-661.38613861	-0.00165324
-661.35313531	-0.00305436
-661.32013201	-0.00422505
-661.28712871	-0.00494396
-661.25412541	-0.00535152
-661.22112211	-0.00512971
-661.18811881	-0.00466214
-661.15511551	-0.00371334
-661.12211221	-0.00271086
-661.08910891	-0.00179066
-661.05610561	-0.00091653
-661.02310231	-0.00023585
-660.99009901	0.00024646
-660.95709571	0.00028190
-660.92409241	-0.00006438
-660.89108911	-0.00070059
-660.85808581	-0.00176591
-660.82508251	-0.00305067
-660.79207921	-0.00459479
-660.75907591	-0.00626015
-660.72607261	-0.00769379
-660.69306931	-0.00877039
-660.66006601	-0.00953078
-660.62706271	-0.00964646
-660.59405941	-0.00961810
-660.56105611	-0.00923570
-660.52805281	-0.00850853
-660.49504950	-0.00756930
-660.46204620	-0.00590890
-660.42904290	-0.00377061
-660.39603960	-0.00138248
-660.36303630	0.00096934
-660.33003300	0.00320247
-660.29702970	0.00491749
-660.26402640	0.00583251
-660.23102310	0.00580978
-660.19801980	0.00494736
-660.16501650	0.00323567
-660.13201320	0.00097684
-660.09900990	-0.00131427
-660.06600660	-0.00337750
-660.03300330	-0.00531643
-660.00000000	-0.00652144
