# Menlo Systems GmbH ScanControl
# Program Version 1.14.3
# Start: -740.00000000 ps, Average over 1000 waveforms. Timestamp: 2026-02-03T16:11:22
# User time axis shift: 0 ps
# Time axis offset: 0 ps
# Time [ps]	THz Signal [a.u.]
-740.00000000	-0.00013302
-739.96699670	-0.00023027
-739.93399340	-0.00010295
-739.90099010	-0.00020686
-739.86798680	-0.00017918
-739.83498350	-0.00008889
-739.80198020	-0.00021959
-739.76897690	-0.00020601
-739.73597360	-0.00009357
-739.70297030	-0.00018109
-739.66996700	-0.00009744
-739.63696370	-0.00012392
-739.60396040	-0.00008587
-739.57095710	-0.00004947
-739.53795380	-0.00005525
-739.50495050	-0.00000264
-739.47194719	-0.00005479
-739.43894389	0.00002283
-739.40594059	0.00001424
-739.37293729	0.00004808
-739.33993399	0.00004738
-739.30693069	0.00011607
-739.27392739	0.00017895
-739.24092409	0.00019612
-739.20792079	0.00019799
-739.17491749	0.00014943
-739.14191419	0.00018562
-739.10891089	0.00029437
-739.07590759	0.00034953
-739.04290429	0.00031020
-739.00990099	0.00043230
-738.97689769	0.00056200
-738.94389439	0.00044610
-738.91089109	0.00038962
-738.87788779	0.00047723
-738.84488449	0.00057429
-738.81188119	0.00058840
-738.77887789	0.00053203
-738.74587459	0.00062498
-738.71287129	0.00063918
-738.67986799	0.00067288
-738.64686469	0.00072805
-738.61386139	0.00074555
-738.58085809	0.00076106
-738.54785479	0.00068948
-738.51485149	0.00070147
-738.48184818	0.00075632
-738.44884488	0.00067892
-738.41584158	0.00069872
-738.38283828	0.00074135
-738.34983498	0.00073049
-738.31683168	0.00069088
-738.28382838	0.00071673
-738.25082508	0.00064821
-738.21782178	0.00072891
-738.18481848	0.00063047
-738.15181518	0.00067168
-738.11881188	0.00061561
-738.08580858	0.00047848
-738.05280528	0.00050219
-738.01980198	0.00052060
-737.98679868	0.00044344
-737.95379538	0.00052492
-737.92079208	0.00050052
-737.88778878	0.00057461
-737.85478548	0.00033105
-737.82178218	0.00033982
-737.78877888	0.00035323
-737.75577558	0.00031365
-737.72277228	0.00022792
-737.68976898	0.00022014
-737.65676568	0.00024327
-737.62376238	0.00024592
-737.59075908	0.00022702
-737.55775578	0.00016748
-737.52475248	0.00009920
-737.49174917	0.00004028
-737.45874587	0.00008631
-737.42574257	0.00005174
-737.39273927	-0.00001312
-737.35973597	-0.00008526
-737.32673267	-0.00006341
-737.29372937	-0.00005266
-737.26072607	-0.00001950
-737.22772277	-0.00002470
-737.19471947	-0.00004102
-737.16171617	-0.00006414
-737.12871287	0.00001854
-737.09570957	-0.00006475
-737.06270627	-0.00002619
-737.02970297	-0.00004310
-736.99669967	0.00000381
-736.96369637	0.00003245
-736.93069307	0.00002143
-736.89768977	0.00003744
-736.86468647	0.00004095
-736.83168317	0.00010427
-736.79867987	0.00004425
-736.76567657	0.00008046
-736.73267327	0.00012517
-736.69966997	0.00018584
-736.66666667	0.00021968
-736.63366337	0.00025347
-736.60066007	0.00023953
-736.56765677	0.00030665
-736.53465347	0.00029965
-736.50165017	0.00031444
-736.46864686	0.00022452
-736.43564356	0.00025431
-736.40264026	0.00025286
-736.36963696	0.00038736
-736.33663366	0.00036132
-736.30363036	0.00037935
-736.27062706	0.00039805
-736.23762376	0.00034448
-736.20462046	0.00035786
-736.17161716	0.00036881
-736.13861386	0.00038648
-736.10561056	0.00041343
-736.07260726	0.00036776
-736.03960396	0.00034111
-736.00660066	0.00034043
-735.97359736	0.00029670
-735.94059406	0.00035655
-735.90759076	0.00038585
-735.87458746	0.00037638
-735.84158416	0.00031219
-735.80858086	0.00035239
-735.77557756	0.00029840
-735.74257426	0.00028128
-735.70957096	0.00030296
-735.67656766	0.00028223
-735.64356436	0.00025903
-735.61056106	0.00022067
-735.57755776	0.00020972
-735.54455446	0.00026810
-735.51155116	0.00029698
-735.47854785	0.00016350
-735.44554455	0.00015319
-735.41254125	0.00035049
-735.37953795	0.00023907
-735.34653465	0.00013391
-735.31353135	0.00015954
-735.28052805	0.00014568
-735.24752475	0.00014535
-735.21452145	0.00005356
-735.18151815	0.00013595
-735.14851485	0.00010367
-735.11551155	0.00017646
-735.08250825	0.00010105
-735.04950495	0.00003820
-735.01650165	0.00008758
-734.98349835	0.00008739
-734.95049505	0.00002336
-734.91749175	-0.00001740
-734.88448845	0.00008264
-734.85148515	0.00009357
-734.81848185	0.00002056
-734.78547855	0.00005859
-734.75247525	0.00008180
-734.71947195	0.00005726
-734.68646865	0.00014394
-734.65346535	0.00010457
-734.62046205	0.00020220
-734.58745875	0.00019074
-734.55445545	0.00015683
-734.52145215	0.00028252
-734.48844884	0.00029649
-734.45544554	0.00023170
-734.42244224	0.00032562
-734.38943894	0.00035709
-734.35643564	0.00040068
-734.32343234	0.00039692
-734.29042904	0.00040759
-734.25742574	0.00056280
-734.22442244	0.00053043
-734.19141914	0.00056118
-734.15841584	0.00067864
-734.12541254	0.00070625
-734.09240924	0.00079326
-734.05940594	0.00085417
-734.02640264	0.00066016
-733.99339934	0.00086194
-733.96039604	0.00096097
-733.92739274	0.00090321
-733.89438944	0.00088921
-733.86138614	0.00099064
-733.82838284	0.00100860
-733.79537954	0.00092968
-733.76237624	0.00092352
-733.72937294	0.00087449
-733.69636964	0.00085572
-733.66336634	0.00088221
-733.63036304	0.00080167
-733.59735974	0.00069061
-733.56435644	0.00056383
-733.53135314	0.00041378
-733.49834983	0.00035324
-733.46534653	0.00019884
-733.43234323	0.00003146
-733.39933993	-0.00020359
-733.36633663	-0.00027414
-733.33333333	-0.00055167
-733.30033003	-0.00062046
-733.26732673	-0.00078592
-733.23432343	-0.00094169
-733.20132013	-0.00113914
-733.16831683	-0.00116712
-733.13531353	-0.00120495
-733.10231023	-0.00127725
-733.06930693	-0.00148326
-733.03630363	-0.00151319
-733.00330033	-0.00160896
-732.97029703	-0.00153693
-732.93729373	-0.00159482
-732.90429043	-0.00169899
-732.87128713	-0.00168340
-732.83828383	-0.00161365
-732.80528053	-0.00156229
-732.77227723	-0.00133452
-732.73927393	-0.00126268
-732.70627063	-0.00094490
-732.67326733	-0.00060472
-732.64026403	-0.00019401
-732.60726073	0.00008619
-732.57425743	0.00056078
-732.54125413	0.00085630
-732.50825083	0.00128208
-732.47524752	0.00152202
-732.44224422	0.00169075
-732.40924092	0.00191170
-732.37623762	0.00188927
-732.34323432	0.00196116
-732.31023102	0.00184208
-732.27722772	0.00183610
-732.24422442	0.00167120
-732.21122112	0.00142937
-732.17821782	0.00131952
-732.14521452	0.00115143
-732.11221122	0.00099584
-732.07920792	0.00083091
-732.04620462	0.00072468
-732.01320132	0.00065809
-731.98019802	0.00058974
-731.94719472	0.00054228
-731.91419142	0.00043610
-731.88118812	0.00040395
-731.84818482	0.00041919
-731.81518152	0.00038582
-731.78217822	0.00037596
-731.74917492	0.00026983
-731.71617162	0.00030620
-731.68316832	0.00026478
-731.65016502	0.00033084
-731.61716172	0.00024669
-731.58415842	0.00023212
-731.55115512	0.00017676
-731.51815182	0.00008446
-731.48514851	0.00015605
-731.45214521	0.00012502
-731.41914191	-0.00002254
-731.38613861	0.00008552
-731.35313531	0.00007077
-731.32013201	-0.00000148
-731.28712871	0.00007304
-731.25412541	0.00009985
-731.22112211	0.00002999
-731.18811881	0.00016396
-731.15511551	0.00008146
-731.12211221	0.00014173
-731.08910891	0.00013299
-731.05610561	0.00024288
-731.02310231	0.00018511
-730.99009901	0.00029179
-730.95709571	0.00020758
-730.92409241	0.00023909
-730.89108911	0.00020513
-730.85808581	0.00021424
-730.82508251	0.00023494
-730.79207921	0.00016830
-730.75907591	0.00010179
-730.72607261	0.00017068
-730.69306931	0.00009261
-730.66006601	0.00019621
-730.62706271	0.00004581
-730.59405941	0.00016892
-730.56105611	0.00031780
-730.52805281	0.00015078
-730.49504950	0.00026883
-730.46204620	0.00038414
-730.42904290	0.00029790
-730.39603960	0.00030915
-730.36303630	0.00038293
-730.33003300	0.00031275
-730.29702970	0.00032387
-730.26402640	0.00043223
-730.23102310	0.00021467
-730.19801980	0.00029566
-730.16501650	0.00016253
-730.13201320	0.00019861
-730.09900990	0.00021747
-730.06600660	0.00014688
-730.03300330	0.00010724
-730.00000000	0.00003870
-729.96699670	0.00009540
-729.93399340	-0.00003597
-729.90099010	0.00006146
-729.86798680	0.00000377
-729.83498350	0.00000845
-729.80198020	-0.00003900
-729.76897690	-0.00000624
-729.73597360	-0.00000451
-729.70297030	-0.00004260
-729.66996700	-0.00013677
-729.63696370	0.00001801
-729.60396040	-0.00008267
-729.57095710	-0.00001453
-729.53795380	-0.00012858
-729.50495050	-0.00000088
-729.47194719	-0.00008133
-729.43894389	-0.00001663
-729.40594059	-0.00002111
-729.37293729	0.00002542
-729.33993399	0.00005974
-729.30693069	0.00007684
-729.27392739	0.00013056
-729.24092409	0.00024017
-729.20792079	0.00030778
-729.17491749	0.00035286
-729.14191419	0.00051026
-729.10891089	0.00046579
-729.07590759	0.00057825
-729.04290429	0.00063817
-729.00990099	0.00059079
-728.97689769	0.00051757
-728.94389439	0.00040533
-728.91089109	0.00016047
-728.87788779	-0.00014338
-728.84488449	-0.00048778
-728.81188119	-0.00106972
-728.77887789	-0.00164691
-728.74587459	-0.00241010
-728.71287129	-0.00301796
-728.67986799	-0.00362546
-728.64686469	-0.00417924
-728.61386139	-0.00456230
-728.58085809	-0.00458304
-728.54785479	-0.00438920
-728.51485149	-0.00395135
-728.48184818	-0.00323833
-728.44884488	-0.00239624
-728.41584158	-0.00131732
-728.38283828	-0.00029425
-728.34983498	0.00065281
-728.31683168	0.00158733
-728.28382838	0.00235818
-728.25082508	0.00300868
-728.21782178	0.00351094
-728.18481848	0.00396957
-728.15181518	0.00413550
-728.11881188	0.00446672
-728.08580858	0.00439822
-728.05280528	0.00453058
-728.01980198	0.00449811
-727.98679868	0.00438430
-727.95379538	0.00434517
-727.92079208	0.00437166
-727.88778878	0.00422461
-727.85478548	0.00403354
-727.82178218	0.00406448
-727.78877888	0.00380923
-727.75577558	0.00370288
-727.72277228	0.00353489
-727.68976898	0.00360053
-727.65676568	0.00328362
-727.62376238	0.00331611
-727.59075908	0.00326088
-727.55775578	0.00314653
-727.52475248	0.00300382
-727.49174917	0.00296494
-727.45874587	0.00288179
-727.42574257	0.00270805
-727.39273927	0.00251736
-727.35973597	0.00240980
-727.32673267	0.00221220
-727.29372937	0.00207756
-727.26072607	0.00184098
-727.22772277	0.00171909
-727.19471947	0.00150778
-727.16171617	0.00143224
-727.12871287	0.00123174
-727.09570957	0.00128266
-727.06270627	0.00110880
-727.02970297	0.00120306
-726.99669967	0.00123308
-726.96369637	0.00116194
-726.93069307	0.00130377
-726.89768977	0.00108816
-726.86468647	0.00123303
-726.83168317	0.00098813
-726.79867987	0.00104727
-726.76567657	0.00075554
-726.73267327	0.00075888
-726.69966997	0.00030305
-726.66666667	0.00028763
-726.63366337	-0.00007377
-726.60066007	-0.00013194
-726.56765677	-0.00045509
-726.53465347	-0.00054352
-726.50165017	-0.00062902
-726.46864686	-0.00068577
-726.43564356	-0.00069244
-726.40264026	-0.00061138
-726.36963696	-0.00056495
-726.33663366	-0.00055365
-726.30363036	-0.00042654
-726.27062706	-0.00051996
-726.23762376	-0.00039566
-726.20462046	-0.00063810
-726.17161716	-0.00052753
-726.13861386	-0.00066502
-726.10561056	-0.00071601
-726.07260726	-0.00082018
-726.03960396	-0.00095098
-726.00660066	-0.00101358
-725.97359736	-0.00096579
-725.94059406	-0.00110580
-725.90759076	-0.00092080
-725.87458746	-0.00097404
-725.84158416	-0.00061743
-725.80858086	-0.00057352
-725.77557756	-0.00028098
-725.74257426	-0.00009016
-725.70957096	0.00011751
-725.67656766	0.00014478
-725.64356436	0.00014712
-725.61056106	-0.00013947
-725.57755776	-0.00033778
-725.54455446	-0.00090368
-725.51155116	-0.00143211
-725.47854785	-0.00196360
-725.44554455	-0.00254231
-725.41254125	-0.00276240
-725.37953795	-0.00286697
-725.34653465	-0.00250440
-725.31353135	-0.00172815
-725.28052805	-0.00044223
-725.24752475	0.00093135
-725.21452145	0.00285399
-725.18151815	0.00462272
-725.14851485	0.00630219
-725.11551155	0.00778169
-725.08250825	0.00876237
-725.04950495	0.00928536
-725.01650165	0.00951908
-724.98349835	0.00924654
-724.95049505	0.00887554
-724.91749175	0.00824509
-724.88448845	0.00785354
-724.85148515	0.00724937
-724.81848185	0.00700155
-724.78547855	0.00682587
-724.75247525	0.00675914
-724.71947195	0.00668948
-724.68646865	0.00681573
-724.65346535	0.00676988
-724.62046205	0.00660496
-724.58745875	0.00631626
-724.55445545	0.00577646
-724.52145215	0.00503493
-724.48844884	0.00400547
-724.45544554	0.00279197
-724.42244224	0.00150151
-724.38943894	0.00007976
-724.35643564	-0.00140068
-724.32343234	-0.00293093
-724.29042904	-0.00443622
-724.25742574	-0.00592529
-724.22442244	-0.00732764
-724.19141914	-0.00879202
-724.15841584	-0.01022561
-724.12541254	-0.01154378
-724.09240924	-0.01308784
-724.05940594	-0.01461013
-724.02640264	-0.01636825
-723.99339934	-0.01839274
-723.96039604	-0.02055503
-723.92739274	-0.02313885
-723.89438944	-0.02570218
-723.86138614	-0.02863783
-723.82838284	-0.03133043
-723.79537954	-0.03372753
-723.76237624	-0.03566917
-723.72937294	-0.03686231
-723.69636964	-0.03696100
-723.66336634	-0.03616869
-723.63036304	-0.03413319
-723.59735974	-0.03118580
-723.56435644	-0.02731491
-723.53135314	-0.02332940
-723.49834983	-0.01908647
-723.46534653	-0.01533394
-723.43234323	-0.01227380
-723.39933993	-0.00989598
-723.36633663	-0.00848275
-723.33333333	-0.00754811
-723.30033003	-0.00736225
-723.26732673	-0.00712287
-723.23432343	-0.00718754
-723.20132013	-0.00711593
-723.16831683	-0.00709490
-723.13531353	-0.00673594
-723.10231023	-0.00650003
-723.06930693	-0.00596246
-723.03630363	-0.00531377
-723.00330033	-0.00443697
-722.97029703	-0.00348177
-722.93729373	-0.00253174
-722.90429043	-0.00151143
-722.87128713	-0.00035046
-722.83828383	0.00059134
-722.80528053	0.00204922
-722.77227723	0.00319354
-722.73927393	0.00486015
-722.70627063	0.00646534
-722.67326733	0.00836315
-722.64026403	0.01032351
-722.60726073	0.01229615
-722.57425743	0.01437801
-722.54125413	0.01660762
-722.50825083	0.01868630
-722.47524752	0.02103946
-722.44224422	0.02340821
-722.40924092	0.02619382
-722.37623762	0.02918659
-722.34323432	0.03272068
-722.31023102	0.03662426
-722.27722772	0.04115908
-722.24422442	0.04603492
-722.21122112	0.05151806
-722.17821782	0.05751944
-722.14521452	0.06410915
-722.11221122	0.07109925
-722.07920792	0.07836832
-722.04620462	0.08598679
-722.01320132	0.09370174
-721.98019802	0.10101076
-721.94719472	0.10843598
-721.91419142	0.11519789
-721.88118812	0.12195770
-721.84818482	0.12839870
-721.81518152	0.13489483
-721.78217822	0.14162698
-721.74917492	0.14900636
-721.71617162	0.15700553
-721.68316832	0.16664666
-721.65016502	0.17781284
-721.61716172	0.19119254
-721.58415842	0.20720081
-721.55115512	0.22592106
-721.51815182	0.24749432
-721.48514851	0.27200664
-721.45214521	0.29890414
-721.41914191	0.32764801
-721.38613861	0.35720602
-721.35313531	0.38667100
-721.32013201	0.41428821
-721.28712871	0.43862100
-721.25412541	0.45745381
-721.22112211	0.46922078
-721.18811881	0.47158932
-721.15511551	0.46300261
-721.12211221	0.44192856
-721.08910891	0.40789212
-721.05610561	0.36108581
-721.02310231	0.30215967
-720.99009901	0.23346854
-720.95709571	0.15787068
-720.92409241	0.07836502
-720.89108911	-0.00141566
-720.85808581	-0.07853216
-720.82508251	-0.15116400
-720.79207921	-0.21892517
-720.75907591	-0.28323651
-720.72607261	-0.34778531
-720.69306931	-0.41774938
-720.66006601	-0.49984000
-720.62706271	-0.60086770
-720.59405941	-0.72754471
-720.56105611	-0.88387436
-720.52805281	-1.07129990
-720.49504950	-1.28624969
-720.46204620	-1.51958122
-720.42904290	-1.75613792
-720.39603960	-1.97489262
-720.36303630	-2.15141175
-720.33003300	-2.26045415
-720.29702970	-2.28056242
-720.26402640	-2.19587746
-720.23102310	-2.00129398
-720.19801980	-1.70371704
-720.16501650	-1.32210186
-720.13201320	-0.88616674
-720.09900990	-0.43135112
-720.06600660	0.00667448
-720.03300330	0.39875691
-720.00000000	0.72500375
-719.96699670	0.97743072
-719.93399340	1.15769906
-719.90099010	1.27338315
-719.86798680	1.33418168
-719.83498350	1.34908694
-719.80198020	1.32660899
-719.76897690	1.27406173
-719.73597360	1.20081938
-719.70297030	1.11559694
-719.66996700	1.02672018
-719.63696370	0.94038202
-719.60396040	0.85805419
-719.57095710	0.77864628
-719.53795380	0.69941337
-719.50495050	0.61895338
-719.47194719	0.53895067
-719.43894389	0.46305618
-719.40594059	0.39613345
-719.37293729	0.34134191
-719.33993399	0.29903225
-719.30693069	0.26711550
-719.27392739	0.24233682
-719.24092409	0.22113273
-719.20792079	0.19999723
-719.17491749	0.17694730
-719.14191419	0.14985896
-719.10891089	0.11815161
-719.07590759	0.08196986
-719.04290429	0.04357396
-719.00990099	0.00475556
-718.97689769	-0.03168381
-718.94389439	-0.06414947
-718.91089109	-0.09104826
-718.87788779	-0.11009365
-718.84488449	-0.11961571
-718.81188119	-0.11711513
-718.77887789	-0.10120056
-718.74587459	-0.07204719
-718.71287129	-0.03225541
-718.67986799	0.01426656
-718.64686469	0.06179143
-718.61386139	0.10463969
-718.58085809	0.13773529
-718.54785479	0.15720332
-718.51485149	0.16182031
-718.48184818	0.15180963
-718.44884488	0.12930597
-718.41584158	0.09690321
-718.38283828	0.05690234
-718.34983498	0.01212218
-718.31683168	-0.03406264
-718.28382838	-0.07706918
-718.25082508	-0.11222538
-718.21782178	-0.13487941
-718.18481848	-0.14230204
-718.15181518	-0.13473920
-718.11881188	-0.11414201
-718.08580858	-0.08452399
-718.05280528	-0.05112598
-718.01980198	-0.01874835
-717.98679868	0.00797177
-717.95379538	0.02624356
-717.92079208	0.03504609
-717.88778878	0.03577987
-717.85478548	0.03114780
-717.82178218	0.02366272
-717.78877888	0.01561418
-717.75577558	0.00748748
-717.72277228	-0.00065228
-717.68976898	-0.00937788
-717.65676568	-0.01805834
-717.62376238	-0.02656057
-717.59075908	-0.03360905
-717.55775578	-0.03845079
-717.52475248	-0.04059675
-717.49174917	-0.04068166
-717.45874587	-0.03895017
-717.42574257	-0.03631540
-717.39273927	-0.03284227
-717.35973597	-0.02815693
-717.32673267	-0.02330797
-717.29372937	-0.01981966
-717.26072607	-0.02005562
-717.22772277	-0.02542330
-717.19471947	-0.03565725
-717.16171617	-0.04817620
-717.12871287	-0.05953658
-717.09570957	-0.06666719
-717.06270627	-0.06707599
-717.02970297	-0.06024811
-716.99669967	-0.04608109
-716.96369637	-0.02595522
-716.93069307	-0.00151369
-716.89768977	0.02526793
-716.86468647	0.05224205
-716.83168317	0.07741645
-716.79867987	0.09932444
-716.76567657	0.11632202
-716.73267327	0.12711339
-716.69966997	0.13080946
-716.66666667	0.12586397
-716.63366337	0.11164526
-716.60066007	0.08683355
-716.56765677	0.05251978
-716.53465347	0.01052194
-716.50165017	-0.03457935
-716.46864686	-0.07741020
-716.43564356	-0.11245046
-716.40264026	-0.13583718
-716.36963696	-0.14543767
-716.33663366	-0.14209910
-716.30363036	-0.12750411
-716.27062706	-0.10406121
-716.23762376	-0.07452195
-716.20462046	-0.04189360
-716.17161716	-0.01010892
-716.13861386	0.01638526
-716.10561056	0.03399246
-716.07260726	0.03964479
-716.03960396	0.03398225
-716.00660066	0.01890775
-715.97359736	-0.00170731
-715.94059406	-0.02455995
-715.90759076	-0.04637119
-715.87458746	-0.06557951
-715.84158416	-0.08060477
-715.80858086	-0.09011352
-715.77557756	-0.09356891
-715.74257426	-0.09080953
-715.70957096	-0.08267140
-715.67656766	-0.07113067
-715.64356436	-0.05857805
-715.61056106	-0.04643415
-715.57755776	-0.03541441
-715.54455446	-0.02549426
-715.51155116	-0.01592363
-715.47854785	-0.00682449
-715.44554455	0.00196980
-715.41254125	0.00970802
-715.37953795	0.01604564
-715.34653465	0.02081636
-715.31353135	0.02405761
-715.28052805	0.02494258
-715.24752475	0.02299143
-715.21452145	0.01800521
-715.18151815	0.01041889
-715.14851485	0.00246835
-715.11551155	-0.00266678
-715.08250825	-0.00212617
-715.04950495	0.00562121
-715.01650165	0.01981867
-714.98349835	0.03677518
-714.95049505	0.05158011
-714.91749175	0.05941309
-714.88448845	0.05740126
-714.85148515	0.04524532
-714.81848185	0.02566769
-714.78547855	0.00301510
-714.75247525	-0.01842283
-714.71947195	-0.03589025
-714.68646865	-0.04773439
-714.65346535	-0.05385544
-714.62046205	-0.05513638
-714.58745875	-0.05235010
-714.55445545	-0.04711721
-714.52145215	-0.04071905
-714.48844884	-0.03457721
-714.45544554	-0.02998277
-714.42244224	-0.02751405
-714.38943894	-0.02688682
-714.35643564	-0.02764783
-714.32343234	-0.02859427
-714.29042904	-0.02889328
-714.25742574	-0.02837389
-714.22442244	-0.02834277
-714.19141914	-0.02961398
-714.15841584	-0.03301612
-714.12541254	-0.03741202
-714.09240924	-0.04060530
-714.05940594	-0.03955427
-714.02640264	-0.03240052
-713.99339934	-0.01909671
-713.96039604	-0.00195008
-713.92739274	0.01533033
-713.89438944	0.02973184
-713.86138614	0.03840832
-713.82838284	0.04145637
-713.79537954	0.03965500
-713.76237624	0.03491746
-713.72937294	0.02867927
-713.69636964	0.02165601
-713.66336634	0.01468348
-713.63036304	0.00811688
-713.59735974	0.00259189
-713.56435644	-0.00061192
-713.53135314	-0.00016773
-713.49834983	0.00441066
-713.46534653	0.01324692
-713.43234323	0.02443194
-713.39933993	0.03554248
-713.36633663	0.04385492
-713.33333333	0.04874335
-713.30033003	0.05062163
-713.26732673	0.05220189
-713.23432343	0.05566771
-713.20132013	0.06227407
-713.16831683	0.07133745
-713.13531353	0.08080553
-713.10231023	0.08790233
-713.06930693	0.09034308
-713.03630363	0.08682256
-713.00330033	0.07741300
-712.97029703	0.06355632
-712.93729373	0.04696694
-712.90429043	0.03010434
-712.87128713	0.01538556
-712.83828383	0.00486178
-712.80528053	-0.00019973
-712.77227723	0.00057560
-712.73927393	0.00638828
-712.70627063	0.01589111
-712.67326733	0.02698429
-712.64026403	0.03796947
-712.60726073	0.04763685
-712.57425743	0.05549077
-712.54125413	0.06177773
-712.50825083	0.06767414
-712.47524752	0.07417940
-712.44224422	0.08181231
-712.40924092	0.08999489
-712.37623762	0.09688975
-712.34323432	0.10028742
-712.31023102	0.09820475
-712.27722772	0.08976964
-712.24422442	0.07542785
-712.21122112	0.05701687
-712.17821782	0.03739314
-712.14521452	0.01936742
-712.11221122	0.00492249
-712.07920792	-0.00552534
-712.04620462	-0.01295906
-712.01320132	-0.01929056
-711.98019802	-0.02667983
-711.94719472	-0.03698895
-711.91419142	-0.05231521
-711.88118812	-0.07452211
-711.84818482	-0.10560050
-711.81518152	-0.14639241
-711.78217822	-0.19701953
-711.74917492	-0.25643918
-711.71617162	-0.32229339
-711.68316832	-0.39172937
-711.65016502	-0.46135838
-711.61716172	-0.52703716
-711.58415842	-0.58418400
-711.55115512	-0.62637742
-711.51815182	-0.64812064
-711.48514851	-0.64295277
-711.45214521	-0.60687057
-711.41914191	-0.53873085
-711.38613861	-0.44125738
-711.35313531	-0.32039071
-711.32013201	-0.18590774
-711.28712871	-0.04893447
-711.25412541	0.07949554
-711.22112211	0.19100334
-711.18811881	0.28043459
-711.15511551	0.34638373
-711.12211221	0.39029147
-711.08910891	0.41520855
-711.05610561	0.42393992
-711.02310231	0.41893431
-710.99009901	0.40178615
-710.95709571	0.37453741
-710.92409241	0.33968906
-710.89108911	0.30057767
-710.85808581	0.26068050
-710.82508251	0.22290107
-710.79207921	0.18885586
-710.75907591	0.15903855
-710.72607261	0.13302706
-710.69306931	0.11081913
-710.66006601	0.09211037
-710.62706271	0.07691366
-710.59405941	0.06532214
-710.56105611	0.05654078
-710.52805281	0.05000987
-710.49504950	0.04447814
-710.46204620	0.03915145
-710.42904290	0.03346823
-710.39603960	0.02699110
-710.36303630	0.01997404
-710.33003300	0.01315037
-710.29702970	0.00752518
-710.26402640	0.00352448
-710.23102310	0.00136075
-710.19801980	0.00024389
-710.16501650	-0.00114176
-710.13201320	-0.00447630
-710.09900990	-0.01040506
-710.06600660	-0.01866369
-710.03300330	-0.02808873
-710.00000000	-0.03614036
-709.96699670	-0.03996855
-709.93399340	-0.03797240
-709.90099010	-0.02879368
-709.86798680	-0.01348427
-709.83498350	0.00615432
-709.80198020	0.02654598
-709.76897690	0.04424289
-709.73597360	0.05681556
-709.70297030	0.06260741
-709.66996700	0.06200222
-709.63696370	0.05592703
-709.60396040	0.04610507
-709.57095710	0.03419785
-709.53795380	0.02187050
-709.50495050	0.00995845
-709.47194719	-0.00051532
-709.43894389	-0.00912887
-709.40594059	-0.01508377
-709.37293729	-0.01843010
-709.33993399	-0.01913094
-709.30693069	-0.01731634
-709.27392739	-0.01361289
-709.24092409	-0.00857139
-709.20792079	-0.00297985
-709.17491749	0.00180414
-709.14191419	0.00487453
-709.10891089	0.00500073
-709.07590759	0.00231149
-709.04290429	-0.00260542
-709.00990099	-0.00786229
-708.97689769	-0.01163370
-708.94389439	-0.01273720
-708.91089109	-0.01154509
-708.87788779	-0.00976543
-708.84488449	-0.00931341
-708.81188119	-0.01173057
-708.77887789	-0.01724005
-708.74587459	-0.02513536
-708.71287129	-0.03345924
-708.67986799	-0.04070571
-708.64686469	-0.04560314
-708.61386139	-0.04687445
-708.58085809	-0.04398029
-708.54785479	-0.03700705
-708.51485149	-0.02598586
-708.48184818	-0.01314044
-708.44884488	-0.00009110
-708.41584158	0.01155026
-708.38283828	0.02057480
-708.34983498	0.02745508
-708.31683168	0.03273111
-708.28382838	0.03786114
-708.25082508	0.04318320
-708.21782178	0.04828999
-708.18481848	0.05243421
-708.15181518	0.05419821
-708.11881188	0.05271390
-708.08580858	0.04720950
-708.05280528	0.03792382
-708.01980198	0.02554309
-707.98679868	0.01158019
-707.95379538	-0.00197488
-707.92079208	-0.01386105
-707.88778878	-0.02236940
-707.85478548	-0.02660521
-707.82178218	-0.02667349
-707.78877888	-0.02315027
-707.75577558	-0.01736288
-707.72277228	-0.01087376
-707.68976898	-0.00466816
-707.65676568	0.00054401
-707.62376238	0.00489091
-707.59075908	0.00876640
-707.55775578	0.01267191
-707.52475248	0.01701768
-707.49174917	0.02199537
-707.45874587	0.02680529
-707.42574257	0.03012030
-707.39273927	0.03053983
-707.35973597	0.02630935
-707.32673267	0.01664935
-707.29372937	0.00232580
-707.26072607	-0.01494331
-707.22772277	-0.03267290
-707.19471947	-0.04749671
-707.16171617	-0.05723198
-707.12871287	-0.06125684
-707.09570957	-0.05958691
-707.06270627	-0.05392075
-707.02970297	-0.04584946
-706.99669967	-0.03707802
-706.96369637	-0.02840564
-706.93069307	-0.02079565
-706.89768977	-0.01563895
-706.86468647	-0.01325082
-706.83168317	-0.01382067
-706.79867987	-0.01672678
-706.76567657	-0.02028868
-706.73267327	-0.02260885
-706.69966997	-0.02254802
-706.66666667	-0.01896222
-706.63366337	-0.01178771
-706.60066007	-0.00156959
-706.56765677	0.01087168
-706.53465347	0.02423711
-706.50165017	0.03679726
-706.46864686	0.04668821
-706.43564356	0.05210365
-706.40264026	0.05218577
-706.36963696	0.04686892
-706.33663366	0.03713624
-706.30363036	0.02463391
-706.27062706	0.01146238
-706.23762376	-0.00034893
-706.20462046	-0.01006545
-706.17161716	-0.01688050
-706.13861386	-0.02105145
-706.10561056	-0.02279249
-706.07260726	-0.02216521
-706.03960396	-0.01910117
-706.00660066	-0.01349130
-705.97359736	-0.00501222
-705.94059406	0.00666226
-705.90759076	0.02081723
-705.87458746	0.03674906
-705.84158416	0.05262667
-705.80858086	0.06568366
-705.77557756	0.07326635
-705.74257426	0.07290896
-705.70957096	0.06399054
-705.67656766	0.04734426
-705.64356436	0.02536450
-705.61056106	0.00124527
-705.57755776	-0.02190557
-705.54455446	-0.04120716
-705.51155116	-0.05517940
-705.47854785	-0.06321428
-705.44554455	-0.06491320
-705.41254125	-0.06141934
-705.37953795	-0.05441119
-705.34653465	-0.04554750
-705.31353135	-0.03649515
-705.28052805	-0.02854744
-705.24752475	-0.02275312
-705.21452145	-0.01974884
-705.18151815	-0.01998008
-705.14851485	-0.02330006
-705.11551155	-0.02901531
-705.08250825	-0.03604602
-705.04950495	-0.04249144
-705.01650165	-0.04621755
-704.98349835	-0.04600910
-704.95049505	-0.04087832
-704.91749175	-0.03053646
-704.88448845	-0.01588284
-704.85148515	0.00210446
-704.81848185	0.02193978
-704.78547855	0.04172605
-704.75247525	0.05978800
-704.71947195	0.07446977
-704.68646865	0.08401611
-704.65346535	0.08716033
-704.62046205	0.08332216
-704.58745875	0.07236697
-704.55445545	0.05566711
-704.52145215	0.03514862
-704.48844884	0.01342327
-704.45544554	-0.00713169
-704.42244224	-0.02438908
-704.38943894	-0.03710743
-704.35643564	-0.04473791
-704.32343234	-0.04638039
-704.29042904	-0.04213214
-704.25742574	-0.03208972
-704.22442244	-0.01622199
-704.19141914	0.00465065
-704.15841584	0.02913722
-704.12541254	0.05522228
-704.09240924	0.07921580
-704.05940594	0.09765511
-704.02640264	0.10818431
-703.99339934	0.10846137
-703.96039604	0.09921056
-703.92739274	0.08175908
-703.89438944	0.05818909
-703.86138614	0.03166124
-703.82838284	0.00505106
-703.79537954	-0.01887151
-703.76237624	-0.03761623
-703.72937294	-0.04966551
-703.69636964	-0.05419706
-703.66336634	-0.05190977
-703.63036304	-0.04472324
-703.59735974	-0.03503267
-703.56435644	-0.02527989
-703.53135314	-0.01731180
-703.49834983	-0.01238207
-703.46534653	-0.01041663
-703.43234323	-0.01026410
-703.39933993	-0.01092766
-703.36633663	-0.01102542
-703.33333333	-0.00906972
-703.30033003	-0.00471046
-703.26732673	0.00128124
-703.23432343	0.00769959
-703.20132013	0.01353140
-703.16831683	0.01703630
-703.13531353	0.01761682
-703.10231023	0.01469806
-703.06930693	0.00761859
-703.03630363	-0.00348058
-703.00330033	-0.01903152
-702.97029703	-0.03857343
-702.93729373	-0.06097811
-702.90429043	-0.08535341
-702.87128713	-0.11032323
-702.83828383	-0.13405277
-702.80528053	-0.15527542
-702.77227723	-0.17287098
-702.73927393	-0.18589022
-702.70627063	-0.19363979
-702.67326733	-0.19504690
-702.64026403	-0.18949265
-702.60726073	-0.17628720
-702.57425743	-0.15490214
-702.54125413	-0.12602101
-702.50825083	-0.09022362
-702.47524752	-0.04935587
-702.44224422	-0.00568371
-702.40924092	0.03830113
-702.37623762	0.07987051
-702.34323432	0.11684428
-702.31023102	0.14686271
-702.27722772	0.16897037
-702.24422442	0.18216464
-702.21122112	0.18648223
-702.17821782	0.18199560
-702.14521452	0.16937447
-702.11221122	0.14962444
-702.07920792	0.12458185
-702.04620462	0.09680677
-702.01320132	0.06871229
-701.98019802	0.04257245
-701.94719472	0.02000655
-701.91419142	0.00197773
-701.88118812	-0.01129276
-701.84818482	-0.01942889
-701.81518152	-0.02237564
-701.78217822	-0.02030973
-701.74917492	-0.01456955
-701.71617162	-0.00682410
-701.68316832	0.00121621
-701.65016502	0.00741796
-701.61716172	0.01037511
-701.58415842	0.00992338
-701.55115512	0.00619183
-701.51815182	0.00037455
-701.48514851	-0.00579820
-701.45214521	-0.01128264
-701.41914191	-0.01482953
-701.38613861	-0.01634433
-701.35313531	-0.01611019
-701.32013201	-0.01444098
-701.28712871	-0.01148595
-701.25412541	-0.00769121
-701.22112211	-0.00270318
-701.18811881	0.00355584
-701.15511551	0.01054485
-701.12211221	0.01822351
-701.08910891	0.02551269
-701.05610561	0.03089162
-701.02310231	0.03333386
-700.99009901	0.03141103
-700.95709571	0.02455266
-700.92409241	0.01431398
-700.89108911	0.00183921
-700.85808581	-0.01097938
-700.82508251	-0.02203091
-700.79207921	-0.03043170
-700.75907591	-0.03524314
-700.72607261	-0.03595200
-700.69306931	-0.03194567
-700.66006601	-0.02265486
-700.62706271	-0.00838745
-700.59405941	0.01019190
-700.56105611	0.03170266
-700.52805281	0.05362691
-700.49504950	0.07290471
-700.46204620	0.08680622
-700.42904290	0.09289338
-700.39603960	0.09004306
-700.36303630	0.07798106
-700.33003300	0.05834028
-700.29702970	0.03372333
-700.26402640	0.00736087
-700.23102310	-0.01722160
-700.19801980	-0.03731963
-700.16501650	-0.05153244
-700.13201320	-0.05912421
-700.09900990	-0.06048197
-700.06600660	-0.05700105
-700.03300330	-0.04993847
-700.00000000	-0.04090889
-699.96699670	-0.03115583
-699.93399340	-0.02204883
-699.90099010	-0.01489753
-699.86798680	-0.01071297
-699.83498350	-0.00953743
-699.80198020	-0.01104453
-699.76897690	-0.01381230
-699.73597360	-0.01644495
-699.70297030	-0.01792915
-699.66996700	-0.01768953
-699.63696370	-0.01583629
-699.60396040	-0.01260638
-699.57095710	-0.00818858
-699.53795380	-0.00306158
-699.50495050	0.00248909
-699.47194719	0.00804591
-699.43894389	0.01292916
-699.40594059	0.01666612
-699.37293729	0.01885907
-699.33993399	0.01922192
-699.30693069	0.01754045
-699.27392739	0.01452186
-699.24092409	0.01038130
-699.20792079	0.00591408
-699.17491749	0.00201585
-699.14191419	-0.00095489
-699.10891089	-0.00239891
-699.07590759	-0.00208452
-699.04290429	-0.00063402
-699.00990099	0.00177581
-698.97689769	0.00460382
-698.94389439	0.00709907
-698.91089109	0.00947023
-698.87788779	0.01183129
-698.84488449	0.01411358
-698.81188119	0.01638039
-698.77887789	0.01838201
-698.74587459	0.01937012
-698.71287129	0.01953266
-698.67986799	0.01812989
-698.64686469	0.01530031
-698.61386139	0.01072296
-698.58085809	0.00422438
-698.54785479	-0.00425094
-698.51485149	-0.01415791
-698.48184818	-0.02462526
-698.44884488	-0.03359189
-698.41584158	-0.04027276
-698.38283828	-0.04334459
-698.34983498	-0.04233599
-698.31683168	-0.03813368
-698.28382838	-0.03147452
-698.25082508	-0.02386563
-698.21782178	-0.01654085
-698.18481848	-0.01040421
-698.15181518	-0.00625013
-698.11881188	-0.00411665
-698.08580858	-0.00406600
-698.05280528	-0.00604296
-698.01980198	-0.00947904
-697.98679868	-0.01385176
-697.95379538	-0.01866265
-697.92079208	-0.02205883
-697.88778878	-0.02343130
-697.85478548	-0.02214269
-697.82178218	-0.01697719
-697.78877888	-0.00855481
-697.75577558	0.00222322
-697.72277228	0.01402920
-697.68976898	0.02502102
-697.65676568	0.03273649
-697.62376238	0.03640362
-697.59075908	0.03553370
-697.55775578	0.03053549
-697.52475248	0.02323276
-697.49174917	0.01480207
-697.45874587	0.00678553
-697.42574257	-0.00018796
-697.39273927	-0.00564922
-697.35973597	-0.00974458
-697.32673267	-0.01237519
-697.29372937	-0.01390006
-697.26072607	-0.01447425
-697.22772277	-0.01370819
-697.19471947	-0.01140504
-697.16171617	-0.00689871
-697.12871287	0.00028889
-697.09570957	0.01002338
-697.06270627	0.02194402
-697.02970297	0.03411536
-696.99669967	0.04499036
-696.96369637	0.05297287
-696.93069307	0.05594199
-696.89768977	0.05359608
-696.86468647	0.04614249
-696.83168317	0.03386653
-696.79867987	0.01899630
-696.76567657	0.00268155
-696.73267327	-0.01327958
-696.69966997	-0.02695888
-696.66666667	-0.03751658
-696.63366337	-0.04418538
-696.60066007	-0.04672261
-696.56765677	-0.04560082
-696.53465347	-0.04111369
-696.50165017	-0.03354410
-696.46864686	-0.02399633
-696.43564356	-0.01291450
-696.40264026	-0.00195180
-696.36963696	0.00703771
-696.33663366	0.01295747
-696.30363036	0.01464886
-696.27062706	0.01181624
-696.23762376	0.00556677
-696.20462046	-0.00249262
-696.17161716	-0.01107183
-696.13861386	-0.01795372
-696.10561056	-0.02209948
-696.07260726	-0.02349586
-696.03960396	-0.02203510
-696.00660066	-0.01825458
-695.97359736	-0.01313837
-695.94059406	-0.00740267
-695.90759076	-0.00204520
-695.87458746	0.00228786
-695.84158416	0.00545367
-695.80858086	0.00711234
-695.77557756	0.00729508
-695.74257426	0.00648475
-695.70957096	0.00445288
-695.67656766	0.00129487
-695.64356436	-0.00251185
-695.61056106	-0.00707286
-695.57755776	-0.01172285
-695.54455446	-0.01466615
-695.51155116	-0.01518538
-695.47854785	-0.01189391
-695.44554455	-0.00368652
-695.41254125	0.00853525
-695.37953795	0.02419182
-695.34653465	0.04106709
-695.31353135	0.05702074
-695.28052805	0.06968911
-695.24752475	0.07722757
-695.21452145	0.07841158
-695.18151815	0.07255508
-695.14851485	0.06039524
-695.11551155	0.04311989
-695.08250825	0.02234310
-695.04950495	0.00057866
-695.01650165	-0.01919504
-694.98349835	-0.03529534
-694.95049505	-0.04514111
-694.91749175	-0.04747628
-694.88448845	-0.04247002
-694.85148515	-0.03094543
-694.81848185	-0.01519377
-694.78547855	0.00197087
-694.75247525	0.01736244
-694.71947195	0.02883855
-694.68646865	0.03415508
-694.65346535	0.03256635
-694.62046205	0.02472556
-694.58745875	0.01190988
-694.55445545	-0.00338648
-694.52145215	-0.01844161
-694.48844884	-0.03075126
-694.45544554	-0.03905971
-694.42244224	-0.04272239
-694.38943894	-0.04209635
-694.35643564	-0.03854851
-694.32343234	-0.03325934
-694.29042904	-0.02772114
-694.25742574	-0.02308650
-694.22442244	-0.02002393
-694.19141914	-0.01886785
-694.15841584	-0.01971507
-694.12541254	-0.02175235
-694.09240924	-0.02484477
-694.05940594	-0.02828268
-694.02640264	-0.03124079
-693.99339934	-0.03336059
-693.96039604	-0.03440495
-693.92739274	-0.03418161
-693.89438944	-0.03320364
-693.86138614	-0.03188945
-693.82838284	-0.03030737
-693.79537954	-0.02844148
-693.76237624	-0.02539032
-693.72937294	-0.02013793
-693.69636964	-0.01195749
-693.66336634	-0.00043996
-693.63036304	0.01392547
-693.59735974	0.03017998
-693.56435644	0.04641748
-693.53135314	0.06105515
-693.49834983	0.07232933
-693.46534653	0.07894530
-693.43234323	0.08000056
-693.39933993	0.07561909
-693.36633663	0.06650531
-693.33333333	0.05377019
-693.30033003	0.03873380
-693.26732673	0.02282955
-693.23432343	0.00768510
-693.20132013	-0.00512776
-693.16831683	-0.01482777
-693.13531353	-0.02029808
-693.10231023	-0.02143983
-693.06930693	-0.01861406
-693.03630363	-0.01279040
-693.00330033	-0.00495261
-692.97029703	0.00366810
-692.93729373	0.01163487
-692.90429043	0.01789834
-692.87128713	0.02166420
-692.83828383	0.02268508
-692.80528053	0.02077974
-692.77227723	0.01641685
-692.73927393	0.00998392
-692.70627063	0.00234255
-692.67326733	-0.00533419
-692.64026403	-0.01178667
-692.60726073	-0.01609002
-692.57425743	-0.01790090
-692.54125413	-0.01758706
-692.50825083	-0.01608101
-692.47524752	-0.01454151
-692.44224422	-0.01353091
-692.40924092	-0.01347504
-692.37623762	-0.01379710
-692.34323432	-0.01405302
-692.31023102	-0.01350638
-692.27722772	-0.01178934
-692.24422442	-0.00902764
-692.21122112	-0.00504206
-692.17821782	-0.00041440
-692.14521452	0.00470002
-692.11221122	0.01016998
-692.07920792	0.01593211
-692.04620462	0.02181847
-692.01320132	0.02702352
-691.98019802	0.03113202
-691.94719472	0.03328337
-691.91419142	0.03339821
-691.88118812	0.03119132
-691.84818482	0.02736665
-691.81518152	0.02279283
-691.78217822	0.01803325
-691.74917492	0.01409866
-691.71617162	0.01116501
-691.68316832	0.00914261
-691.65016502	0.00748468
-691.61716172	0.00579692
-691.58415842	0.00311406
-691.55115512	-0.00064147
-691.51815182	-0.00546395
-691.48514851	-0.01093756
-691.45214521	-0.01585495
-691.41914191	-0.01947486
-691.38613861	-0.02041676
-691.35313531	-0.01863659
-691.32013201	-0.01372149
-691.28712871	-0.00630004
-691.25412541	0.00265152
-691.22112211	0.01183803
-691.18811881	0.02060453
-691.15511551	0.02691052
-691.12211221	0.03006901
-691.08910891	0.02950040
-691.05610561	0.02535875
-691.02310231	0.01775415
-690.99009901	0.00812288
-690.95709571	-0.00242496
-690.92409241	-0.01279495
-690.89108911	-0.02139763
-690.85808581	-0.02804135
-690.82508251	-0.03238044
-690.79207921	-0.03420770
-690.75907591	-0.03403646
-690.72607261	-0.03218023
-690.69306931	-0.02917578
-690.66006601	-0.02540348
-690.62706271	-0.02180962
-690.59405941	-0.01908151
-690.56105611	-0.01742853
-690.52805281	-0.01719422
-690.49504950	-0.01748638
-690.46204620	-0.01756690
-690.42904290	-0.01630561
-690.39603960	-0.01262871
-690.36303630	-0.00652357
-690.33003300	0.00175866
-690.29702970	0.01091781
-690.26402640	0.01969566
-690.23102310	0.02604688
-690.19801980	0.02887659
-690.16501650	0.02814445
-690.13201320	0.02377317
-690.09900990	0.01698582
-690.06600660	0.00978991
-690.03300330	0.00316381
-690.00000000	-0.00114399
-689.96699670	-0.00260878
-689.93399340	-0.00168694
-689.90099010	0.00143681
-689.86798680	0.00576252
-689.83498350	0.00976610
-689.80198020	0.01247573
-689.76897690	0.01292605
-689.73597360	0.01046281
-689.70297030	0.00532618
-689.66996700	-0.00168439
-689.63696370	-0.00980633
-689.60396040	-0.01732872
-689.57095710	-0.02317144
-689.53795380	-0.02631944
-689.50495050	-0.02594151
-689.47194719	-0.02211464
-689.43894389	-0.01573702
-689.40594059	-0.00860258
-689.37293729	-0.00244226
-689.33993399	0.00107628
-689.30693069	0.00113422
-689.27392739	-0.00191852
-689.24092409	-0.00713234
-689.20792079	-0.01317828
-689.17491749	-0.01853598
-689.14191419	-0.02252079
-689.10891089	-0.02457116
-689.07590759	-0.02472993
-689.04290429	-0.02325498
-689.00990099	-0.02082955
-688.97689769	-0.01775249
-688.94389439	-0.01479954
-688.91089109	-0.01241846
-688.87788779	-0.01112180
-688.84488449	-0.01079774
-688.81188119	-0.01148949
-688.77887789	-0.01255276
-688.74587459	-0.01316389
-688.71287129	-0.01295581
-688.67986799	-0.01088185
-688.64686469	-0.00689126
-688.61386139	-0.00102782
-688.58085809	0.00637212
-688.54785479	0.01443895
-688.51485149	0.02262596
-688.48184818	0.02967191
-688.44884488	0.03527070
-688.41584158	0.03866133
-688.38283828	0.03983731
-688.34983498	0.03907140
-688.31683168	0.03633914
-688.28382838	0.03242659
-688.25082508	0.02754603
-688.21782178	0.02212159
-688.18481848	0.01703525
-688.15181518	0.01273926
-688.11881188	0.00932566
-688.08580858	0.00703849
-688.05280528	0.00527128
-688.01980198	0.00362384
-687.98679868	0.00169158
-687.95379538	-0.00056047
-687.92079208	-0.00298016
-687.88778878	-0.00506524
-687.85478548	-0.00642971
-687.82178218	-0.00706861
-687.78877888	-0.00648725
-687.75577558	-0.00496574
-687.72277228	-0.00214913
-687.68976898	0.00191387
-687.65676568	0.00659137
-687.62376238	0.01175047
-687.59075908	0.01674766
-687.55775578	0.01986645
-687.52475248	0.02060129
-687.49174917	0.01774764
-687.45874587	0.01136858
-687.42574257	0.00188984
-687.39273927	-0.00940636
-687.35973597	-0.02073387
-687.32673267	-0.03033768
-687.29372937	-0.03659777
-687.26072607	-0.03901955
-687.22772277	-0.03739508
-687.19471947	-0.03230244
-687.16171617	-0.02448128
-687.12871287	-0.01496660
-687.09570957	-0.00475768
-687.06270627	0.00493125
-687.02970297	0.01315592
-686.99669967	0.01849504
-686.96369637	0.01990234
-686.93069307	0.01751139
-686.89768977	0.01147327
-686.86468647	0.00288207
-686.83168317	-0.00695558
-686.79867987	-0.01613728
-686.76567657	-0.02333503
-686.73267327	-0.02740241
-686.69966997	-0.02719884
-686.66666667	-0.02269021
-686.63366337	-0.01447407
-686.60066007	-0.00352386
-686.56765677	0.00854113
-686.53465347	0.01967008
-686.50165017	0.02808769
-686.46864686	0.03270973
-686.43564356	0.03275937
-686.40264026	0.02896511
-686.36963696	0.02198842
-686.33663366	0.01354588
-686.30363036	0.00490689
-686.27062706	-0.00294028
-686.23762376	-0.00889058
-686.20462046	-0.01264289
-686.17161716	-0.01376519
-686.13861386	-0.01247705
-686.10561056	-0.00858021
-686.07260726	-0.00282502
-686.03960396	0.00410878
-686.00660066	0.01097056
-685.97359736	0.01681936
-685.94059406	0.02046165
-685.90759076	0.02152335
-685.87458746	0.01971322
-685.84158416	0.01562911
-685.80858086	0.00994573
-685.77557756	0.00406842
-685.74257426	-0.00132391
-685.70957096	-0.00516702
-685.67656766	-0.00727254
-685.64356436	-0.00770784
-685.61056106	-0.00746459
-685.57755776	-0.00675120
-685.54455446	-0.00704240
-685.51155116	-0.00814546
-685.47854785	-0.01024408
-685.44554455	-0.01322442
-685.41254125	-0.01654411
-685.37953795	-0.01953373
-685.34653465	-0.02213181
-685.31353135	-0.02411147
-685.28052805	-0.02520008
-685.24752475	-0.02599250
-685.21452145	-0.02631084
-685.18151815	-0.02664613
-685.14851485	-0.02712347
-685.11551155	-0.02760847
-685.08250825	-0.02777537
-685.04950495	-0.02698717
-685.01650165	-0.02460274
-684.98349835	-0.02003679
-684.95049505	-0.01291662
-684.91749175	-0.00387511
-684.88448845	0.00654306
-684.85148515	0.01754471
-684.81848185	0.02784477
-684.78547855	0.03671092
-684.75247525	0.04344087
-684.71947195	0.04776871
-684.68646865	0.04903711
-684.65346535	0.04778512
-684.62046205	0.04375185
-684.58745875	0.03761422
-684.55445545	0.02964821
-684.52145215	0.02108018
-684.48844884	0.01206604
-684.45544554	0.00393554
-684.42244224	-0.00285728
-684.38943894	-0.00758427
-684.35643564	-0.00998787
-684.32343234	-0.00965960
-684.29042904	-0.00707818
-684.25742574	-0.00326923
-684.22442244	0.00134745
-684.19141914	0.00581242
-684.15841584	0.00950254
-684.12541254	0.01236878
-684.09240924	0.01411532
-684.05940594	0.01468646
-684.02640264	0.01386528
-683.99339934	0.01174446
-683.96039604	0.00836005
-683.92739274	0.00366413
-683.89438944	-0.00179234
-683.86138614	-0.00776616
-683.82838284	-0.01374092
-683.79537954	-0.01887027
-683.76237624	-0.02310814
-683.72937294	-0.02597365
-683.69636964	-0.02740394
-683.66336634	-0.02809915
-683.63036304	-0.02768053
-683.59735974	-0.02636031
-683.56435644	-0.02420212
-683.53135314	-0.02071341
-683.49834983	-0.01632910
-683.46534653	-0.01142424
-683.43234323	-0.00670137
-683.39933993	-0.00253174
-683.36633663	0.00012760
-683.33333333	0.00140851
-683.30033003	0.00130697
-683.26732673	0.00029275
-683.23432343	-0.00136524
-683.20132013	-0.00323007
-683.16831683	-0.00485141
-683.13531353	-0.00581362
-683.10231023	-0.00546359
-683.06930693	-0.00358092
-683.03630363	0.00029223
-683.00330033	0.00538926
-682.97029703	0.01118636
-682.93729373	0.01690502
-682.90429043	0.02159785
-682.87128713	0.02471985
-682.83828383	0.02583719
-682.80528053	0.02503044
-682.77227723	0.02229562
-682.73927393	0.01818782
-682.70627063	0.01293238
-682.67326733	0.00748245
-682.64026403	0.00229156
-682.60726073	-0.00211320
-682.57425743	-0.00537541
-682.54125413	-0.00699495
-682.50825083	-0.00694871
-682.47524752	-0.00516464
-682.44224422	-0.00186814
-682.40924092	0.00300659
-682.37623762	0.00865557
-682.34323432	0.01436012
-682.31023102	0.01968006
-682.27722772	0.02323197
-682.24422442	0.02509406
-682.21122112	0.02483411
-682.17821782	0.02346742
-682.14521452	0.02112649
-682.11221122	0.01879753
-682.07920792	0.01702884
-682.04620462	0.01604105
-682.01320132	0.01580038
-681.98019802	0.01632037
-681.94719472	0.01695098
-681.91419142	0.01775607
-681.88118812	0.01812322
-681.84818482	0.01789634
-681.81518152	0.01675147
-681.78217822	0.01442259
-681.74917492	0.01109735
-681.71617162	0.00742203
-681.68316832	0.00354720
-681.65016502	0.00057590
-681.61716172	-0.00097750
-681.58415842	-0.00111990
-681.55115512	0.00044289
-681.51815182	0.00289863
-681.48514851	0.00583773
-681.45214521	0.00842149
-681.41914191	0.01042933
-681.38613861	0.01140413
-681.35313531	0.01132300
-681.32013201	0.01039681
-681.28712871	0.00887086
-681.25412541	0.00690576
-681.22112211	0.00508751
-681.18811881	0.00359164
-681.15511551	0.00248988
-681.12211221	0.00197200
-681.08910891	0.00165769
-681.05610561	0.00154290
-681.02310231	0.00109670
-680.99009901	0.00014546
-680.95709571	-0.00149650
-680.92409241	-0.00387130
-680.89108911	-0.00670768
-680.85808581	-0.00918345
-680.82508251	-0.01070852
-680.79207921	-0.01034921
-680.75907591	-0.00816469
-680.72607261	-0.00418730
-680.69306931	0.00072685
-680.66006601	0.00496590
-680.62706271	0.00765358
-680.59405941	0.00748193
-680.56105611	0.00417804
-680.52805281	-0.00193975
-680.49504950	-0.00997849
-680.46204620	-0.01873574
-680.42904290	-0.02701754
-680.39603960	-0.03354115
-680.36303630	-0.03778912
-680.33003300	-0.03903355
-680.29702970	-0.03748510
-680.26402640	-0.03345204
-680.23102310	-0.02771844
-680.19801980	-0.02155684
-680.16501650	-0.01625923
-680.13201320	-0.01302090
-680.09900990	-0.01246681
-680.06600660	-0.01497890
-680.03300330	-0.01971818
-680.00000000	-0.02538889
-679.96699670	-0.03087357
-679.93399340	-0.03429436
-679.90099010	-0.03520364
-679.86798680	-0.03288403
-679.83498350	-0.02781320
-679.80198020	-0.02050170
-679.76897690	-0.01217509
-679.73597360	-0.00393261
-679.70297030	0.00276424
-679.66996700	0.00678260
-679.63696370	0.00706181
-679.60396040	0.00357160
-679.57095710	-0.00312134
-679.53795380	-0.01166294
-679.50495050	-0.02017853
-679.47194719	-0.02692421
-679.43894389	-0.03079679
-679.40594059	-0.03097170
-679.37293729	-0.02781873
-679.33993399	-0.02149803
-679.30693069	-0.01332782
-679.27392739	-0.00401363
-679.24092409	0.00519362
-679.20792079	0.01303286
-679.17491749	0.01919293
-679.14191419	0.02303633
-679.10891089	0.02467872
-679.07590759	0.02446455
-679.04290429	0.02274407
-679.00990099	0.02018384
-678.97689769	0.01638539
-678.94389439	0.01175703
-678.91089109	0.00643595
-678.87788779	0.00056582
-678.84488449	-0.00516805
-678.81188119	-0.01026053
-678.77887789	-0.01462407
-678.74587459	-0.01787430
-678.71287129	-0.02029195
-678.67986799	-0.02166021
-678.64686469	-0.02231441
-678.61386139	-0.02191253
-678.58085809	-0.02059243
-678.54785479	-0.01879869
-678.51485149	-0.01617588
-678.48184818	-0.01355865
-678.44884488	-0.01094443
-678.41584158	-0.00851933
-678.38283828	-0.00643303
-678.34983498	-0.00454940
-678.31683168	-0.00323832
-678.28382838	-0.00229127
-678.25082508	-0.00191746
-678.21782178	-0.00204886
-678.18481848	-0.00218852
-678.15181518	-0.00240431
-678.11881188	-0.00190916
-678.08580858	-0.00061702
-678.05280528	0.00139112
-678.01980198	0.00384709
-677.98679868	0.00593777
-677.95379538	0.00706705
-677.92079208	0.00709926
-677.88778878	0.00576606
-677.85478548	0.00393462
-677.82178218	0.00194437
-677.78877888	0.00070093
-677.75577558	0.00086465
-677.72277228	0.00226998
-677.68976898	0.00492925
-677.65676568	0.00788914
-677.62376238	0.01076228
-677.59075908	0.01261699
-677.55775578	0.01352253
-677.52475248	0.01312166
-677.49174917	0.01220384
-677.45874587	0.01107751
-677.42574257	0.01043841
-677.39273927	0.01085242
-677.35973597	0.01252966
-677.32673267	0.01526303
-677.29372937	0.01840750
-677.26072607	0.02145958
-677.22772277	0.02345388
-677.19471947	0.02402375
-677.16171617	0.02273766
-677.12871287	0.02007537
-677.09570957	0.01610539
-677.06270627	0.01105275
-677.02970297	0.00564713
-676.99669967	-0.00019967
-676.96369637	-0.00565677
-676.93069307	-0.01047639
-676.89768977	-0.01390295
-676.86468647	-0.01606356
-676.83168317	-0.01645113
-676.79867987	-0.01532922
-676.76567657	-0.01285683
-676.73267327	-0.00924193
-676.69966997	-0.00467809
-676.66666667	0.00049220
-676.63366337	0.00583424
-676.60066007	0.01071533
-676.56765677	0.01500342
-676.53465347	0.01809208
-676.50165017	0.02001622
-676.46864686	0.02074534
-676.43564356	0.02050354
-676.40264026	0.01917534
-676.36963696	0.01696549
-676.33663366	0.01334293
-676.30363036	0.00878655
-676.27062706	0.00329915
-676.23762376	-0.00203981
-676.20462046	-0.00658151
-676.17161716	-0.00956901
-676.13861386	-0.01045155
-676.10561056	-0.00994299
-676.07260726	-0.00794307
-676.03960396	-0.00543839
-676.00660066	-0.00262185
-675.97359736	0.00007976
-675.94059406	0.00309378
-675.90759076	0.00636678
-675.87458746	0.00996631
-675.84158416	0.01397601
-675.80858086	0.01811607
-675.77557756	0.02254497
-675.74257426	0.02655948
-675.70957096	0.03041031
-675.67656766	0.03349010
-675.64356436	0.03563201
-675.61056106	0.03659514
-675.57755776	0.03621851
-675.54455446	0.03478591
-675.51155116	0.03228231
-675.47854785	0.02915186
-675.44554455	0.02544150
-675.41254125	0.02089186
-675.37953795	0.01562685
-675.34653465	0.00936180
-675.31353135	0.00246107
-675.28052805	-0.00471639
-675.24752475	-0.01183974
-675.21452145	-0.01777165
-675.18151815	-0.02285804
-675.14851485	-0.02595133
-675.11551155	-0.02743201
-675.08250825	-0.02699810
-675.04950495	-0.02464132
-675.01650165	-0.02106325
-674.98349835	-0.01606988
-674.95049505	-0.01058108
-674.91749175	-0.00501983
-674.88448845	-0.00004099
-674.85148515	0.00397535
-674.81848185	0.00647611
-674.78547855	0.00771809
-674.75247525	0.00725968
-674.71947195	0.00537296
-674.68646865	0.00222471
-674.65346535	-0.00228466
-674.62046205	-0.00767637
-674.58745875	-0.01348339
-674.55445545	-0.01926429
-674.52145215	-0.02385660
-674.48844884	-0.02710774
-674.45544554	-0.02844096
-674.42244224	-0.02801949
-674.38943894	-0.02596433
-674.35643564	-0.02286424
-674.32343234	-0.01918825
-674.29042904	-0.01502836
-674.25742574	-0.01052719
-674.22442244	-0.00595595
-674.19141914	-0.00115695
-674.15841584	0.00326013
-674.12541254	0.00766295
-674.09240924	0.01164149
-674.05940594	0.01532972
-674.02640264	0.01887393
-673.99339934	0.02205932
-673.96039604	0.02516352
-673.92739274	0.02739402
-673.89438944	0.02922820
-673.86138614	0.02989883
-673.82838284	0.02937163
-673.79537954	0.02793825
-673.76237624	0.02547753
-673.72937294	0.02237950
-673.69636964	0.01909977
-673.66336634	0.01580060
-673.63036304	0.01279845
-673.59735974	0.01031352
-673.56435644	0.00782226
-673.53135314	0.00566535
-673.49834983	0.00288167
-673.46534653	-0.00023813
-673.43234323	-0.00377742
-673.39933993	-0.00714967
-673.36633663	-0.01005902
-673.33333333	-0.01209613
-673.30033003	-0.01287880
-673.26732673	-0.01254025
-673.23432343	-0.01109543
-673.20132013	-0.00900495
-673.16831683	-0.00582832
-673.13531353	-0.00213057
-673.10231023	0.00211278
-673.06930693	0.00639712
-673.03630363	0.00993464
-673.00330033	0.01224081
-672.97029703	0.01282826
-672.93729373	0.01164264
-672.90429043	0.00923813
-672.87128713	0.00619954
-672.83828383	0.00361246
-672.80528053	0.00154296
-672.77227723	0.00088719
-672.73927393	0.00100767
-672.70627063	0.00200887
-672.67326733	0.00330616
-672.64026403	0.00419493
-672.60726073	0.00472984
-672.57425743	0.00451125
-672.54125413	0.00332268
-672.50825083	0.00147785
-672.47524752	-0.00060049
-672.44224422	-0.00293665
-672.40924092	-0.00441955
-672.37623762	-0.00466572
-672.34323432	-0.00354216
-672.31023102	-0.00107158
-672.27722772	0.00247038
-672.24422442	0.00640476
-672.21122112	0.01020903
-672.17821782	0.01364427
-672.14521452	0.01626970
-672.11221122	0.01800364
-672.07920792	0.01855438
-672.04620462	0.01816872
-672.01320132	0.01628992
-671.98019802	0.01335805
-671.94719472	0.00956380
-671.91419142	0.00531140
-671.88118812	0.00127089
-671.84818482	-0.00279265
-671.81518152	-0.00630389
-671.78217822	-0.00969586
-671.74917492	-0.01257336
-671.71617162	-0.01536313
-671.68316832	-0.01773203
-671.65016502	-0.01949799
-671.61716172	-0.02055459
-671.58415842	-0.02112659
-671.55115512	-0.02075354
-671.51815182	-0.01966514
-671.48514851	-0.01749229
-671.45214521	-0.01439704
-671.41914191	-0.01028450
-671.38613861	-0.00587291
-671.35313531	-0.00171925
-671.32013201	0.00107272
-671.28712871	0.00176272
-671.25412541	0.00031013
-671.22112211	-0.00335357
-671.18811881	-0.00844064
-671.15511551	-0.01384442
-671.12211221	-0.01890861
-671.08910891	-0.02243350
-671.05610561	-0.02413982
-671.02310231	-0.02408955
-670.99009901	-0.02144271
-670.95709571	-0.01724516
-670.92409241	-0.01159057
-670.89108911	-0.00501774
-670.85808581	0.00162599
-670.82508251	0.00715102
-670.79207921	0.01086521
-670.75907591	0.01226642
-670.72607261	0.01118804
-670.69306931	0.00801167
-670.66006601	0.00332529
-670.62706271	-0.00152815
-670.59405941	-0.00589077
-670.56105611	-0.00875868
-670.52805281	-0.00954178
-670.49504950	-0.00801548
-670.46204620	-0.00475640
-670.42904290	-0.00027954
-670.39603960	0.00408633
-670.36303630	0.00795914
-670.33003300	0.01048449
-670.29702970	0.01148477
-670.26402640	0.01111829
-670.23102310	0.00968277
-670.19801980	0.00749915
-670.16501650	0.00497526
-670.13201320	0.00245187
-670.09900990	0.00017226
-670.06600660	-0.00192803
-670.03300330	-0.00381877
-670.00000000	-0.00548937
-669.96699670	-0.00702700
-669.93399340	-0.00842881
-669.90099010	-0.00991356
-669.86798680	-0.01122033
-669.83498350	-0.01253634
-669.80198020	-0.01366678
-669.76897690	-0.01465521
-669.73597360	-0.01540164
-669.70297030	-0.01598152
-669.66996700	-0.01652414
-669.63696370	-0.01700986
-669.60396040	-0.01760855
-669.57095710	-0.01813842
-669.53795380	-0.01861563
-669.50495050	-0.01891956
-669.47194719	-0.01891574
-669.43894389	-0.01834576
-669.40594059	-0.01706404
-669.37293729	-0.01505208
-669.33993399	-0.01243896
-669.30693069	-0.00947276
-669.27392739	-0.00610258
-669.24092409	-0.00271226
-669.20792079	0.00043783
-669.17491749	0.00333048
-669.14191419	0.00551230
-669.10891089	0.00722184
-669.07590759	0.00796593
-669.04290429	0.00835729
-669.00990099	0.00796571
-668.97689769	0.00750229
-668.94389439	0.00643174
-668.91089109	0.00512496
-668.87788779	0.00337202
-668.84488449	0.00125516
-668.81188119	-0.00079939
-668.77887789	-0.00302974
-668.74587459	-0.00480075
-668.71287129	-0.00624178
-668.67986799	-0.00680513
-668.64686469	-0.00650516
-668.61386139	-0.00520819
-668.58085809	-0.00254249
-668.54785479	0.00065542
-668.51485149	0.00438265
-668.48184818	0.00792505
-668.44884488	0.01053436
-668.41584158	0.01215197
-668.38283828	0.01242091
-668.34983498	0.01142633
-668.31683168	0.00967902
-668.28382838	0.00717592
-668.25082508	0.00386475
-668.21782178	0.00004924
-668.18481848	-0.00436000
-668.15181518	-0.00895204
-668.11881188	-0.01335781
-668.08580858	-0.01693609
-668.05280528	-0.01938929
-668.01980198	-0.02024775
-667.98679868	-0.01979123
-667.95379538	-0.01775357
-667.92079208	-0.01490458
-667.88778878	-0.01137213
-667.85478548	-0.00758274
-667.82178218	-0.00434525
-667.78877888	-0.00193013
-667.75577558	-0.00062010
-667.72277228	-0.00053093
-667.68976898	-0.00121633
-667.65676568	-0.00232646
-667.62376238	-0.00338569
-667.59075908	-0.00398902
-667.55775578	-0.00406928
-667.52475248	-0.00340524
-667.49174917	-0.00204807
-667.45874587	0.00006480
-667.42574257	0.00293634
-667.39273927	0.00619130
-667.35973597	0.01026425
-667.32673267	0.01459666
-667.29372937	0.01877067
-667.26072607	0.02275256
-667.22772277	0.02605509
-667.19471947	0.02820494
-667.16171617	0.02907312
-667.12871287	0.02863768
-667.09570957	0.02678138
-667.06270627	0.02392810
-667.02970297	0.01975297
-666.99669967	0.01530351
-666.96369637	0.01083953
-666.93069307	0.00680291
-666.89768977	0.00391865
-666.86468647	0.00238214
-666.83168317	0.00228788
-666.79867987	0.00335280
-666.76567657	0.00498098
-666.73267327	0.00666280
-666.69966997	0.00779422
-666.66666667	0.00826894
-666.63366337	0.00809703
-666.60066007	0.00718351
-666.56765677	0.00632012
-666.53465347	0.00487641
-666.50165017	0.00338879
-666.46864686	0.00179865
-666.43564356	0.00015461
-666.40264026	-0.00121126
-666.36963696	-0.00237557
-666.33663366	-0.00293550
-666.30363036	-0.00293876
-666.27062706	-0.00269697
-666.23762376	-0.00226479
-666.20462046	-0.00160891
-666.17161716	-0.00088596
-666.13861386	-0.00012155
-666.10561056	0.00086457
-666.07260726	0.00203738
-666.03960396	0.00329909
-666.00660066	0.00469265
-665.97359736	0.00589139
-665.94059406	0.00680933
-665.90759076	0.00752758
-665.87458746	0.00786231
-665.84158416	0.00778713
-665.80858086	0.00716960
-665.77557756	0.00586196
-665.74257426	0.00412981
-665.70957096	0.00167139
-665.67656766	-0.00108919
-665.64356436	-0.00380593
-665.61056106	-0.00638321
-665.57755776	-0.00841706
-665.54455446	-0.01012481
-665.51155116	-0.01133818
-665.47854785	-0.01231855
-665.44554455	-0.01289709
-665.41254125	-0.01310685
-665.37953795	-0.01280487
-665.34653465	-0.01199063
-665.31353135	-0.01076933
-665.28052805	-0.00917426
-665.24752475	-0.00773005
-665.21452145	-0.00614517
-665.18151815	-0.00467666
-665.14851485	-0.00353197
-665.11551155	-0.00237655
-665.08250825	-0.00126878
-665.04950495	-0.00004818
-665.01650165	0.00140956
-664.98349835	0.00332328
-664.95049505	0.00603534
-664.91749175	0.00949746
-664.88448845	0.01336274
-664.85148515	0.01774111
-664.81848185	0.02183222
-664.78547855	0.02528054
-664.75247525	0.02764082
-664.71947195	0.02859802
-664.68646865	0.02805152
-664.65346535	0.02607448
-664.62046205	0.02314608
-664.58745875	0.01932522
-664.55445545	0.01536006
-664.52145215	0.01126497
-664.48844884	0.00756397
-664.45544554	0.00410386
-664.42244224	0.00129322
-664.38943894	-0.00079460
-664.35643564	-0.00187115
-664.32343234	-0.00177408
-664.29042904	-0.00070711
-664.25742574	0.00109930
-664.22442244	0.00300144
-664.19141914	0.00465223
-664.15841584	0.00559616
-664.12541254	0.00562484
-664.09240924	0.00472572
-664.05940594	0.00308803
-664.02640264	0.00086920
-663.99339934	-0.00169609
-663.96039604	-0.00477583
-663.92739274	-0.00792646
-663.89438944	-0.01073674
-663.86138614	-0.01331728
-663.82838284	-0.01524255
-663.79537954	-0.01638505
-663.76237624	-0.01663319
-663.72937294	-0.01569330
-663.69636964	-0.01377949
-663.66336634	-0.01115239
-663.63036304	-0.00752320
-663.59735974	-0.00317416
-663.56435644	0.00096436
-663.53135314	0.00492695
-663.49834983	0.00808654
-663.46534653	0.00989896
-663.43234323	0.01013956
-663.39933993	0.00896913
-663.36633663	0.00646438
-663.33333333	0.00302243
-663.30033003	-0.00049936
-663.26732673	-0.00332216
-663.23432343	-0.00496030
-663.20132013	-0.00488769
-663.16831683	-0.00304983
-663.13531353	0.00037370
-663.10231023	0.00497970
-663.06930693	0.01027335
-663.03630363	0.01561575
-663.00330033	0.02017562
-662.97029703	0.02336671
-662.93729373	0.02456353
-662.90429043	0.02334534
-662.87128713	0.01984225
-662.83828383	0.01455448
-662.80528053	0.00784309
-662.77227723	0.00062702
-662.73927393	-0.00635386
-662.70627063	-0.01222873
-662.67326733	-0.01670957
-662.64026403	-0.01962811
-662.60726073	-0.02072214
-662.57425743	-0.02034854
-662.54125413	-0.01863919
-662.50825083	-0.01647859
-662.47524752	-0.01437050
-662.44224422	-0.01313118
-662.40924092	-0.01286889
-662.37623762	-0.01369815
-662.34323432	-0.01522616
-662.31023102	-0.01707548
-662.27722772	-0.01831572
-662.24422442	-0.01874070
-662.21122112	-0.01830382
-662.17821782	-0.01686891
-662.14521452	-0.01440555
-662.11221122	-0.01121637
-662.07920792	-0.00722517
-662.04620462	-0.00286662
-662.01320132	0.00145594
-661.98019802	0.00513180
-661.94719472	0.00785657
-661.91419142	0.00928740
-661.88118812	0.00964488
-661.84818482	0.00868674
-661.81518152	0.00688683
-661.78217822	0.00469555
-661.74917492	0.00227229
-661.71617162	0.00010222
-661.68316832	-0.00146475
-661.65016502	-0.00212790
-661.61716172	-0.00206705
-661.58415842	-0.00101329
-661.55115512	0.00051012
-661.51815182	0.00204300
-661.48514851	0.00336303
-661.45214521	0.00375998
-661.41914191	0.00343500
-661.38613861	0.00225422
-661.35313531	0.00057595
-661.32013201	-0.00123940
-661.28712871	-0.00282461
-661.25412541	-0.00387298
-661.22112211	-0.00427368
-661.18811881	-0.00378583
-661.15511551	-0.00244185
-661.12211221	-0.00054709
-661.08910891	0.00159551
-661.05610561	0.00361499
-661.02310231	0.00526949
-660.99009901	0.00628278
-660.95709571	0.00648405
-660.92409241	0.00587314
-660.89108911	0.00445148
-660.85808581	0.00244135
-660.82508251	0.00010639
-660.79207921	-0.00255599
-660.75907591	-0.00511435
-660.72607261	-0.00768411
-660.69306931	-0.01007400
-660.66006601	-0.01188751
-660.62706271	-0.01346529
-660.59405941	-0.01446314
-660.56105611	-0.01492194
-660.52805281	-0.01469188
-660.49504950	-0.01410776
-660.46204620	-0.01324134
-660.42904290	-0.01209148
-660.39603960	-0.01058503
-660.36303630	-0.00845678
-660.33003300	-0.00588944
-660.29702970	-0.00300361
-660.26402640	-0.00038535
-660.23102310	0.00200232
-660.19801980	0.00380761
-660.16501650	0.00473385
-660.13201320	0.00499008
-660.09900990	0.00455373
-660.06600660	0.00345149
-660.03300330	0.00186618
-660.00000000	-0.00002081
