# Menlo Systems GmbH ScanControl
# Program Version 1.14.3
# Start: -740.00000000 ps, Average over 1000 waveforms. Timestamp: 2026-02-03T16:16:11
# User time axis shift: 0 ps
# Time axis offset: 0 ps
# Time [ps]	THz Signal [a.u.]
-740.00000000	-0.00014828
-739.96699670	-0.00014112
-739.93399340	-0.00016112
-739.90099010	-0.00018471
-739.86798680	-0.00017567
-739.83498350	-0.00017196
-739.80198020	-0.00011715
-739.76897690	-0.00016790
-739.73597360	-0.00025392
-739.70297030	-0.00012596
-739.66996700	-0.00018089
-739.63696370	-0.00012274
-739.60396040	-0.00011432
-739.57095710	-0.00013092
-739.53795380	-0.00009669
-739.50495050	-0.00004416
-739.47194719	-0.00002573
-739.43894389	-0.00003516
-739.40594059	-0.00001487
-739.37293729	0.00013724
-739.33993399	0.00011199
-739.30693069	0.00002452
-739.27392739	0.00024674
-739.24092409	0.00017898
-739.20792079	0.00021417
-739.17491749	0.00022060
-739.14191419	0.00026537
-739.10891089	0.00024179
-739.07590759	0.00033741
-739.04290429	0.00043444
-739.00990099	0.00043623
-738.97689769	0.00036067
-738.94389439	0.00040641
-738.91089109	0.00051157
-738.87788779	0.00048838
-738.84488449	0.00050781
-738.81188119	0.00059096
-738.77887789	0.00051246
-738.74587459	0.00066758
-738.71287129	0.00072666
-738.67986799	0.00063666
-738.64686469	0.00067566
-738.61386139	0.00066805
-738.58085809	0.00059662
-738.54785479	0.00061393
-738.51485149	0.00074640
-738.48184818	0.00060179
-738.44884488	0.00069550
-738.41584158	0.00069591
-738.38283828	0.00082093
-738.34983498	0.00075628
-738.31683168	0.00074445
-738.28382838	0.00067522
-738.25082508	0.00065373
-738.21782178	0.00054260
-738.18481848	0.00057999
-738.15181518	0.00054076
-738.11881188	0.00059897
-738.08580858	0.00051166
-738.05280528	0.00052639
-738.01980198	0.00054278
-737.98679868	0.00046732
-737.95379538	0.00051720
-737.92079208	0.00041599
-737.88778878	0.00036261
-737.85478548	0.00039765
-737.82178218	0.00030145
-737.78877888	0.00033020
-737.75577558	0.00029656
-737.72277228	0.00021314
-737.68976898	0.00022398
-737.65676568	0.00020449
-737.62376238	0.00020917
-737.59075908	0.00017359
-737.55775578	0.00007136
-737.52475248	-0.00000651
-737.49174917	0.00003085
-737.45874587	0.00007492
-737.42574257	0.00007563
-737.39273927	0.00005889
-737.35973597	-0.00001136
-737.32673267	0.00003682
-737.29372937	0.00006887
-737.26072607	0.00007632
-737.22772277	0.00000768
-737.19471947	-0.00001720
-737.16171617	-0.00002740
-737.12871287	-0.00000267
-737.09570957	0.00002505
-737.06270627	-0.00001349
-737.02970297	0.00001491
-736.99669967	0.00004077
-736.96369637	0.00000127
-736.93069307	0.00008731
-736.89768977	-0.00000359
-736.86468647	0.00004277
-736.83168317	0.00017790
-736.79867987	0.00023117
-736.76567657	0.00009358
-736.73267327	0.00019827
-736.69966997	0.00016595
-736.66666667	0.00021852
-736.63366337	0.00026595
-736.60066007	0.00021302
-736.56765677	0.00029141
-736.53465347	0.00029561
-736.50165017	0.00024063
-736.46864686	0.00024690
-736.43564356	0.00037042
-736.40264026	0.00034395
-736.36963696	0.00035971
-736.33663366	0.00036753
-736.30363036	0.00030697
-736.27062706	0.00033836
-736.23762376	0.00024112
-736.20462046	0.00034927
-736.17161716	0.00043559
-736.13861386	0.00037231
-736.10561056	0.00031804
-736.07260726	0.00039107
-736.03960396	0.00040896
-736.00660066	0.00025518
-735.97359736	0.00026596
-735.94059406	0.00033161
-735.90759076	0.00032477
-735.87458746	0.00042419
-735.84158416	0.00025501
-735.80858086	0.00028141
-735.77557756	0.00033457
-735.74257426	0.00031397
-735.70957096	0.00026672
-735.67656766	0.00027220
-735.64356436	0.00026370
-735.61056106	0.00030778
-735.57755776	0.00021647
-735.54455446	0.00020079
-735.51155116	0.00022048
-735.47854785	0.00014805
-735.44554455	0.00029320
-735.41254125	0.00017240
-735.37953795	0.00013682
-735.34653465	0.00015521
-735.31353135	0.00020038
-735.28052805	0.00016330
-735.24752475	0.00014535
-735.21452145	0.00009186
-735.18151815	0.00009632
-735.14851485	0.00017855
-735.11551155	0.00004696
-735.08250825	0.00004893
-735.04950495	0.00005023
-735.01650165	0.00005422
-734.98349835	0.00015352
-734.95049505	0.00002025
-734.91749175	0.00001129
-734.88448845	0.00006977
-734.85148515	0.00013861
-734.81848185	0.00009336
-734.78547855	0.00007773
-734.75247525	0.00011364
-734.71947195	0.00012137
-734.68646865	0.00002756
-734.65346535	0.00010767
-734.62046205	0.00020011
-734.58745875	0.00015280
-734.55445545	0.00021654
-734.52145215	0.00015715
-734.48844884	0.00027035
-734.45544554	0.00029902
-734.42244224	0.00032559
-734.38943894	0.00039966
-734.35643564	0.00042787
-734.32343234	0.00048894
-734.29042904	0.00042819
-734.25742574	0.00054254
-734.22442244	0.00059087
-734.19141914	0.00062096
-734.15841584	0.00063756
-734.12541254	0.00074642
-734.09240924	0.00076369
-734.05940594	0.00083437
-734.02640264	0.00076892
-733.99339934	0.00086707
-733.96039604	0.00091722
-733.92739274	0.00089799
-733.89438944	0.00101255
-733.86138614	0.00095969
-733.82838284	0.00096788
-733.79537954	0.00098103
-733.76237624	0.00086924
-733.72937294	0.00089674
-733.69636964	0.00081543
-733.66336634	0.00072388
-733.63036304	0.00068749
-733.59735974	0.00062924
-733.56435644	0.00057440
-733.53135314	0.00033302
-733.49834983	0.00020055
-733.46534653	0.00001212
-733.43234323	-0.00007299
-733.39933993	-0.00027259
-733.36633663	-0.00049890
-733.33333333	-0.00061716
-733.30033003	-0.00074714
-733.26732673	-0.00095995
-733.23432343	-0.00105271
-733.20132013	-0.00117771
-733.16831683	-0.00127944
-733.13531353	-0.00143102
-733.10231023	-0.00132329
-733.06930693	-0.00147040
-733.03630363	-0.00163630
-733.00330033	-0.00161832
-732.97029703	-0.00159112
-732.93729373	-0.00162303
-732.90429043	-0.00166421
-732.87128713	-0.00162785
-732.83828383	-0.00161706
-732.80528053	-0.00143650
-732.77227723	-0.00130927
-732.73927393	-0.00107414
-732.70627063	-0.00079813
-732.67326733	-0.00033240
-732.64026403	0.00001432
-732.60726073	0.00044045
-732.57425743	0.00093872
-732.54125413	0.00120730
-732.50825083	0.00154430
-732.47524752	0.00177972
-732.44224422	0.00192592
-732.40924092	0.00199161
-732.37623762	0.00207009
-732.34323432	0.00187095
-732.31023102	0.00187019
-732.27722772	0.00167212
-732.24422442	0.00138895
-732.21122112	0.00132111
-732.17821782	0.00107637
-732.14521452	0.00094229
-732.11221122	0.00079327
-732.07920792	0.00067304
-732.04620462	0.00059811
-732.01320132	0.00059709
-731.98019802	0.00050302
-731.94719472	0.00053449
-731.91419142	0.00049480
-731.88118812	0.00032628
-731.84818482	0.00044098
-731.81518152	0.00034924
-731.78217822	0.00027579
-731.74917492	0.00040433
-731.71617162	0.00023724
-731.68316832	0.00022533
-731.65016502	0.00039947
-731.61716172	0.00009170
-731.58415842	0.00020098
-731.55115512	0.00021314
-731.51815182	0.00004185
-731.48514851	0.00019770
-731.45214521	0.00007073
-731.41914191	0.00002701
-731.38613861	0.00005275
-731.35313531	0.00006749
-731.32013201	0.00003852
-731.28712871	-0.00001574
-731.25412541	0.00008262
-731.22112211	0.00003181
-731.18811881	0.00006298
-731.15511551	0.00014676
-731.12211221	0.00009997
-731.08910891	0.00016478
-731.05610561	0.00007276
-731.02310231	0.00015758
-730.99009901	0.00018854
-730.95709571	0.00016473
-730.92409241	0.00016669
-730.89108911	0.00011971
-730.85808581	0.00023591
-730.82508251	0.00014380
-730.79207921	0.00017210
-730.75907591	0.00019241
-730.72607261	0.00022355
-730.69306931	0.00016857
-730.66006601	0.00025250
-730.62706271	0.00015129
-730.59405941	0.00031918
-730.56105611	0.00030111
-730.52805281	0.00027171
-730.49504950	0.00035916
-730.46204620	0.00023746
-730.42904290	0.00034188
-730.39603960	0.00032694
-730.36303630	0.00021557
-730.33003300	0.00036345
-730.29702970	0.00021431
-730.26402640	0.00025853
-730.23102310	0.00032358
-730.19801980	0.00012910
-730.16501650	0.00016970
-730.13201320	0.00012754
-730.09900990	0.00016195
-730.06600660	0.00012759
-730.03300330	0.00010970
-730.00000000	0.00008105
-729.96699670	0.00006390
-729.93399340	-0.00003605
-729.90099010	0.00012361
-729.86798680	-0.00006523
-729.83498350	-0.00003913
-729.80198020	0.00000219
-729.76897690	0.00000939
-729.73597360	-0.00013458
-729.70297030	-0.00004207
-729.66996700	-0.00004276
-729.63696370	-0.00010026
-729.60396040	-0.00013024
-729.57095710	-0.00008182
-729.53795380	-0.00007534
-729.50495050	-0.00004995
-729.47194719	-0.00005295
-729.43894389	-0.00004461
-729.40594059	-0.00003079
-729.37293729	0.00007164
-729.33993399	0.00000375
-729.30693069	0.00012122
-729.27392739	0.00008351
-729.24092409	0.00030972
-729.20792079	0.00025595
-729.17491749	0.00033444
-729.14191419	0.00051381
-729.10891089	0.00056063
-729.07590759	0.00058532
-729.04290429	0.00063061
-729.00990099	0.00066278
-728.97689769	0.00050543
-728.94389439	0.00038319
-728.91089109	0.00005632
-728.87788779	-0.00023037
-728.84488449	-0.00079349
-728.81188119	-0.00138311
-728.77887789	-0.00216602
-728.74587459	-0.00290015
-728.71287129	-0.00359363
-728.67986799	-0.00422687
-728.64686469	-0.00476695
-728.61386139	-0.00492869
-728.58085809	-0.00480871
-728.54785479	-0.00431191
-728.51485149	-0.00365954
-728.48184818	-0.00266380
-728.44884488	-0.00158005
-728.41584158	-0.00039141
-728.38283828	0.00065529
-728.34983498	0.00169763
-728.31683168	0.00256462
-728.28382838	0.00317644
-728.25082508	0.00377243
-728.21782178	0.00404340
-728.18481848	0.00439982
-728.15181518	0.00449360
-728.11881188	0.00457045
-728.08580858	0.00455284
-728.05280528	0.00449588
-728.01980198	0.00431907
-727.98679868	0.00434443
-727.95379538	0.00413969
-727.92079208	0.00400837
-727.88778878	0.00402265
-727.85478548	0.00388418
-727.82178218	0.00377628
-727.78877888	0.00368404
-727.75577558	0.00351714
-727.72277228	0.00344488
-727.68976898	0.00337972
-727.65676568	0.00325342
-727.62376238	0.00321508
-727.59075908	0.00309247
-727.55775578	0.00302090
-727.52475248	0.00289683
-727.49174917	0.00276324
-727.45874587	0.00275497
-727.42574257	0.00249667
-727.39273927	0.00242841
-727.35973597	0.00229210
-727.32673267	0.00211676
-727.29372937	0.00199273
-727.26072607	0.00180996
-727.22772277	0.00175269
-727.19471947	0.00165670
-727.16171617	0.00148451
-727.12871287	0.00146463
-727.09570957	0.00131067
-727.06270627	0.00133682
-727.02970297	0.00120665
-726.99669967	0.00122824
-726.96369637	0.00111311
-726.93069307	0.00103432
-726.89768977	0.00091393
-726.86468647	0.00087461
-726.83168317	0.00072499
-726.79867987	0.00059546
-726.76567657	0.00041291
-726.73267327	0.00024583
-726.69966997	0.00015624
-726.66666667	-0.00004801
-726.63366337	-0.00011148
-726.60066007	-0.00025955
-726.56765677	-0.00031133
-726.53465347	-0.00044364
-726.50165017	-0.00040435
-726.46864686	-0.00056752
-726.43564356	-0.00042889
-726.40264026	-0.00043363
-726.36963696	-0.00045643
-726.33663366	-0.00046963
-726.30363036	-0.00045348
-726.27062706	-0.00047683
-726.23762376	-0.00049687
-726.20462046	-0.00068447
-726.17161716	-0.00062698
-726.13861386	-0.00078831
-726.10561056	-0.00094404
-726.07260726	-0.00093016
-726.03960396	-0.00107728
-726.00660066	-0.00116840
-725.97359736	-0.00115471
-725.94059406	-0.00102496
-725.90759076	-0.00102042
-725.87458746	-0.00092407
-725.84158416	-0.00063048
-725.80858086	-0.00029662
-725.77557756	-0.00019125
-725.74257426	0.00012441
-725.70957096	0.00020197
-725.67656766	0.00029847
-725.64356436	0.00001891
-725.61056106	-0.00013449
-725.57755776	-0.00070597
-725.54455446	-0.00113296
-725.51155116	-0.00192687
-725.47854785	-0.00242776
-725.44554455	-0.00281908
-725.41254125	-0.00314285
-725.37953795	-0.00283195
-725.34653465	-0.00226040
-725.31353135	-0.00100688
-725.28052805	0.00042065
-725.24752475	0.00228637
-725.21452145	0.00443208
-725.18151815	0.00620012
-725.14851485	0.00798401
-725.11551155	0.00908334
-725.08250825	0.00972267
-725.04950495	0.00987435
-725.01650165	0.00953639
-724.98349835	0.00887401
-724.95049505	0.00823392
-724.91749175	0.00745505
-724.88448845	0.00707233
-724.85148515	0.00666906
-724.81848185	0.00661548
-724.78547855	0.00665100
-724.75247525	0.00677482
-724.71947195	0.00689775
-724.68646865	0.00690359
-724.65346535	0.00694719
-724.62046205	0.00674938
-724.58745875	0.00619807
-724.55445545	0.00554056
-724.52145215	0.00445084
-724.48844884	0.00331165
-724.45544554	0.00173878
-724.42244224	0.00042596
-724.38943894	-0.00121189
-724.35643564	-0.00288664
-724.32343234	-0.00438843
-724.29042904	-0.00600664
-724.25742574	-0.00740435
-724.22442244	-0.00889031
-724.19141914	-0.01015482
-724.15841584	-0.01142535
-724.12541254	-0.01277913
-724.09240924	-0.01416489
-724.05940594	-0.01570495
-724.02640264	-0.01754825
-723.99339934	-0.01960794
-723.96039604	-0.02208688
-723.92739274	-0.02478087
-723.89438944	-0.02776367
-723.86138614	-0.03076524
-723.82838284	-0.03353648
-723.79537954	-0.03602510
-723.76237624	-0.03775696
-723.72937294	-0.03842650
-723.69636964	-0.03795531
-723.66336634	-0.03631541
-723.63036304	-0.03327550
-723.59735974	-0.02930850
-723.56435644	-0.02447091
-723.53135314	-0.01986822
-723.49834983	-0.01515479
-723.46534653	-0.01149583
-723.43234323	-0.00871767
-723.39933993	-0.00697276
-723.36633663	-0.00613664
-723.33333333	-0.00620181
-723.30033003	-0.00632406
-723.26732673	-0.00688891
-723.23432343	-0.00705673
-723.20132013	-0.00733470
-723.16831683	-0.00712955
-723.13531353	-0.00711773
-723.10231023	-0.00670869
-723.06930693	-0.00608768
-723.03630363	-0.00544779
-723.00330033	-0.00435446
-722.97029703	-0.00322664
-722.93729373	-0.00180702
-722.90429043	-0.00062418
-722.87128713	0.00077955
-722.83828383	0.00209093
-722.80528053	0.00343520
-722.77227723	0.00500364
-722.73927393	0.00658331
-722.70627063	0.00828779
-722.67326733	0.00996295
-722.64026403	0.01199883
-722.60726073	0.01384672
-722.57425743	0.01588886
-722.54125413	0.01802723
-722.50825083	0.02023493
-722.47524752	0.02283229
-722.44224422	0.02549328
-722.40924092	0.02858177
-722.37623762	0.03208218
-722.34323432	0.03599004
-722.31023102	0.04041749
-722.27722772	0.04536332
-722.24422442	0.05078045
-722.21122112	0.05671750
-722.17821782	0.06313804
-722.14521452	0.06989585
-722.11221122	0.07709037
-722.07920792	0.08451504
-722.04620462	0.09179654
-722.01320132	0.09927477
-721.98019802	0.10640795
-721.94719472	0.11339540
-721.91419142	0.12015370
-721.88118812	0.12677950
-721.84818482	0.13338001
-721.81518152	0.14013045
-721.78217822	0.14729706
-721.74917492	0.15557003
-721.71617162	0.16463224
-721.68316832	0.17566781
-721.65016502	0.18857487
-721.61716172	0.20395219
-721.58415842	0.22203169
-721.55115512	0.24315564
-721.51815182	0.26723979
-721.48514851	0.29392586
-721.45214521	0.32295654
-721.41914191	0.35330370
-721.38613861	0.38397570
-721.35313531	0.41376648
-721.32013201	0.44060447
-721.28712871	0.46280166
-721.25412541	0.47820265
-721.22112211	0.48437514
-721.18811881	0.47965781
-721.15511551	0.46227936
-721.12211221	0.43115244
-721.08910891	0.38596220
-721.05610561	0.32768846
-721.02310231	0.25783871
-720.99009901	0.17977042
-720.95709571	0.09647374
-720.92409241	0.01243459
-720.89108911	-0.06888511
-720.85808581	-0.14450179
-720.82508251	-0.21325308
-720.79207921	-0.27568059
-720.75907591	-0.33522272
-720.72607261	-0.39679483
-720.69306931	-0.46812652
-720.66006601	-0.55683234
-720.62706271	-0.67071251
-720.59405941	-0.81655202
-720.56105611	-0.99731859
-720.52805281	-1.21224883
-720.49504950	-1.45425790
-720.46204620	-1.70949027
-720.42904290	-1.95710550
-720.39603960	-2.17090203
-720.36303630	-2.32222657
-720.33003300	-2.38358026
-720.29702970	-2.33427317
-720.26402640	-2.16163864
-720.23102310	-1.86789326
-720.19801980	-1.47018113
-720.16501650	-0.99940230
-720.13201320	-0.49684914
-720.09900990	-0.00662064
-720.06600660	0.43205006
-720.03300330	0.79194868
-720.00000000	1.06068744
-719.96699670	1.24166706
-719.93399340	1.34719443
-719.90099010	1.39307641
-719.86798680	1.39407508
-719.83498350	1.35983848
-719.80198020	1.29751903
-719.76897690	1.21333747
-719.73597360	1.11467717
-719.70297030	1.01140955
-719.66996700	0.91238794
-719.63696370	0.82372193
-719.60396040	0.74610311
-719.57095710	0.67578498
-719.53795380	0.60838629
-719.50495050	0.54108283
-719.47194719	0.47493758
-719.43894389	0.41421641
-719.40594059	0.36214204
-719.37293729	0.32041357
-719.33993399	0.28716195
-719.30693069	0.25840169
-719.27392739	0.23074631
-719.24092409	0.20243811
-719.20792079	0.17321526
-719.17491749	0.14332705
-719.14191419	0.11245113
-719.10891089	0.08039828
-719.07590759	0.04763137
-719.04290429	0.01519580
-719.00990099	-0.01385218
-718.97689769	-0.03796309
-718.94389439	-0.05538119
-718.91089109	-0.06623413
-718.87788779	-0.07035070
-718.84488449	-0.06813378
-718.81188119	-0.05912777
-718.77887789	-0.04436465
-718.74587459	-0.02502726
-718.71287129	-0.00377897
-718.67986799	0.01649246
-718.64686469	0.03320294
-718.61386139	0.04468886
-718.58085809	0.05054569
-718.54785479	0.05040459
-718.51485149	0.04508191
-718.48184818	0.03598809
-718.44884488	0.02443467
-718.41584158	0.01202153
-718.38283828	-0.00057139
-718.34983498	-0.01245624
-718.31683168	-0.02296108
-718.28382838	-0.03111836
-718.25082508	-0.03586758
-718.21782178	-0.03662633
-718.18481848	-0.03356661
-718.15181518	-0.02760304
-718.11881188	-0.01969595
-718.08580858	-0.01104847
-718.05280528	-0.00267374
-718.01980198	0.00440805
-717.98679868	0.00854178
-717.95379538	0.00937559
-717.92079208	0.00672761
-717.88778878	0.00214722
-717.85478548	-0.00299760
-717.82178218	-0.00745855
-717.78877888	-0.01134111
-717.75577558	-0.01490848
-717.72277228	-0.01886977
-717.68976898	-0.02311853
-717.65676568	-0.02740074
-717.62376238	-0.03139406
-717.59075908	-0.03458694
-717.55775578	-0.03635732
-717.52475248	-0.03653724
-717.49174917	-0.03530152
-717.45874587	-0.03306752
-717.42574257	-0.03059333
-717.39273927	-0.02802158
-717.35973597	-0.02526511
-717.32673267	-0.02241469
-717.29372937	-0.02010613
-717.26072607	-0.01962833
-717.22772277	-0.02134107
-717.19471947	-0.02478823
-717.16171617	-0.02851216
-717.12871287	-0.03007489
-717.09570957	-0.02835714
-717.06270627	-0.02302127
-717.02970297	-0.01461411
-716.99669967	-0.00410753
-716.96369637	0.00723341
-716.93069307	0.01827342
-716.89768977	0.02819877
-716.86468647	0.03666456
-716.83168317	0.04308343
-716.79867987	0.04713502
-716.76567657	0.04881001
-716.73267327	0.04767752
-716.69966997	0.04377227
-716.66666667	0.03704962
-716.63366337	0.02745912
-716.60066007	0.01482597
-716.56765677	-0.00038491
-716.53465347	-0.01703617
-716.50165017	-0.03376667
-716.46864686	-0.04828171
-716.43564356	-0.05895192
-716.40264026	-0.06514159
-716.36963696	-0.06634432
-716.33663366	-0.06321401
-716.30363036	-0.05664295
-716.27062706	-0.04822657
-716.23762376	-0.03861419
-716.20462046	-0.02886390
-716.17161716	-0.02042393
-716.13861386	-0.01454967
-716.10561056	-0.01215104
-716.07260726	-0.01375493
-716.03960396	-0.01861302
-716.00660066	-0.02510948
-715.97359736	-0.03204374
-715.94059406	-0.03843895
-715.90759076	-0.04352051
-715.87458746	-0.04705507
-715.84158416	-0.04863217
-715.80858086	-0.04805558
-715.77557756	-0.04528075
-715.74257426	-0.04062724
-715.70957096	-0.03467710
-715.67656766	-0.02839593
-715.64356436	-0.02252885
-715.61056106	-0.01770725
-715.57755776	-0.01379181
-715.54455446	-0.01089194
-715.51155116	-0.00802059
-715.47854785	-0.00551197
-715.44554455	-0.00332164
-715.41254125	-0.00155859
-715.37953795	-0.00017711
-715.34653465	0.00053910
-715.31353135	0.00102886
-715.28052805	0.00087715
-715.24752475	-0.00055291
-715.21452145	-0.00309824
-715.18151815	-0.00635705
-715.14851485	-0.00944121
-715.11551155	-0.01073216
-715.08250825	-0.00917516
-715.04950495	-0.00500366
-715.01650165	0.00128987
-714.98349835	0.00734297
-714.95049505	0.01137879
-714.91749175	0.01208459
-714.88448845	0.00882211
-714.85148515	0.00232700
-714.81848185	-0.00571685
-714.78547855	-0.01402502
-714.75247525	-0.02118272
-714.71947195	-0.02611856
-714.68646865	-0.02893124
-714.65346535	-0.02969588
-714.62046205	-0.02878295
-714.58745875	-0.02660919
-714.55445545	-0.02395398
-714.52145215	-0.02109580
-714.48844884	-0.01836225
-714.45544554	-0.01591914
-714.42244224	-0.01400068
-714.38943894	-0.01243081
-714.35643564	-0.01145912
-714.32343234	-0.01052456
-714.29042904	-0.01004676
-714.25742574	-0.00993316
-714.22442244	-0.01051088
-714.19141914	-0.01235765
-714.15841584	-0.01549654
-714.12541254	-0.01884862
-714.09240924	-0.02114431
-714.05940594	-0.02076781
-714.02640264	-0.01666282
-713.99339934	-0.00930437
-713.96039604	-0.00012779
-713.92739274	0.00873038
-713.89438944	0.01544632
-713.86138614	0.01887017
-713.82838284	0.01960046
-713.79537954	0.01841483
-713.76237624	0.01678796
-713.72937294	0.01545839
-713.69636964	0.01408983
-713.66336634	0.01319989
-713.63036304	0.01226844
-713.59735974	0.01190915
-713.56435644	0.01225221
-713.53135314	0.01387117
-713.49834983	0.01698515
-713.46534653	0.02129186
-713.43234323	0.02625029
-713.39933993	0.03103890
-713.36633663	0.03503384
-713.33333333	0.03815090
-713.30033003	0.04095550
-713.26732673	0.04400545
-713.23432343	0.04761880
-713.20132013	0.05201700
-713.16831683	0.05631960
-713.13531353	0.05982334
-713.10231023	0.06155111
-713.06930693	0.06080615
-713.03630363	0.05708211
-713.00330033	0.05127725
-712.97029703	0.04386056
-712.93729373	0.03633557
-712.90429043	0.02991199
-712.87128713	0.02580880
-712.83828383	0.02471968
-712.80528053	0.02664275
-712.77227723	0.03114390
-712.73927393	0.03752219
-712.70627063	0.04491347
-712.67326733	0.05231536
-712.64026403	0.05895910
-712.60726073	0.06434977
-712.57425743	0.06820570
-712.54125413	0.07073364
-712.50825083	0.07304932
-712.47524752	0.07590152
-712.44224422	0.08006138
-712.40924092	0.08519410
-712.37623762	0.08995665
-712.34323432	0.09284158
-712.31023102	0.09226656
-712.27722772	0.08681960
-712.24422442	0.07665877
-712.21122112	0.06261263
-712.17821782	0.04599481
-712.14521452	0.02887027
-712.11221122	0.01245202
-712.07920792	-0.00284579
-712.04620462	-0.01702863
-712.01320132	-0.03112777
-711.98019802	-0.04631335
-711.94719472	-0.06347061
-711.91419142	-0.08459307
-711.88118812	-0.11099276
-711.84818482	-0.14457422
-711.81518152	-0.18639042
-711.78217822	-0.23707826
-711.74917492	-0.29640553
-711.71617162	-0.36281601
-711.68316832	-0.43370729
-711.65016502	-0.50502645
-711.61716172	-0.57142286
-711.58415842	-0.62650209
-711.55115512	-0.66221908
-711.51815182	-0.67122419
-711.48514851	-0.64772047
-711.45214521	-0.58858986
-711.41914191	-0.49534345
-711.38613861	-0.37353953
-711.35313531	-0.23276684
-711.32013201	-0.08596245
-711.28712871	0.05419808
-711.25412541	0.17610063
-711.22112211	0.27234263
-711.18811881	0.34045080
-711.15511551	0.38215221
-711.12211221	0.40243276
-711.08910891	0.40685964
-711.05610561	0.40000472
-711.02310231	0.38506099
-710.99009901	0.36356877
-710.95709571	0.33673463
-710.92409241	0.30648967
-710.89108911	0.27503941
-710.85808581	0.24447121
-710.82508251	0.21671219
-710.79207921	0.19189416
-710.75907591	0.16943800
-710.72607261	0.14858480
-710.69306931	0.12886297
-710.66006601	0.11071264
-710.62706271	0.09455559
-710.59405941	0.08093730
-710.56105611	0.06969123
-710.52805281	0.06022842
-710.49504950	0.05164504
-710.46204620	0.04343066
-710.42904290	0.03553498
-710.39603960	0.02778314
-710.36303630	0.02018381
-710.33003300	0.01305231
-710.29702970	0.00594505
-710.26402640	-0.00060293
-710.23102310	-0.00621911
-710.19801980	-0.01086042
-710.16501650	-0.01435193
-710.13201320	-0.01758333
-710.09900990	-0.02075345
-710.06600660	-0.02433601
-710.03300330	-0.02730599
-710.00000000	-0.02870326
-709.96699670	-0.02790754
-709.93399340	-0.02410459
-709.90099010	-0.01792128
-709.86798680	-0.01019654
-709.83498350	-0.00191127
-709.80198020	0.00583299
-709.76897690	0.01215861
-709.73597360	0.01636531
-709.70297030	0.01808922
-709.66996700	0.01762806
-709.63696370	0.01498309
-709.60396040	0.01087307
-709.57095710	0.00669260
-709.53795380	0.00269418
-709.50495050	-0.00032343
-709.47194719	-0.00203359
-709.43894389	-0.00279409
-709.40594059	-0.00284974
-709.37293729	-0.00223061
-709.33993399	-0.00119723
-709.30693069	0.00010257
-709.27392739	0.00145352
-709.24092409	0.00295251
-709.20792079	0.00425510
-709.17491749	0.00508819
-709.14191419	0.00524088
-709.10891089	0.00466847
-709.07590759	0.00367015
-709.04290429	0.00268811
-709.00990099	0.00180261
-708.97689769	0.00159010
-708.94389439	0.00170028
-708.91089109	0.00158050
-708.87788779	0.00088139
-708.84488449	-0.00112174
-708.81188119	-0.00439614
-708.77887789	-0.00847788
-708.74587459	-0.01276941
-708.71287129	-0.01584660
-708.67986799	-0.01769469
-708.64686469	-0.01806440
-708.61386139	-0.01701149
-708.58085809	-0.01448833
-708.54785479	-0.01094551
-708.51485149	-0.00620004
-708.48184818	-0.00093920
-708.44884488	0.00380924
-708.41584158	0.00756289
-708.38283828	0.00992244
-708.34983498	0.01115608
-708.31683168	0.01203356
-708.28382838	0.01345945
-708.25082508	0.01535843
-708.21782178	0.01754595
-708.18481848	0.01944844
-708.15181518	0.02014716
-708.11881188	0.01919535
-708.08580858	0.01645978
-708.05280528	0.01254598
-708.01980198	0.00789412
-707.98679868	0.00362340
-707.95379538	0.00014771
-707.92079208	-0.00214717
-707.88778878	-0.00339797
-707.85478548	-0.00362188
-707.82178218	-0.00304225
-707.78877888	-0.00193861
-707.75577558	-0.00054980
-707.72277228	0.00046849
-707.68976898	0.00111895
-707.65676568	0.00097900
-707.62376238	0.00006254
-707.59075908	-0.00084288
-707.55775578	-0.00169463
-707.52475248	-0.00180967
-707.49174917	-0.00107407
-707.45874587	-0.00007940
-707.42574257	0.00089083
-707.39273927	0.00082298
-707.35973597	-0.00092563
-707.32673267	-0.00490061
-707.29372937	-0.01077599
-707.26072607	-0.01750467
-707.22772277	-0.02394517
-707.19471947	-0.02832612
-707.16171617	-0.02963643
-707.12871287	-0.02813336
-707.09570957	-0.02422457
-707.06270627	-0.01950029
-707.02970297	-0.01489743
-706.99669967	-0.01115989
-706.96369637	-0.00844563
-706.93069307	-0.00691306
-706.89768977	-0.00631405
-706.86468647	-0.00656397
-706.83168317	-0.00738047
-706.79867987	-0.00827446
-706.76567657	-0.00880295
-706.73267327	-0.00806061
-706.69966997	-0.00561336
-706.66666667	-0.00185380
-706.63366337	0.00309193
-706.60066007	0.00832667
-706.56765677	0.01290275
-706.53465347	0.01639140
-706.50165017	0.01862586
-706.46864686	0.01937881
-706.43564356	0.01866848
-706.40264026	0.01701872
-706.36963696	0.01454960
-706.33663366	0.01128192
-706.30363036	0.00764618
-706.27062706	0.00363247
-706.23762376	-0.00013454
-706.20462046	-0.00322728
-706.17161716	-0.00584839
-706.13861386	-0.00725263
-706.10561056	-0.00734531
-706.07260726	-0.00639905
-706.03960396	-0.00415420
-706.00660066	-0.00082065
-705.97359736	0.00315548
-705.94059406	0.00752044
-705.90759076	0.01215144
-705.87458746	0.01667698
-705.84158416	0.02052062
-705.80858086	0.02294503
-705.77557756	0.02270053
-705.74257426	0.01961512
-705.70957096	0.01342278
-705.67656766	0.00505327
-705.64356436	-0.00359600
-705.61056106	-0.01148466
-705.57755776	-0.01752266
-705.54455446	-0.02134619
-705.51155116	-0.02343582
-705.47854785	-0.02433939
-705.44554455	-0.02423172
-705.41254125	-0.02317332
-705.37953795	-0.02125247
-705.34653465	-0.01860318
-705.31353135	-0.01573018
-705.28052805	-0.01312247
-705.24752475	-0.01083269
-705.21452145	-0.00920738
-705.18151815	-0.00835040
-705.14851485	-0.00872828
-705.11551155	-0.01014937
-705.08250825	-0.01235832
-705.04950495	-0.01515183
-705.01650165	-0.01703162
-704.98349835	-0.01730935
-704.95049505	-0.01494428
-704.91749175	-0.00988614
-704.88448845	-0.00243542
-704.85148515	0.00668881
-704.81848185	0.01615256
-704.78547855	0.02509196
-704.75247525	0.03250391
-704.71947195	0.03731895
-704.68646865	0.03915032
-704.65346535	0.03753048
-704.62046205	0.03278858
-704.58745875	0.02577088
-704.55445545	0.01775314
-704.52145215	0.00993535
-704.48844884	0.00355466
-704.45544554	-0.00115890
-704.42244224	-0.00405985
-704.38943894	-0.00562711
-704.35643564	-0.00649018
-704.32343234	-0.00642213
-704.29042904	-0.00491378
-704.25742574	-0.00145936
-704.22442244	0.00443230
-704.19141914	0.01281036
-704.15841584	0.02262523
-704.12541254	0.03271956
-704.09240924	0.04153374
-704.05940594	0.04743380
-704.02640264	0.04948753
-703.99339934	0.04702968
-703.96039604	0.04042122
-703.92739274	0.03116261
-703.89438944	0.02055790
-703.86138614	0.01021974
-703.82838284	0.00149993
-703.79537954	-0.00504577
-703.76237624	-0.00871642
-703.72937294	-0.00922925
-703.69636964	-0.00697657
-703.66336634	-0.00231918
-703.63036304	0.00361105
-703.59735974	0.00953127
-703.56435644	0.01431986
-703.53135314	0.01726757
-703.49834983	0.01823498
-703.46534653	0.01740225
-703.43234323	0.01550665
-703.39933993	0.01300541
-703.36633663	0.00994013
-703.33333333	0.00659422
-703.30033003	0.00300395
-703.26732673	-0.00074802
-703.23432343	-0.00475836
-703.20132013	-0.00870484
-703.16831683	-0.01261909
-703.13531353	-0.01740042
-703.10231023	-0.02304394
-703.06930693	-0.03033453
-703.03630363	-0.03990313
-703.00330033	-0.05211247
-702.97029703	-0.06708923
-702.93729373	-0.08494572
-702.90429043	-0.10507248
-702.87128713	-0.12656420
-702.83828383	-0.14851205
-702.80528053	-0.16892018
-702.77227723	-0.18578127
-702.73927393	-0.19712315
-702.70627063	-0.20052528
-702.67326733	-0.19468952
-702.64026403	-0.17881407
-702.60726073	-0.15339482
-702.57425743	-0.11933147
-702.54125413	-0.07913128
-702.50825083	-0.03572411
-702.47524752	0.00761674
-702.44224422	0.04754475
-702.40924092	0.08144991
-702.37623762	0.10793467
-702.34323432	0.12651324
-702.31023102	0.13778191
-702.27722772	0.14305330
-702.24422442	0.14304108
-702.21122112	0.13845164
-702.17821782	0.12989412
-702.14521452	0.11761859
-702.11221122	0.10249241
-702.07920792	0.08581336
-702.04620462	0.06898907
-702.01320132	0.05339570
-701.98019802	0.04016964
-701.94719472	0.02954149
-701.91419142	0.02156587
-701.88118812	0.01630295
-701.84818482	0.01353867
-701.81518152	0.01289985
-701.78217822	0.01412777
-701.74917492	0.01632867
-701.71617162	0.01852968
-701.68316832	0.01975951
-701.65016502	0.01922561
-701.61716172	0.01666595
-701.58415842	0.01219630
-701.55115512	0.00657496
-701.51815182	0.00057497
-701.48514851	-0.00488033
-701.45214521	-0.00879401
-701.41914191	-0.01107212
-701.38613861	-0.01149018
-701.35313531	-0.01059689
-701.32013201	-0.00916870
-701.28712871	-0.00726457
-701.25412541	-0.00529425
-701.22112211	-0.00304259
-701.18811881	0.00014299
-701.15511551	0.00416369
-701.12211221	0.00868971
-701.08910891	0.01259479
-701.05610561	0.01499116
-701.02310231	0.01487190
-700.99009901	0.01187571
-700.95709571	0.00644503
-700.92409241	-0.00000358
-700.89108911	-0.00644817
-700.85808581	-0.01177326
-700.82508251	-0.01566503
-700.79207921	-0.01800915
-700.75907591	-0.01816470
-700.72607261	-0.01649539
-700.69306931	-0.01269153
-700.66006601	-0.00611032
-700.62706271	0.00255581
-700.59405941	0.01283368
-700.56105611	0.02357964
-700.52805281	0.03298067
-700.49504950	0.03995571
-700.46204620	0.04322618
-700.42904290	0.04191297
-700.39603960	0.03648969
-700.36303630	0.02777484
-700.33003300	0.01681077
-700.29702970	0.00553831
-700.26402640	-0.00516141
-700.23102310	-0.01421638
-700.19801980	-0.02036648
-700.16501650	-0.02408840
-700.13201320	-0.02455414
-700.09900990	-0.02234835
-700.06600660	-0.01818890
-700.03300330	-0.01322044
-700.00000000	-0.00827906
-699.96699670	-0.00384854
-699.93399340	-0.00082876
-699.90099010	0.00135025
-699.86798680	0.00241919
-699.83498350	0.00261306
-699.80198020	0.00191504
-699.76897690	0.00024723
-699.73597360	-0.00210522
-699.70297030	-0.00514608
-699.66996700	-0.00831835
-699.63696370	-0.01072643
-699.60396040	-0.01191684
-699.57095710	-0.01116257
-699.53795380	-0.00809342
-699.50495050	-0.00350728
-699.47194719	0.00176321
-699.43894389	0.00680360
-699.40594059	0.01053630
-699.37293729	0.01234562
-699.33993399	0.01183159
-699.30693069	0.00957041
-699.27392739	0.00603947
-699.24092409	0.00197688
-699.20792079	-0.00158763
-699.17491749	-0.00424482
-699.14191419	-0.00585697
-699.10891089	-0.00655079
-699.07590759	-0.00661551
-699.04290429	-0.00717216
-699.00990099	-0.00762957
-698.97689769	-0.00814332
-698.94389439	-0.00854302
-698.91089109	-0.00790560
-698.87788779	-0.00633659
-698.84488449	-0.00363698
-698.81188119	-0.00015690
-698.77887789	0.00370868
-698.74587459	0.00733609
-698.71287129	0.00993743
-698.67986799	0.01105433
-698.64686469	0.00991649
-698.61386139	0.00621291
-698.58085809	0.00017040
-698.54785479	-0.00730433
-698.51485149	-0.01497741
-698.48184818	-0.02149327
-698.44884488	-0.02564171
-698.41584158	-0.02668674
-698.38283828	-0.02482189
-698.34983498	-0.02107349
-698.31683168	-0.01616123
-698.28382838	-0.01129246
-698.25082508	-0.00689091
-698.21782178	-0.00294612
-698.18481848	0.00014199
-698.15181518	0.00249170
-698.11881188	0.00397924
-698.08580858	0.00390216
-698.05280528	0.00269136
-698.01980198	0.00052404
-697.98679868	-0.00259610
-697.95379538	-0.00604397
-697.92079208	-0.00865678
-697.88778878	-0.01050389
-697.85478548	-0.01087798
-697.82178218	-0.00931211
-697.78877888	-0.00621674
-697.75577558	-0.00169622
-697.72277228	0.00363049
-697.68976898	0.00888389
-697.65676568	0.01324458
-697.62376238	0.01628344
-697.59075908	0.01750225
-697.55775578	0.01685205
-697.52475248	0.01465892
-697.49174917	0.01127527
-697.45874587	0.00726188
-697.42574257	0.00286757
-697.39273927	-0.00101024
-697.35973597	-0.00407572
-697.32673267	-0.00621882
-697.29372937	-0.00747631
-697.26072607	-0.00791824
-697.22772277	-0.00762202
-697.19471947	-0.00601488
-697.16171617	-0.00332973
-697.12871287	0.00065889
-697.09570957	0.00549101
-697.06270627	0.01073481
-697.02970297	0.01574692
-696.99669967	0.01988522
-696.96369637	0.02260436
-696.93069307	0.02365964
-696.89768977	0.02253370
-696.86468647	0.01944137
-696.83168317	0.01427122
-696.79867987	0.00741925
-696.76567657	-0.00019405
-696.73267327	-0.00807934
-696.69966997	-0.01521601
-696.66666667	-0.02088404
-696.63366337	-0.02485503
-696.60066007	-0.02632082
-696.56765677	-0.02520357
-696.53465347	-0.02160332
-696.50165017	-0.01547580
-696.46864686	-0.00787543
-696.43564356	0.00016471
-696.40264026	0.00719096
-696.36963696	0.01190412
-696.33663366	0.01351255
-696.30363036	0.01175945
-696.27062706	0.00759082
-696.23762376	0.00197986
-696.20462046	-0.00379532
-696.17161716	-0.00848365
-696.13861386	-0.01153412
-696.10561056	-0.01288175
-696.07260726	-0.01250316
-696.03960396	-0.01114486
-696.00660066	-0.00907879
-695.97359736	-0.00677559
-695.94059406	-0.00437133
-695.90759076	-0.00220993
-695.87458746	-0.00006761
-695.84158416	0.00226490
-695.80858086	0.00456060
-695.77557756	0.00668082
-695.74257426	0.00806447
-695.70957096	0.00824325
-695.67656766	0.00721076
-695.64356436	0.00491638
-695.61056106	0.00169148
-695.57755776	-0.00179781
-695.54455446	-0.00480742
-695.51155116	-0.00638708
-695.47854785	-0.00576791
-695.44554455	-0.00264227
-695.41254125	0.00313851
-695.37953795	0.01072396
-695.34653465	0.01887415
-695.31353135	0.02617094
-695.28052805	0.03137608
-695.24752475	0.03353626
-695.21452145	0.03272209
-695.18151815	0.02943725
-695.14851485	0.02428998
-695.11551155	0.01790502
-695.08250825	0.01094048
-695.04950495	0.00384808
-695.01650165	-0.00302841
-694.98349835	-0.00899591
-694.95049505	-0.01342566
-694.91749175	-0.01530995
-694.88448845	-0.01403032
-694.85148515	-0.00967971
-694.81848185	-0.00285591
-694.78547855	0.00507794
-694.75247525	0.01244990
-694.71947195	0.01778635
-694.68646865	0.02014208
-694.65346535	0.01946486
-694.62046205	0.01621715
-694.58745875	0.01110606
-694.55445545	0.00541668
-694.52145215	-0.00040276
-694.48844884	-0.00573708
-694.45544554	-0.01012770
-694.42244224	-0.01350630
-694.38943894	-0.01607714
-694.35643564	-0.01785885
-694.32343234	-0.01921268
-694.29042904	-0.02032689
-694.25742574	-0.02139660
-694.22442244	-0.02233741
-694.19141914	-0.02392739
-694.15841584	-0.02583763
-694.12541254	-0.02783247
-694.09240924	-0.03054480
-694.05940594	-0.03323901
-694.02640264	-0.03607111
-693.99339934	-0.03911008
-693.96039604	-0.04217693
-693.92739274	-0.04451525
-693.89438944	-0.04553126
-693.86138614	-0.04456502
-693.82838284	-0.04131906
-693.79537954	-0.03540035
-693.76237624	-0.02692375
-693.72937294	-0.01650810
-693.69636964	-0.00470171
-693.66336634	0.00728278
-693.63036304	0.01906863
-693.59735974	0.02962850
-693.56435644	0.03888361
-693.53135314	0.04665409
-693.49834983	0.05220705
-693.46534653	0.05555344
-693.43234323	0.05630710
-693.39933993	0.05391441
-693.36633663	0.04892642
-693.33333333	0.04168886
-693.30033003	0.03269236
-693.26732673	0.02345309
-693.23432343	0.01464882
-693.20132013	0.00725278
-693.16831683	0.00213086
-693.13531353	-0.00054666
-693.10231023	-0.00083965
-693.06930693	0.00072298
-693.03630363	0.00344534
-693.00330033	0.00693593
-692.97029703	0.01016095
-692.93729373	0.01299285
-692.90429043	0.01493119
-692.87128713	0.01571561
-692.83828383	0.01527689
-692.80528053	0.01342541
-692.77227723	0.01057972
-692.73927393	0.00701628
-692.70627063	0.00345831
-692.67326733	0.00022146
-692.64026403	-0.00231781
-692.60726073	-0.00435938
-692.57425743	-0.00601605
-692.54125413	-0.00728740
-692.50825083	-0.00858937
-692.47524752	-0.00952123
-692.44224422	-0.00979375
-692.40924092	-0.00937381
-692.37623762	-0.00787002
-692.34323432	-0.00553011
-692.31023102	-0.00287863
-692.27722772	0.00003561
-692.24422442	0.00287267
-692.21122112	0.00511451
-692.17821782	0.00714555
-692.14521452	0.00873262
-692.11221122	0.00962291
-692.07920792	0.01003278
-692.04620462	0.01011341
-692.01320132	0.00984859
-691.98019802	0.00903486
-691.94719472	0.00837963
-691.91419142	0.00783393
-691.88118812	0.00723942
-691.84818482	0.00697210
-691.81518152	0.00686951
-691.78217822	0.00663531
-691.74917492	0.00648734
-691.71617162	0.00611843
-691.68316832	0.00544132
-691.65016502	0.00500506
-691.61716172	0.00440310
-691.58415842	0.00351647
-691.55115512	0.00245228
-691.51815182	0.00091792
-691.48514851	-0.00127130
-691.45214521	-0.00345158
-691.41914191	-0.00571856
-691.38613861	-0.00716752
-691.35313531	-0.00758610
-691.32013201	-0.00658055
-691.28712871	-0.00401533
-691.25412541	-0.00036048
-691.22112211	0.00397253
-691.18811881	0.00850154
-691.15511551	0.01203587
-691.12211221	0.01437218
-691.08910891	0.01491122
-691.05610561	0.01319160
-691.02310231	0.00968504
-690.99009901	0.00461397
-690.95709571	-0.00136954
-690.92409241	-0.00720181
-690.89108911	-0.01162167
-690.85808581	-0.01455642
-690.82508251	-0.01577231
-690.79207921	-0.01562549
-690.75907591	-0.01423439
-690.72607261	-0.01243610
-690.69306931	-0.01060935
-690.66006601	-0.00906560
-690.62706271	-0.00821977
-690.59405941	-0.00822875
-690.56105611	-0.00859511
-690.52805281	-0.00924010
-690.49504950	-0.00924478
-690.46204620	-0.00828071
-690.42904290	-0.00623612
-690.39603960	-0.00294133
-690.36303630	0.00075951
-690.33003300	0.00419414
-690.29702970	0.00682211
-690.26402640	0.00767387
-690.23102310	0.00690470
-690.19801980	0.00452614
-690.16501650	0.00119249
-690.13201320	-0.00229829
-690.09900990	-0.00544176
-690.06600660	-0.00753240
-690.03300330	-0.00849436
-690.00000000	-0.00822564
-689.96699670	-0.00679485
-689.93399340	-0.00480577
-689.90099010	-0.00283358
-689.86798680	-0.00145160
-689.83498350	-0.00031060
-689.80198020	-0.00024831
-689.76897690	-0.00092777
-689.73597360	-0.00210369
-689.70297030	-0.00416540
-689.66996700	-0.00700145
-689.63696370	-0.00969253
-689.60396040	-0.01232044
-689.57095710	-0.01425436
-689.53795380	-0.01469957
-689.50495050	-0.01382203
-689.47194719	-0.01150168
-689.43894389	-0.00821222
-689.40594059	-0.00464639
-689.37293729	-0.00155877
-689.33993399	0.00072019
-689.30693069	0.00139614
-689.27392739	0.00045543
-689.24092409	-0.00198302
-689.20792079	-0.00524039
-689.17491749	-0.00844144
-689.14191419	-0.01106705
-689.10891089	-0.01212664
-689.07590759	-0.01214525
-689.04290429	-0.01084599
-689.00990099	-0.00912100
-688.97689769	-0.00770782
-688.94389439	-0.00644571
-688.91089109	-0.00590354
-688.87788779	-0.00554006
-688.84488449	-0.00566913
-688.81188119	-0.00561724
-688.77887789	-0.00542217
-688.74587459	-0.00515981
-688.71287129	-0.00424960
-688.67986799	-0.00280003
-688.64686469	-0.00046613
-688.61386139	0.00287277
-688.58085809	0.00686761
-688.54785479	0.01141007
-688.51485149	0.01568106
-688.48184818	0.01902551
-688.44884488	0.02103448
-688.41584158	0.02127294
-688.38283828	0.01995424
-688.34983498	0.01727241
-688.31683168	0.01418782
-688.28382838	0.01087139
-688.25082508	0.00821312
-688.21782178	0.00625442
-688.18481848	0.00486768
-688.15181518	0.00447594
-688.11881188	0.00438093
-688.08580858	0.00463818
-688.05280528	0.00495653
-688.01980198	0.00510783
-687.98679868	0.00477399
-687.95379538	0.00406742
-687.92079208	0.00286067
-687.88778878	0.00185866
-687.85478548	0.00127535
-687.82178218	0.00153148
-687.78877888	0.00254196
-687.75577558	0.00445026
-687.72277228	0.00643830
-687.68976898	0.00833975
-687.65676568	0.00970109
-687.62376238	0.01090333
-687.59075908	0.01137145
-687.55775578	0.01119715
-687.52475248	0.01015565
-687.49174917	0.00787827
-687.45874587	0.00441877
-687.42574257	0.00010163
-687.39273927	-0.00472448
-687.35973597	-0.00927470
-687.32673267	-0.01275171
-687.29372937	-0.01493007
-687.26072607	-0.01540673
-687.22772277	-0.01445021
-687.19471947	-0.01213973
-687.16171617	-0.00901672
-687.12871287	-0.00562413
-687.09570957	-0.00247440
-687.06270627	-0.00007084
-687.02970297	0.00124729
-686.99669967	0.00149612
-686.96369637	0.00052410
-686.93069307	-0.00126744
-686.89768977	-0.00339068
-686.86468647	-0.00580614
-686.83168317	-0.00809247
-686.79867987	-0.00974721
-686.76567657	-0.01083386
-686.73267327	-0.01081954
-686.69966997	-0.00943487
-686.66666667	-0.00673827
-686.63366337	-0.00285418
-686.60066007	0.00159133
-686.56765677	0.00548275
-686.53465347	0.00840436
-686.50165017	0.00944442
-686.46864686	0.00857522
-686.43564356	0.00619574
-686.40264026	0.00291473
-686.36963696	-0.00046643
-686.33663366	-0.00349539
-686.30363036	-0.00566124
-686.27062706	-0.00667952
-686.23762376	-0.00669161
-686.20462046	-0.00555162
-686.17161716	-0.00332612
-686.13861386	-0.00052320
-686.10561056	0.00287006
-686.07260726	0.00619357
-686.03960396	0.00915941
-686.00660066	0.01117284
-685.97359736	0.01215917
-685.94059406	0.01221014
-685.90759076	0.01136579
-685.87458746	0.01008312
-685.84158416	0.00854749
-685.80858086	0.00672012
-685.77557756	0.00474137
-685.74257426	0.00249484
-685.70957096	0.00047367
-685.67656766	-0.00144296
-685.64356436	-0.00266536
-685.61056106	-0.00328512
-685.57755776	-0.00341268
-685.54455446	-0.00335964
-685.51155116	-0.00347145
-685.47854785	-0.00406253
-685.44554455	-0.00548534
-685.41254125	-0.00719949
-685.37953795	-0.00940608
-685.34653465	-0.01162614
-685.31353135	-0.01382596
-685.28052805	-0.01597334
-685.24752475	-0.01788391
-685.21452145	-0.01972139
-685.18151815	-0.02132874
-685.14851485	-0.02246057
-685.11551155	-0.02293354
-685.08250825	-0.02200332
-685.04950495	-0.01980902
-685.01650165	-0.01585639
-684.98349835	-0.01018041
-684.95049505	-0.00360998
-684.91749175	0.00349671
-684.88448845	0.01036414
-684.85148515	0.01590464
-684.81848185	0.02041647
-684.78547855	0.02321405
-684.75247525	0.02439016
-684.71947195	0.02440022
-684.68646865	0.02307802
-684.65346535	0.02063700
-684.62046205	0.01724434
-684.58745875	0.01308444
-684.55445545	0.00862901
-684.52145215	0.00472916
-684.48844884	0.00130125
-684.45544554	-0.00095567
-684.42244224	-0.00167147
-684.38943894	-0.00102855
-684.35643564	0.00074313
-684.32343234	0.00374516
-684.29042904	0.00717076
-684.25742574	0.01042733
-684.22442244	0.01288530
-684.19141914	0.01405632
-684.15841584	0.01356662
-684.12541254	0.01168615
-684.09240924	0.00902917
-684.05940594	0.00596856
-684.02640264	0.00308308
-683.99339934	0.00088886
-683.96039604	-0.00088791
-683.92739274	-0.00221224
-683.89438944	-0.00328755
-683.86138614	-0.00444970
-683.82838284	-0.00563497
-683.79537954	-0.00708102
-683.76237624	-0.00838079
-683.72937294	-0.00937827
-683.69636964	-0.01005552
-683.66336634	-0.01018226
-683.63036304	-0.00966859
-683.59735974	-0.00879792
-683.56435644	-0.00755729
-683.53135314	-0.00649516
-683.49834983	-0.00576691
-683.46534653	-0.00563050
-683.43234323	-0.00610727
-683.39933993	-0.00727035
-683.36633663	-0.00831160
-683.33333333	-0.00939783
-683.30033003	-0.00971798
-683.26732673	-0.00936169
-683.23432343	-0.00842604
-683.20132013	-0.00699510
-683.16831683	-0.00548131
-683.13531353	-0.00397182
-683.10231023	-0.00253384
-683.06930693	-0.00091188
-683.03630363	0.00080507
-683.00330033	0.00244492
-682.97029703	0.00409290
-682.93729373	0.00499984
-682.90429043	0.00547607
-682.87128713	0.00531537
-682.83828383	0.00478966
-682.80528053	0.00408237
-682.77227723	0.00340936
-682.73927393	0.00242505
-682.70627063	0.00124629
-682.67326733	0.00010603
-682.64026403	-0.00036655
-682.60726073	-0.00006364
-682.57425743	0.00181421
-682.54125413	0.00526624
-682.50825083	0.00950984
-682.47524752	0.01402472
-682.44224422	0.01813913
-682.40924092	0.02088419
-682.37623762	0.02234590
-682.34323432	0.02287939
-682.31023102	0.02242117
-682.27722772	0.02162037
-682.24422442	0.02041766
-682.21122112	0.01910338
-682.17821782	0.01770864
-682.14521452	0.01685609
-682.11221122	0.01633599
-682.07920792	0.01670173
-682.04620462	0.01787600
-682.01320132	0.01937000
-681.98019802	0.02106313
-681.94719472	0.02260132
-681.91419142	0.02361703
-681.88118812	0.02379991
-681.84818482	0.02331744
-681.81518152	0.02154551
-681.78217822	0.01901811
-681.74917492	0.01560750
-681.71617162	0.01182187
-681.68316832	0.00823221
-681.65016502	0.00510549
-681.61716172	0.00313251
-681.58415842	0.00217362
-681.55115512	0.00241551
-681.51815182	0.00339111
-681.48514851	0.00488108
-681.45214521	0.00642778
-681.41914191	0.00752200
-681.38613861	0.00825996
-681.35313531	0.00845757
-681.32013201	0.00798790
-681.28712871	0.00686964
-681.25412541	0.00529882
-681.22112211	0.00329208
-681.18811881	0.00113964
-681.15511551	-0.00128881
-681.12211221	-0.00335455
-681.08910891	-0.00578013
-681.05610561	-0.00800957
-681.02310231	-0.01002770
-680.99009901	-0.01213826
-680.95709571	-0.01359500
-680.92409241	-0.01458662
-680.89108911	-0.01473502
-680.85808581	-0.01406037
-680.82508251	-0.01264741
-680.79207921	-0.01041430
-680.75907591	-0.00800196
-680.72607261	-0.00532328
-680.69306931	-0.00299846
-680.66006601	-0.00134470
-680.62706271	-0.00070543
-680.59405941	-0.00154188
-680.56105611	-0.00376457
-680.52805281	-0.00786968
-680.49504950	-0.01299755
-680.46204620	-0.01874620
-680.42904290	-0.02420687
-680.39603960	-0.02829908
-680.36303630	-0.03036221
-680.33003300	-0.03001809
-680.29702970	-0.02722350
-680.26402640	-0.02281026
-680.23102310	-0.01734847
-680.19801980	-0.01219648
-680.16501650	-0.00814798
-680.13201320	-0.00587548
-680.09900990	-0.00587813
-680.06600660	-0.00795698
-680.03300330	-0.01165257
-680.00000000	-0.01614984
-679.96699670	-0.02037682
-679.93399340	-0.02362621
-679.90099010	-0.02532962
-679.86798680	-0.02483411
-679.83498350	-0.02260830
-679.80198020	-0.01909272
-679.76897690	-0.01496418
-679.73597360	-0.01096669
-679.70297030	-0.00778699
-679.66996700	-0.00580881
-679.63696370	-0.00540770
-679.60396040	-0.00649221
-679.57095710	-0.00862650
-679.53795380	-0.01114911
-679.50495050	-0.01374627
-679.47194719	-0.01563799
-679.43894389	-0.01692524
-679.40594059	-0.01711931
-679.37293729	-0.01657103
-679.33993399	-0.01519205
-679.30693069	-0.01313844
-679.27392739	-0.01035509
-679.24092409	-0.00718604
-679.20792079	-0.00406165
-679.17491749	-0.00136783
-679.14191419	0.00043084
-679.10891089	0.00156855
-679.07590759	0.00181060
-679.04290429	0.00205205
-679.00990099	0.00250010
-678.97689769	0.00313624
-678.94389439	0.00378709
-678.91089109	0.00383633
-678.87788779	0.00317970
-678.84488449	0.00122019
-678.81188119	-0.00156676
-678.77887789	-0.00490536
-678.74587459	-0.00814363
-678.71287129	-0.01094123
-678.67986799	-0.01278191
-678.64686469	-0.01376294
-678.61386139	-0.01334097
-678.58085809	-0.01179736
-678.54785479	-0.00920131
-678.51485149	-0.00573943
-678.48184818	-0.00219325
-678.44884488	0.00092128
-678.41584158	0.00330259
-678.38283828	0.00470182
-678.34983498	0.00504886
-678.31683168	0.00493695
-678.28382838	0.00439161
-678.25082508	0.00356043
-678.21782178	0.00228996
-678.18481848	0.00082409
-678.15181518	-0.00087551
-678.11881188	-0.00261246
-678.08580858	-0.00380674
-678.05280528	-0.00449834
-678.01980198	-0.00408963
-677.98679868	-0.00291419
-677.95379538	-0.00131963
-677.92079208	0.00070813
-677.88778878	0.00256525
-677.85478548	0.00420055
-677.82178218	0.00548147
-677.78877888	0.00657664
-677.75577558	0.00717513
-677.72277228	0.00757991
-677.68976898	0.00723870
-677.65676568	0.00699938
-677.62376238	0.00599413
-677.59075908	0.00517631
-677.55775578	0.00437675
-677.52475248	0.00384823
-677.49174917	0.00341291
-677.45874587	0.00350523
-677.42574257	0.00372497
-677.39273927	0.00459695
-677.35973597	0.00595788
-677.32673267	0.00795616
-677.29372937	0.01053982
-677.26072607	0.01329184
-677.22772277	0.01556052
-677.19471947	0.01695311
-677.16171617	0.01717177
-677.12871287	0.01615304
-677.09570957	0.01399838
-677.06270627	0.01095518
-677.02970297	0.00773187
-676.99669967	0.00429549
-676.96369637	0.00093842
-676.93069307	-0.00200307
-676.89768977	-0.00437658
-676.86468647	-0.00574088
-676.83168317	-0.00591167
-676.79867987	-0.00458017
-676.76567657	-0.00205759
-676.73267327	0.00126581
-676.69966997	0.00505322
-676.66666667	0.00872682
-676.63366337	0.01194376
-676.60066007	0.01463277
-676.56765677	0.01644909
-676.53465347	0.01754454
-676.50165017	0.01742166
-676.46864686	0.01647531
-676.43564356	0.01440133
-676.40264026	0.01150993
-676.36963696	0.00795957
-676.33663366	0.00427986
-676.30363036	0.00087954
-676.27062706	-0.00185738
-676.23762376	-0.00325879
-676.20462046	-0.00345823
-676.17161716	-0.00235504
-676.13861386	-0.00019232
-676.10561056	0.00274699
-676.07260726	0.00601334
-676.03960396	0.00910468
-676.00660066	0.01172669
-675.97359736	0.01369093
-675.94059406	0.01484843
-675.90759076	0.01531328
-675.87458746	0.01519320
-675.84158416	0.01491987
-675.80858086	0.01402816
-675.77557756	0.01357535
-675.74257426	0.01299735
-675.70957096	0.01298126
-675.67656766	0.01354007
-675.64356436	0.01471289
-675.61056106	0.01603189
-675.57755776	0.01719478
-675.54455446	0.01785244
-675.51155116	0.01765589
-675.47854785	0.01670751
-675.44554455	0.01486947
-675.41254125	0.01227345
-675.37953795	0.00923334
-675.34653465	0.00569714
-675.31353135	0.00184773
-675.28052805	-0.00209461
-675.24752475	-0.00582999
-675.21452145	-0.00931793
-675.18151815	-0.01233875
-675.14851485	-0.01468008
-675.11551155	-0.01611099
-675.08250825	-0.01685874
-675.04950495	-0.01634536
-675.01650165	-0.01467412
-674.98349835	-0.01173482
-674.95049505	-0.00773309
-674.91749175	-0.00326166
-674.88448845	0.00115667
-674.85148515	0.00456233
-674.81848185	0.00676616
-674.78547855	0.00714960
-674.75247525	0.00593662
-674.71947195	0.00309291
-674.68646865	-0.00060363
-674.65346535	-0.00520248
-674.62046205	-0.00964729
-674.58745875	-0.01366993
-674.55445545	-0.01636209
-674.52145215	-0.01791267
-674.48844884	-0.01771524
-674.45544554	-0.01658466
-674.42244224	-0.01445118
-674.38943894	-0.01187121
-674.35643564	-0.00905255
-674.32343234	-0.00619692
-674.29042904	-0.00338224
-674.25742574	-0.00067099
-674.22442244	0.00183971
-674.19141914	0.00418663
-674.15841584	0.00597096
-674.12541254	0.00740460
-674.09240924	0.00793958
-674.05940594	0.00813650
-674.02640264	0.00790884
-673.99339934	0.00793150
-673.96039604	0.00800661
-673.92739274	0.00846204
-673.89438944	0.00921959
-673.86138614	0.00990347
-673.82838284	0.01074648
-673.79537954	0.01134329
-673.76237624	0.01181593
-673.72937294	0.01223238
-673.69636964	0.01220195
-673.66336634	0.01210411
-673.63036304	0.01145579
-673.59735974	0.01050657
-673.56435644	0.00908254
-673.53135314	0.00722862
-673.49834983	0.00520381
-673.46534653	0.00286792
-673.43234323	0.00037864
-673.39933993	-0.00195115
-673.36633663	-0.00427807
-673.33333333	-0.00571355
-673.30033003	-0.00627085
-673.26732673	-0.00527770
-673.23432343	-0.00295084
-673.20132013	0.00042697
-673.16831683	0.00443154
-673.13531353	0.00848193
-673.10231023	0.01210903
-673.06930693	0.01461096
-673.03630363	0.01628823
-673.00330033	0.01632845
-672.97029703	0.01530581
-672.93729373	0.01304508
-672.90429043	0.01001762
-672.87128713	0.00682706
-672.83828383	0.00396313
-672.80528053	0.00180983
-672.77227723	0.00053823
-672.73927393	0.00035122
-672.70627063	0.00081549
-672.67326733	0.00163552
-672.64026403	0.00241580
-672.60726073	0.00303722
-672.57425743	0.00324253
-672.54125413	0.00309608
-672.50825083	0.00277457
-672.47524752	0.00209428
-672.44224422	0.00155552
-672.40924092	0.00070372
-672.37623762	0.00041036
-672.34323432	0.00026773
-672.31023102	0.00068527
-672.27722772	0.00156377
-672.24422442	0.00268548
-672.21122112	0.00383265
-672.17821782	0.00471355
-672.14521452	0.00516961
-672.11221122	0.00516733
-672.07920792	0.00467377
-672.04620462	0.00388865
-672.01320132	0.00283747
-671.98019802	0.00171996
-671.94719472	0.00061190
-671.91419142	-0.00069185
-671.88118812	-0.00200956
-671.84818482	-0.00330453
-671.81518152	-0.00510644
-671.78217822	-0.00697996
-671.74917492	-0.00891826
-671.71617162	-0.01116895
-671.68316832	-0.01336109
-671.65016502	-0.01559645
-671.61716172	-0.01740879
-671.58415842	-0.01858231
-671.55115512	-0.01883976
-671.51815182	-0.01772978
-671.48514851	-0.01539417
-671.45214521	-0.01210076
-671.41914191	-0.00820677
-671.38613861	-0.00428449
-671.35313531	-0.00106947
-671.32013201	0.00100940
-671.28712871	0.00145259
-671.25412541	0.00030137
-671.22112211	-0.00194813
-671.18811881	-0.00517210
-671.15511551	-0.00863712
-671.12211221	-0.01170448
-671.08910891	-0.01396835
-671.05610561	-0.01479304
-671.02310231	-0.01471223
-670.99009901	-0.01307963
-670.95709571	-0.01048698
-670.92409241	-0.00714230
-670.89108911	-0.00344036
-670.85808581	0.00019895
-670.82508251	0.00320983
-670.79207921	0.00540629
-670.75907591	0.00639281
-670.72607261	0.00607718
-670.69306931	0.00485037
-670.66006601	0.00288109
-670.62706271	0.00073974
-670.59405941	-0.00109933
-670.56105611	-0.00207864
-670.52805281	-0.00228041
-670.49504950	-0.00180592
-670.46204620	-0.00050355
-670.42904290	0.00100507
-670.39603960	0.00225960
-670.36303630	0.00285603
-670.33003300	0.00294610
-670.29702970	0.00210789
-670.26402640	0.00085956
-670.23102310	-0.00059012
-670.19801980	-0.00198203
-670.16501650	-0.00343078
-670.13201320	-0.00468471
-670.09900990	-0.00620767
-670.06600660	-0.00784582
-670.03300330	-0.00945093
-670.00000000	-0.01113031
-669.96699670	-0.01286864
-669.93399340	-0.01432549
-669.90099010	-0.01572486
-669.86798680	-0.01694653
-669.83498350	-0.01781982
-669.80198020	-0.01852469
-669.76897690	-0.01855937
-669.73597360	-0.01824338
-669.70297030	-0.01690331
-669.66996700	-0.01527695
-669.63696370	-0.01323838
-669.60396040	-0.01107283
-669.57095710	-0.00901946
-669.53795380	-0.00725244
-669.50495050	-0.00562517
-669.47194719	-0.00438810
-669.43894389	-0.00342029
-669.40594059	-0.00277159
-669.37293729	-0.00226831
-669.33993399	-0.00178667
-669.30693069	-0.00106066
-669.27392739	-0.00022087
-669.24092409	0.00101128
-669.20792079	0.00277919
-669.17491749	0.00443639
-669.14191419	0.00627757
-669.10891089	0.00766551
-669.07590759	0.00841207
-669.04290429	0.00847993
-669.00990099	0.00791770
-668.97689769	0.00663454
-668.94389439	0.00496210
-668.91089109	0.00317451
-668.87788779	0.00109992
-668.84488449	-0.00078490
-668.81188119	-0.00283012
-668.77887789	-0.00471498
-668.74587459	-0.00640148
-668.71287129	-0.00750355
-668.67986799	-0.00800229
-668.64686469	-0.00785961
-668.61386139	-0.00700961
-668.58085809	-0.00562297
-668.54785479	-0.00412623
-668.51485149	-0.00239667
-668.48184818	-0.00109293
-668.44884488	-0.00009335
-668.41584158	0.00014454
-668.38283828	-0.00012480
-668.34983498	-0.00123867
-668.31683168	-0.00290557
-668.28382838	-0.00487334
-668.25082508	-0.00679974
-668.21782178	-0.00858761
-668.18481848	-0.01002310
-668.15181518	-0.01101230
-668.11881188	-0.01140871
-668.08580858	-0.01117737
-668.05280528	-0.01051189
-668.01980198	-0.00916868
-667.98679868	-0.00777045
-667.95379538	-0.00576227
-667.92079208	-0.00409383
-667.88778878	-0.00236739
-667.85478548	-0.00103181
-667.82178218	0.00013137
-667.78877888	0.00094299
-667.75577558	0.00168305
-667.72277228	0.00214123
-667.68976898	0.00232970
-667.65676568	0.00206270
-667.62376238	0.00161175
-667.59075908	0.00124390
-667.55775578	0.00103149
-667.52475248	0.00159095
-667.49174917	0.00260334
-667.45874587	0.00449199
-667.42574257	0.00728484
-667.39273927	0.01026643
-667.35973597	0.01391784
-667.32673267	0.01745307
-667.29372937	0.02101804
-667.26072607	0.02382286
-667.22772277	0.02571159
-667.19471947	0.02650712
-667.16171617	0.02625887
-667.12871287	0.02463635
-667.09570957	0.02213479
-667.06270627	0.01890512
-667.02970297	0.01521434
-666.99669967	0.01183182
-666.96369637	0.00869823
-666.93069307	0.00640572
-666.89768977	0.00498709
-666.86468647	0.00412629
-666.83168317	0.00388434
-666.79867987	0.00372068
-666.76567657	0.00357953
-666.73267327	0.00300875
-666.69966997	0.00201680
-666.66666667	0.00066768
-666.63366337	-0.00124180
-666.60066007	-0.00321824
-666.56765677	-0.00544545
-666.53465347	-0.00738045
-666.50165017	-0.00875936
-666.46864686	-0.00938586
-666.43564356	-0.00888534
-666.40264026	-0.00750611
-666.36963696	-0.00531241
-666.33663366	-0.00259306
-666.30363036	0.00030937
-666.27062706	0.00334180
-666.23762376	0.00609572
-666.20462046	0.00867161
-666.17161716	0.01076297
-666.13861386	0.01234944
-666.10561056	0.01328795
-666.07260726	0.01362469
-666.03960396	0.01329645
-666.00660066	0.01241057
-665.97359736	0.01089790
-665.94059406	0.00911595
-665.90759076	0.00690526
-665.87458746	0.00452136
-665.84158416	0.00229435
-665.80858086	0.00008769
-665.77557756	-0.00179499
-665.74257426	-0.00313720
-665.70957096	-0.00432272
-665.67656766	-0.00511896
-665.64356436	-0.00563981
-665.61056106	-0.00585064
-665.57755776	-0.00581981
-665.54455446	-0.00584562
-665.51155116	-0.00574605
-665.47854785	-0.00557725
-665.44554455	-0.00564040
-665.41254125	-0.00612690
-665.37953795	-0.00653269
-665.34653465	-0.00705836
-665.31353135	-0.00734922
-665.28052805	-0.00730456
-665.24752475	-0.00695740
-665.21452145	-0.00597073
-665.18151815	-0.00458345
-665.14851485	-0.00287118
-665.11551155	-0.00083414
-665.08250825	0.00115657
-665.04950495	0.00313199
-665.01650165	0.00461787
-664.98349835	0.00578657
-664.95049505	0.00700626
-664.91749175	0.00818210
-664.88448845	0.00930206
-664.85148515	0.01068323
-664.81848185	0.01192651
-664.78547855	0.01303683
-664.75247525	0.01363997
-664.71947195	0.01378502
-664.68646865	0.01329583
-664.65346535	0.01215373
-664.62046205	0.01050582
-664.58745875	0.00899021
-664.55445545	0.00739213
-664.52145215	0.00640591
-664.48844884	0.00605522
-664.45544554	0.00633898
-664.42244224	0.00726710
-664.38943894	0.00823998
-664.35643564	0.00918040
-664.32343234	0.00977071
-664.29042904	0.01015467
-664.25742574	0.01000902
-664.22442244	0.00937333
-664.19141914	0.00846923
-664.15841584	0.00744910
-664.12541254	0.00603190
-664.09240924	0.00425173
-664.05940594	0.00235184
-664.02640264	0.00071786
-663.99339934	-0.00099961
-663.96039604	-0.00246829
-663.92739274	-0.00350981
-663.89438944	-0.00429056
-663.86138614	-0.00491281
-663.82838284	-0.00559407
-663.79537954	-0.00622816
-663.76237624	-0.00684377
-663.72937294	-0.00747957
-663.69636964	-0.00767136
-663.66336634	-0.00767641
-663.63036304	-0.00725506
-663.59735974	-0.00626671
-663.56435644	-0.00480110
-663.53135314	-0.00315173
-663.49834983	-0.00155302
-663.46534653	-0.00019129
-663.43234323	0.00085073
-663.39933993	0.00136820
-663.36633663	0.00155472
-663.33333333	0.00140320
-663.30033003	0.00117768
-663.26732673	0.00107219
-663.23432343	0.00132090
-663.20132013	0.00204290
-663.16831683	0.00339098
-663.13531353	0.00539637
-663.10231023	0.00752630
-663.06930693	0.00953588
-663.03630363	0.01089700
-663.00330033	0.01150274
-662.97029703	0.01083713
-662.93729373	0.00895665
-662.90429043	0.00617907
-662.87128713	0.00267328
-662.83828383	-0.00125245
-662.80528053	-0.00506396
-662.77227723	-0.00853643
-662.73927393	-0.01110625
-662.70627063	-0.01274284
-662.67326733	-0.01333061
-662.64026403	-0.01298881
-662.60726073	-0.01207809
-662.57425743	-0.01084228
-662.54125413	-0.00974547
-662.50825083	-0.00907837
-662.47524752	-0.00895194
-662.44224422	-0.00935105
-662.40924092	-0.01009167
-662.37623762	-0.01100426
-662.34323432	-0.01193747
-662.31023102	-0.01245368
-662.27722772	-0.01237400
-662.24422442	-0.01141639
-662.21122112	-0.00987342
-662.17821782	-0.00764342
-662.14521452	-0.00504672
-662.11221122	-0.00246871
-662.07920792	0.00007367
-662.04620462	0.00224225
-662.01320132	0.00380111
-661.98019802	0.00484875
-661.94719472	0.00493354
-661.91419142	0.00453973
-661.88118812	0.00330081
-661.84818482	0.00164124
-661.81518152	-0.00006178
-661.78217822	-0.00146252
-661.74917492	-0.00238375
-661.71617162	-0.00252776
-661.68316832	-0.00201873
-661.65016502	-0.00099255
-661.61716172	0.00025886
-661.58415842	0.00148893
-661.55115512	0.00234337
-661.51815182	0.00286178
-661.48514851	0.00286628
-661.45214521	0.00234705
-661.41914191	0.00132550
-661.38613861	-0.00019645
-661.35313531	-0.00173971
-661.32013201	-0.00322711
-661.28712871	-0.00437832
-661.25412541	-0.00508422
-661.22112211	-0.00541326
-661.18811881	-0.00515953
-661.15511551	-0.00452045
-661.12211221	-0.00355726
-661.08910891	-0.00242443
-661.05610561	-0.00117250
-661.02310231	-0.00020806
-660.99009901	0.00048183
-660.95709571	0.00086336
-660.92409241	0.00080005
-660.89108911	0.00036614
-660.85808581	-0.00054226
-660.82508251	-0.00178536
-660.79207921	-0.00319014
-660.75907591	-0.00484956
-660.72607261	-0.00660349
-660.69306931	-0.00805497
-660.66006601	-0.00918781
-660.62706271	-0.00992411
-660.59405941	-0.01026550
-660.56105611	-0.01017866
-660.52805281	-0.00979622
-660.49504950	-0.00912741
-660.46204620	-0.00795075
-660.42904290	-0.00622691
-660.39603960	-0.00409246
-660.36303630	-0.00145056
-660.33003300	0.00119864
-660.29702970	0.00360828
-660.26402640	0.00530638
-660.23102310	0.00624122
-660.19801980	0.00618967
-660.16501650	0.00522389
-660.13201320	0.00338606
-660.09900990	0.00097036
-660.06600660	-0.00154849
-660.03300330	-0.00363992
-660.00000000	-0.00543976
