# Menlo Systems GmbH ScanControl
# Program Version 1.14.3
# Start: -740.00000000 ps, Average over 1000 waveforms. Timestamp: 2026-02-03T16:12:43
# User time axis shift: 0 ps
# Time axis offset: 0 ps
# Time [ps]	THz Signal [a.u.]
-740.00000000	-0.00019533
-739.96699670	-0.00018034
-739.93399340	-0.00020014
-739.90099010	-0.00015599
-739.86798680	-0.00018442
-739.83498350	-0.00010413
-739.80198020	-0.00021757
-739.76897690	-0.00015668
-739.73597360	-0.00012919
-739.70297030	-0.00013601
-739.66996700	-0.00016688
-739.63696370	-0.00009727
-739.60396040	-0.00016015
-739.57095710	-0.00009521
-739.53795380	-0.00008653
-739.50495050	-0.00006157
-739.47194719	-0.00005724
-739.43894389	-0.00001933
-739.40594059	0.00012441
-739.37293729	0.00003439
-739.33993399	0.00012425
-739.30693069	0.00006857
-739.27392739	0.00018815
-739.24092409	0.00017844
-739.20792079	0.00019259
-739.17491749	0.00025877
-739.14191419	0.00024327
-739.10891089	0.00031001
-739.07590759	0.00035334
-739.04290429	0.00032779
-739.00990099	0.00041203
-738.97689769	0.00044845
-738.94389439	0.00048683
-738.91089109	0.00049705
-738.87788779	0.00046406
-738.84488449	0.00043053
-738.81188119	0.00050617
-738.77887789	0.00064976
-738.74587459	0.00054680
-738.71287129	0.00053669
-738.67986799	0.00059267
-738.64686469	0.00061658
-738.61386139	0.00062650
-738.58085809	0.00062222
-738.54785479	0.00064248
-738.51485149	0.00073356
-738.48184818	0.00068482
-738.44884488	0.00079252
-738.41584158	0.00064831
-738.38283828	0.00068642
-738.34983498	0.00073944
-738.31683168	0.00074042
-738.28382838	0.00069982
-738.25082508	0.00062261
-738.21782178	0.00073665
-738.18481848	0.00060349
-738.15181518	0.00062031
-738.11881188	0.00059177
-738.08580858	0.00052180
-738.05280528	0.00047081
-738.01980198	0.00050537
-737.98679868	0.00057827
-737.95379538	0.00056380
-737.92079208	0.00045828
-737.88778878	0.00046929
-737.85478548	0.00038449
-737.82178218	0.00032765
-737.78877888	0.00033142
-737.75577558	0.00023780
-737.72277228	0.00020636
-737.68976898	0.00018762
-737.65676568	0.00019936
-737.62376238	0.00016724
-737.59075908	0.00017546
-737.55775578	0.00018984
-737.52475248	0.00011197
-737.49174917	0.00012416
-737.45874587	0.00010777
-737.42574257	0.00006924
-737.39273927	0.00001291
-737.35973597	0.00003349
-737.32673267	-0.00000529
-737.29372937	0.00004415
-737.26072607	-0.00007415
-737.22772277	-0.00003738
-737.19471947	-0.00008670
-737.16171617	-0.00007555
-737.12871287	-0.00010008
-737.09570957	0.00006914
-737.06270627	-0.00003361
-737.02970297	-0.00003225
-736.99669967	0.00001432
-736.96369637	-0.00001874
-736.93069307	0.00003847
-736.89768977	0.00004711
-736.86468647	-0.00001035
-736.83168317	0.00013475
-736.79867987	0.00014664
-736.76567657	0.00017934
-736.73267327	0.00018523
-736.69966997	0.00011503
-736.66666667	0.00024635
-736.63366337	0.00016788
-736.60066007	0.00023266
-736.56765677	0.00021269
-736.53465347	0.00033426
-736.50165017	0.00031971
-736.46864686	0.00029119
-736.43564356	0.00034620
-736.40264026	0.00027770
-736.36963696	0.00035392
-736.33663366	0.00043875
-736.30363036	0.00029734
-736.27062706	0.00037876
-736.23762376	0.00043387
-736.20462046	0.00032963
-736.17161716	0.00033787
-736.13861386	0.00038730
-736.10561056	0.00038317
-736.07260726	0.00031632
-736.03960396	0.00036544
-736.00660066	0.00036192
-735.97359736	0.00037984
-735.94059406	0.00037283
-735.90759076	0.00026837
-735.87458746	0.00032641
-735.84158416	0.00032829
-735.80858086	0.00031175
-735.77557756	0.00029145
-735.74257426	0.00026165
-735.70957096	0.00025144
-735.67656766	0.00024354
-735.64356436	0.00019094
-735.61056106	0.00026880
-735.57755776	0.00038798
-735.54455446	0.00022337
-735.51155116	0.00024604
-735.47854785	0.00023588
-735.44554455	0.00018868
-735.41254125	0.00010203
-735.37953795	0.00028863
-735.34653465	0.00016330
-735.31353135	0.00021883
-735.28052805	0.00007059
-735.24752475	0.00008502
-735.21452145	0.00023203
-735.18151815	0.00021728
-735.14851485	0.00009337
-735.11551155	0.00009538
-735.08250825	0.00004365
-735.04950495	0.00008134
-735.01650165	0.00009367
-734.98349835	0.00005635
-734.95049505	0.00011250
-734.91749175	0.00006475
-734.88448845	0.00002267
-734.85148515	0.00003893
-734.81848185	0.00006202
-734.78547855	0.00014849
-734.75247525	0.00010860
-734.71947195	0.00011790
-734.68646865	0.00011397
-734.65346535	0.00014545
-734.62046205	0.00010101
-734.58745875	0.00014717
-734.55445545	0.00022460
-734.52145215	0.00021852
-734.48844884	0.00018857
-734.45544554	0.00033901
-734.42244224	0.00043069
-734.38943894	0.00035430
-734.35643564	0.00039770
-734.32343234	0.00042485
-734.29042904	0.00045157
-734.25742574	0.00061326
-734.22442244	0.00053063
-734.19141914	0.00060759
-734.15841584	0.00061179
-734.12541254	0.00070412
-734.09240924	0.00078793
-734.05940594	0.00080332
-734.02640264	0.00080060
-733.99339934	0.00093650
-733.96039604	0.00087642
-733.92739274	0.00090528
-733.89438944	0.00095814
-733.86138614	0.00092078
-733.82838284	0.00102430
-733.79537954	0.00104481
-733.76237624	0.00083412
-733.72937294	0.00093520
-733.69636964	0.00092545
-733.66336634	0.00084695
-733.63036304	0.00074957
-733.59735974	0.00059822
-733.56435644	0.00056027
-733.53135314	0.00045234
-733.49834983	0.00030087
-733.46534653	0.00014909
-733.43234323	0.00007124
-733.39933993	-0.00019686
-733.36633663	-0.00037860
-733.33333333	-0.00053966
-733.30033003	-0.00072077
-733.26732673	-0.00088219
-733.23432343	-0.00095708
-733.20132013	-0.00111657
-733.16831683	-0.00122358
-733.13531353	-0.00132096
-733.10231023	-0.00136070
-733.06930693	-0.00141877
-733.03630363	-0.00157686
-733.00330033	-0.00151901
-732.97029703	-0.00163661
-732.93729373	-0.00163966
-732.90429043	-0.00171338
-732.87128713	-0.00171365
-732.83828383	-0.00164200
-732.80528053	-0.00154878
-732.77227723	-0.00143454
-732.73927393	-0.00112278
-732.70627063	-0.00093323
-732.67326733	-0.00052679
-732.64026403	-0.00014225
-732.60726073	0.00030478
-732.57425743	0.00069151
-732.54125413	0.00104988
-732.50825083	0.00142044
-732.47524752	0.00161497
-732.44224422	0.00189846
-732.40924092	0.00193649
-732.37623762	0.00209403
-732.34323432	0.00201060
-732.31023102	0.00189199
-732.27722772	0.00172932
-732.24422442	0.00157575
-732.21122112	0.00141141
-732.17821782	0.00122586
-732.14521452	0.00104827
-732.11221122	0.00093984
-732.07920792	0.00075009
-732.04620462	0.00066880
-732.01320132	0.00065987
-731.98019802	0.00047000
-731.94719472	0.00054310
-731.91419142	0.00047563
-731.88118812	0.00038040
-731.84818482	0.00047426
-731.81518152	0.00041089
-731.78217822	0.00028906
-731.74917492	0.00032187
-731.71617162	0.00039277
-731.68316832	0.00021352
-731.65016502	0.00026048
-731.61716172	0.00025662
-731.58415842	0.00021598
-731.55115512	0.00023689
-731.51815182	0.00012061
-731.48514851	0.00013107
-731.45214521	0.00009835
-731.41914191	0.00004589
-731.38613861	0.00009475
-731.35313531	0.00001714
-731.32013201	-0.00001011
-731.28712871	0.00003657
-731.25412541	0.00003647
-731.22112211	0.00005437
-731.18811881	0.00010896
-731.15511551	0.00012632
-731.12211221	0.00009494
-731.08910891	0.00015510
-731.05610561	0.00015914
-731.02310231	0.00018430
-730.99009901	0.00011944
-730.95709571	0.00018768
-730.92409241	0.00025529
-730.89108911	0.00014050
-730.85808581	0.00020737
-730.82508251	0.00013129
-730.79207921	0.00014749
-730.75907591	0.00018840
-730.72607261	0.00018924
-730.69306931	0.00019842
-730.66006601	0.00021719
-730.62706271	0.00022303
-730.59405941	0.00027995
-730.56105611	0.00015208
-730.52805281	0.00027687
-730.49504950	0.00036227
-730.46204620	0.00026966
-730.42904290	0.00030063
-730.39603960	0.00037012
-730.36303630	0.00030983
-730.33003300	0.00034950
-730.29702970	0.00033079
-730.26402640	0.00025521
-730.23102310	0.00020288
-730.19801980	0.00027913
-730.16501650	0.00026709
-730.13201320	0.00009194
-730.09900990	0.00022401
-730.06600660	0.00011169
-730.03300330	0.00007424
-730.00000000	0.00020630
-729.96699670	-0.00000256
-729.93399340	0.00011472
-729.90099010	0.00004093
-729.86798680	0.00005193
-729.83498350	-0.00006829
-729.80198020	-0.00001199
-729.76897690	0.00004092
-729.73597360	-0.00004561
-729.70297030	-0.00014517
-729.66996700	0.00000459
-729.63696370	-0.00011118
-729.60396040	-0.00000852
-729.57095710	-0.00002722
-729.53795380	-0.00011126
-729.50495050	-0.00004137
-729.47194719	0.00005480
-729.43894389	-0.00008078
-729.40594059	-0.00002527
-729.37293729	0.00006679
-729.33993399	0.00001628
-729.30693069	0.00007592
-729.27392739	0.00013168
-729.24092409	0.00030460
-729.20792079	0.00017834
-729.17491749	0.00044552
-729.14191419	0.00034729
-729.10891089	0.00051891
-729.07590759	0.00057837
-729.04290429	0.00059705
-729.00990099	0.00062708
-728.97689769	0.00065768
-728.94389439	0.00035555
-728.91089109	0.00027210
-728.87788779	-0.00008012
-728.84488449	-0.00057851
-728.81188119	-0.00107592
-728.77887789	-0.00168237
-728.74587459	-0.00251484
-728.71287129	-0.00327108
-728.67986799	-0.00392901
-728.64686469	-0.00440378
-728.61386139	-0.00471451
-728.58085809	-0.00484253
-728.54785479	-0.00458048
-728.51485149	-0.00386471
-728.48184818	-0.00319374
-728.44884488	-0.00212216
-728.41584158	-0.00104666
-728.38283828	0.00015769
-728.34983498	0.00110952
-728.31683168	0.00206655
-728.28382838	0.00277217
-728.25082508	0.00336475
-728.21782178	0.00390766
-728.18481848	0.00417613
-728.15181518	0.00441796
-728.11881188	0.00459033
-728.08580858	0.00446609
-728.05280528	0.00459858
-728.01980198	0.00439009
-727.98679868	0.00437778
-727.95379538	0.00423244
-727.92079208	0.00413852
-727.88778878	0.00406535
-727.85478548	0.00404205
-727.82178218	0.00382278
-727.78877888	0.00379263
-727.75577558	0.00357671
-727.72277228	0.00358358
-727.68976898	0.00339445
-727.65676568	0.00335158
-727.62376238	0.00319734
-727.59075908	0.00325180
-727.55775578	0.00309691
-727.52475248	0.00302557
-727.49174917	0.00288382
-727.45874587	0.00275238
-727.42574257	0.00260723
-727.39273927	0.00257443
-727.35973597	0.00236071
-727.32673267	0.00217251
-727.29372937	0.00206063
-727.26072607	0.00183526
-727.22772277	0.00181745
-727.19471947	0.00161292
-727.16171617	0.00151920
-727.12871287	0.00142662
-727.09570957	0.00133226
-727.06270627	0.00129566
-727.02970297	0.00122622
-726.99669967	0.00122824
-726.96369637	0.00120952
-726.93069307	0.00111704
-726.89768977	0.00108715
-726.86468647	0.00091563
-726.83168317	0.00084723
-726.79867987	0.00073660
-726.76567657	0.00063585
-726.73267327	0.00040899
-726.69966997	0.00029483
-726.66666667	0.00012779
-726.63366337	-0.00010558
-726.60066007	-0.00014563
-726.56765677	-0.00040097
-726.53465347	-0.00037252
-726.50165017	-0.00048686
-726.46864686	-0.00052666
-726.43564356	-0.00050102
-726.40264026	-0.00052088
-726.36963696	-0.00048685
-726.33663366	-0.00043353
-726.30363036	-0.00048792
-726.27062706	-0.00041837
-726.23762376	-0.00053001
-726.20462046	-0.00051891
-726.17161716	-0.00058105
-726.13861386	-0.00068893
-726.10561056	-0.00087174
-726.07260726	-0.00082173
-726.03960396	-0.00094040
-726.00660066	-0.00117629
-725.97359736	-0.00102254
-725.94059406	-0.00121035
-725.90759076	-0.00097933
-725.87458746	-0.00094545
-725.84158416	-0.00071104
-725.80858086	-0.00047874
-725.77557756	-0.00022707
-725.74257426	0.00001422
-725.70957096	0.00007765
-725.67656766	0.00029607
-725.64356436	0.00017893
-725.61056106	-0.00007561
-725.57755776	-0.00038813
-725.54455446	-0.00089754
-725.51155116	-0.00156138
-725.47854785	-0.00207988
-725.44554455	-0.00271792
-725.41254125	-0.00296319
-725.37953795	-0.00297727
-725.34653465	-0.00252418
-725.31353135	-0.00168740
-725.28052805	-0.00027000
-725.24752475	0.00129470
-725.21452145	0.00329552
-725.18151815	0.00526594
-725.14851485	0.00707063
-725.11551155	0.00837468
-725.08250825	0.00941717
-725.04950495	0.00966984
-725.01650165	0.00975627
-724.98349835	0.00914030
-724.95049505	0.00873039
-724.91749175	0.00790876
-724.88448845	0.00739103
-724.85148515	0.00696098
-724.81848185	0.00669771
-724.78547855	0.00666047
-724.75247525	0.00672001
-724.71947195	0.00679433
-724.68646865	0.00681107
-724.65346535	0.00694339
-724.62046205	0.00676759
-724.58745875	0.00643261
-724.55445545	0.00581157
-724.52145215	0.00498182
-724.48844884	0.00387805
-724.45544554	0.00258475
-724.42244224	0.00121081
-724.38943894	-0.00046753
-724.35643564	-0.00191058
-724.32343234	-0.00348755
-724.29042904	-0.00514342
-724.25742574	-0.00655702
-724.22442244	-0.00805152
-724.19141914	-0.00933928
-724.15841584	-0.01074052
-724.12541254	-0.01196832
-724.09240924	-0.01344699
-724.05940594	-0.01484722
-724.02640264	-0.01665955
-723.99339934	-0.01859261
-723.96039604	-0.02092558
-723.92739274	-0.02337943
-723.89438944	-0.02633764
-723.86138614	-0.02917943
-723.82838284	-0.03212160
-723.79537954	-0.03459132
-723.76237624	-0.03677624
-723.72937294	-0.03793864
-723.69636964	-0.03795726
-723.66336634	-0.03686764
-723.63036304	-0.03455105
-723.59735974	-0.03118856
-723.56435644	-0.02674746
-723.53135314	-0.02230166
-723.49834983	-0.01766309
-723.46534653	-0.01350237
-723.43234323	-0.01048491
-723.39933993	-0.00806713
-723.36633663	-0.00697264
-723.33333333	-0.00649792
-723.30033003	-0.00640645
-723.26732673	-0.00676044
-723.23432343	-0.00698866
-723.20132013	-0.00714220
-723.16831683	-0.00716675
-723.13531353	-0.00712048
-723.10231023	-0.00671560
-723.06930693	-0.00634789
-723.03630363	-0.00556455
-723.00330033	-0.00475954
-722.97029703	-0.00360801
-722.93729373	-0.00250517
-722.90429043	-0.00125869
-722.87128713	-0.00003206
-722.83828383	0.00134531
-722.80528053	0.00259679
-722.77227723	0.00401730
-722.73927393	0.00558582
-722.70627063	0.00736716
-722.67326733	0.00897395
-722.64026403	0.01097996
-722.60726073	0.01282511
-722.57425743	0.01491988
-722.54125413	0.01701065
-722.50825083	0.01911178
-722.47524752	0.02150266
-722.44224422	0.02417118
-722.40924092	0.02694390
-722.37623762	0.03017671
-722.34323432	0.03378462
-722.31023102	0.03801461
-722.27722772	0.04260978
-722.24422442	0.04782306
-722.21122112	0.05346351
-722.17821782	0.05960702
-722.14521452	0.06626719
-722.11221122	0.07322085
-722.07920792	0.08052570
-722.04620462	0.08809287
-722.01320132	0.09550713
-721.98019802	0.10279515
-721.94719472	0.10994968
-721.91419142	0.11675480
-721.88118812	0.12348883
-721.84818482	0.12991327
-721.81518152	0.13662541
-721.78217822	0.14350808
-721.74917492	0.15107072
-721.71617162	0.15961595
-721.68316832	0.16963793
-721.65016502	0.18148346
-721.61716172	0.19539596
-721.58415842	0.21223186
-721.55115512	0.23160966
-721.51815182	0.25425773
-721.48514851	0.27958443
-721.45214521	0.30720567
-721.41914191	0.33707204
-721.38613861	0.36735945
-721.35313531	0.39760534
-721.32013201	0.42569671
-721.28712871	0.45010695
-721.25412541	0.46877458
-721.22112211	0.47939923
-721.18811881	0.48020519
-721.15511551	0.46929282
-721.12211221	0.44505278
-721.08910891	0.40708799
-721.05610561	0.35582171
-721.02310231	0.29221445
-720.99009901	0.21880892
-720.95709571	0.13873283
-720.92409241	0.05566456
-720.89108911	-0.02637888
-720.85808581	-0.10449599
-720.82508251	-0.17646511
-720.79207921	-0.24201755
-720.75907591	-0.30330433
-720.72607261	-0.36441289
-720.69306931	-0.43144717
-720.66006601	-0.51196931
-720.62706271	-0.61394071
-720.59405941	-0.74400617
-720.56105611	-0.90703202
-720.52805281	-1.10437742
-720.49504950	-1.33175389
-720.46204620	-1.57877407
-720.42904290	-1.82823341
-720.39603960	-2.05681038
-720.36303630	-2.23749207
-720.33003300	-2.34263134
-720.29702970	-2.34818044
-720.26402640	-2.23842083
-720.23102310	-2.00804631
-720.19801980	-1.66706231
-720.16501650	-1.23908415
-720.13201320	-0.75955472
-720.09900990	-0.27008637
-720.06600660	0.18874895
-720.03300330	0.58472229
-720.00000000	0.89879073
-719.96699670	1.12632220
-719.93399340	1.27437972
-719.90099010	1.35600471
-719.86798680	1.38539637
-719.83498350	1.37377326
-719.80198020	1.32933820
-719.76897690	1.25900118
-719.73597360	1.16978348
-719.70297030	1.07137195
-719.66996700	0.97243728
-719.63696370	0.88057343
-719.60396040	0.79811241
-719.57095710	0.72339120
-719.53795380	0.65211668
-719.50495050	0.58117411
-719.47194719	0.51073137
-719.43894389	0.44382247
-719.40594059	0.38490580
-719.37293729	0.33679304
-719.33993399	0.29908262
-719.30693069	0.26877499
-719.27392739	0.24223635
-719.24092409	0.21646683
-719.20792079	0.19017257
-719.17491749	0.16224262
-719.14191419	0.13270366
-719.10891089	0.10090559
-719.07590759	0.06691881
-719.04290429	0.03239973
-719.00990099	-0.00065123
-718.97689769	-0.02977422
-718.94389439	-0.05318146
-718.91089109	-0.07012127
-718.87788779	-0.08016891
-718.84488449	-0.08287532
-718.81188119	-0.07775590
-718.77887789	-0.06426485
-718.74587459	-0.04343565
-718.71287129	-0.01740168
-718.67986799	0.01060963
-718.64686469	0.03683173
-718.61386139	0.05850390
-718.58085809	0.07303867
-718.54785479	0.07974266
-718.51485149	0.07794372
-718.48184818	0.06862314
-718.44884488	0.05433747
-718.41584158	0.03600517
-718.38283828	0.01593506
-718.34983498	-0.00489575
-718.31683168	-0.02525557
-718.28382838	-0.04313233
-718.25082508	-0.05656356
-718.21782178	-0.06379420
-718.18481848	-0.06392543
-718.15181518	-0.05739586
-718.11881188	-0.04591113
-718.08580858	-0.03112902
-718.05280528	-0.01544236
-718.01980198	-0.00080046
-717.98679868	0.01018685
-717.95379538	0.01635685
-717.92079208	0.01720328
-717.88778878	0.01386260
-717.85478548	0.00810387
-717.82178218	0.00200567
-717.78877888	-0.00373326
-717.75577558	-0.00882322
-717.72277228	-0.01375276
-717.68976898	-0.01897958
-717.65676568	-0.02443278
-717.62376238	-0.02968108
-717.59075908	-0.03424965
-717.55775578	-0.03725169
-717.52475248	-0.03832989
-717.49174917	-0.03768004
-717.45874587	-0.03553124
-717.42574257	-0.03280320
-717.39273927	-0.02973630
-717.35973597	-0.02621059
-717.32673267	-0.02245431
-717.29372937	-0.01943854
-717.26072607	-0.01854807
-717.22772277	-0.02079618
-717.19471947	-0.02621391
-717.16171617	-0.03310432
-717.12871287	-0.03870464
-717.09570957	-0.04072401
-717.06270627	-0.03785824
-717.02970297	-0.03050909
-716.99669967	-0.01904288
-716.96369637	-0.00486513
-716.93069307	0.01026031
-716.89768977	0.02556602
-716.86468647	0.03971107
-716.83168317	0.05179758
-716.79867987	0.06137283
-716.76567657	0.06762271
-716.73267327	0.07016359
-716.69966997	0.06868861
-716.66666667	0.06290236
-716.63366337	0.05238125
-716.60066007	0.03699565
-716.56765677	0.01676444
-716.53465347	-0.00695582
-716.50165017	-0.03176377
-716.46864686	-0.05500144
-716.43564356	-0.07337423
-716.40264026	-0.08502784
-716.36963696	-0.08901091
-716.33663366	-0.08589365
-716.30363036	-0.07697783
-716.27062706	-0.06406029
-716.23762376	-0.04863368
-716.20462046	-0.03231107
-716.17161716	-0.01710045
-716.13861386	-0.00485828
-716.10561056	0.00207750
-716.07260726	0.00293286
-716.03960396	-0.00227718
-716.00660066	-0.01166623
-715.97359736	-0.02295960
-715.94059406	-0.03449765
-715.90759076	-0.04451729
-715.87458746	-0.05269293
-715.84158416	-0.05815005
-715.80858086	-0.06064177
-715.77557756	-0.05983692
-715.74257426	-0.05571909
-715.70957096	-0.04896510
-715.67656766	-0.04073893
-715.64356436	-0.03236237
-715.61056106	-0.02486820
-715.57755776	-0.01870893
-715.54455446	-0.01372317
-715.51155116	-0.00934060
-715.47854785	-0.00532643
-715.44554455	-0.00160928
-715.41254125	0.00135304
-715.37953795	0.00356006
-715.34653465	0.00518876
-715.31353135	0.00590853
-715.28052805	0.00590278
-715.24752475	0.00438424
-715.21452145	0.00141069
-715.18151815	-0.00298457
-715.14851485	-0.00743676
-715.11551155	-0.00986465
-715.08250825	-0.00897202
-715.04950495	-0.00348269
-715.01650165	0.00537188
-714.98349835	0.01541219
-714.95049505	0.02354528
-714.91749175	0.02730906
-714.88448845	0.02518928
-714.85148515	0.01715133
-714.81848185	0.00518285
-714.78547855	-0.00821327
-714.75247525	-0.02064438
-714.71947195	-0.03020584
-714.68646865	-0.03632681
-714.65346535	-0.03894412
-714.62046205	-0.03848856
-714.58745875	-0.03598814
-714.55445545	-0.03205975
-714.52145215	-0.02761927
-714.48844884	-0.02331542
-714.45544554	-0.01956281
-714.42244224	-0.01672671
-714.38943894	-0.01474683
-714.35643564	-0.01362474
-714.32343234	-0.01292591
-714.29042904	-0.01253868
-714.25742574	-0.01227836
-714.22442244	-0.01263331
-714.19141914	-0.01449576
-714.15841584	-0.01816163
-714.12541254	-0.02282683
-714.09240924	-0.02684500
-714.05940594	-0.02810231
-714.02640264	-0.02470900
-713.99339934	-0.01644351
-713.96039604	-0.00479998
-713.92739274	0.00772021
-713.89438944	0.01812339
-713.86138614	0.02437819
-713.82838284	0.02642600
-713.79537954	0.02532974
-713.76237624	0.02250508
-713.72937294	0.01946904
-713.69636964	0.01646803
-713.66336634	0.01401622
-713.63036304	0.01142606
-713.59735974	0.00947310
-713.56435644	0.00828053
-713.53135314	0.00889519
-713.49834983	0.01179190
-713.46534653	0.01669267
-713.43234323	0.02317778
-713.39933993	0.02982386
-713.36633663	0.03545938
-713.33333333	0.03954353
-713.30033003	0.04259399
-713.26732673	0.04542286
-713.23432343	0.04926455
-713.20132013	0.05444080
-713.16831683	0.06042950
-713.13531353	0.06612696
-713.10231023	0.06992907
-713.06930693	0.07049824
-713.03630363	0.06727667
-713.00330033	0.06035187
-712.97029703	0.05052111
-712.93729373	0.03957650
-712.90429043	0.02910638
-712.87128713	0.02097337
-712.83828383	0.01634163
-712.80528053	0.01608046
-712.77227723	0.01963755
-712.73927393	0.02643272
-712.70627063	0.03524028
-712.67326733	0.04464844
-712.64026403	0.05375133
-712.60726073	0.06121466
-712.57425743	0.06657747
-712.54125413	0.07013370
-712.50825083	0.07282240
-712.47524752	0.07530942
-712.44224422	0.07942055
-712.40924092	0.08469466
-712.37623762	0.09010240
-712.34323432	0.09391879
-712.31023102	0.09412008
-712.27722772	0.08919439
-712.24422442	0.07897437
-712.21122112	0.06425528
-712.17821782	0.04710318
-712.14521452	0.02984491
-712.11221122	0.01416090
-712.07920792	0.00071311
-712.04620462	-0.01091293
-712.01320132	-0.02190260
-711.98019802	-0.03389002
-711.94719472	-0.04835034
-711.91419142	-0.06698943
-711.88118812	-0.09133076
-711.84818482	-0.12285863
-711.81518152	-0.16271017
-711.78217822	-0.21136592
-711.74917492	-0.26873585
-711.71617162	-0.33311936
-711.68316832	-0.40217559
-711.65016502	-0.47275574
-711.61716172	-0.54046542
-711.58415842	-0.59968189
-711.55115512	-0.64339800
-711.51815182	-0.66485256
-711.48514851	-0.65673479
-711.45214521	-0.61497636
-711.41914191	-0.53880019
-711.38613861	-0.43122909
-711.35313531	-0.30025384
-711.32013201	-0.15688955
-711.28712871	-0.01387964
-711.25412541	0.11669551
-711.22112211	0.22554519
-711.18811881	0.30750367
-711.15511551	0.36270515
-711.12211221	0.39448320
-711.08910891	0.40777821
-711.05610561	0.40743636
-711.02310231	0.39708285
-710.99009901	0.37865694
-710.95709571	0.35347667
-710.92409241	0.32346702
-710.89108911	0.29082454
-710.85808581	0.25806991
-710.82508251	0.22730999
-710.79207921	0.19971741
-710.75907591	0.17486625
-710.72607261	0.15230872
-710.69306931	0.13129132
-710.66006601	0.11233559
-710.62706271	0.09549501
-710.59405941	0.08134084
-710.56105611	0.06975841
-710.52805281	0.06012705
-710.49504950	0.05176332
-710.46204620	0.04419788
-710.42904290	0.03677260
-710.39603960	0.02945164
-710.36303630	0.02240411
-710.33003300	0.01551655
-710.29702970	0.00890941
-710.26402640	0.00297568
-710.23102310	-0.00177450
-710.19801980	-0.00571102
-710.16501650	-0.00877397
-710.13201320	-0.01180276
-710.09900990	-0.01590413
-710.06600660	-0.02102952
-710.03300330	-0.02645310
-710.00000000	-0.03085565
-709.96699670	-0.03271820
-709.93399340	-0.03070475
-709.90099010	-0.02461216
-709.86798680	-0.01520961
-709.83498350	-0.00370580
-709.80198020	0.00796113
-709.76897690	0.01828297
-709.73597360	0.02594810
-709.70297030	0.03004862
-709.66996700	0.03048268
-709.63696370	0.02753818
-709.60396040	0.02216915
-709.57095710	0.01543951
-709.53795380	0.00873563
-709.50495050	0.00274163
-709.47194719	-0.00180458
-709.43894389	-0.00479076
-709.40594059	-0.00657043
-709.37293729	-0.00700366
-709.33993399	-0.00646501
-709.30693069	-0.00510428
-709.27392739	-0.00294531
-709.24092409	-0.00068004
-709.20792079	0.00171577
-709.17491749	0.00367969
-709.14191419	0.00472332
-709.10891089	0.00465333
-709.07590759	0.00335269
-709.04290429	0.00161985
-709.00990099	-0.00018313
-708.97689769	-0.00121131
-708.94389439	-0.00117884
-708.91089109	-0.00059075
-708.87788779	-0.00044814
-708.84488449	-0.00145415
-708.81188119	-0.00458436
-708.77887789	-0.00958601
-708.74587459	-0.01520299
-708.71287129	-0.02049169
-708.67986799	-0.02428884
-708.64686469	-0.02597636
-708.61386139	-0.02575637
-708.58085809	-0.02325298
-708.54785479	-0.01868779
-708.51485149	-0.01223914
-708.48184818	-0.00446472
-708.44884488	0.00300927
-708.41584158	0.00924482
-708.38283828	0.01374882
-708.34983498	0.01615512
-708.31683168	0.01775484
-708.28382838	0.01929936
-708.25082508	0.02155286
-708.21782178	0.02423339
-708.18481848	0.02667734
-708.15181518	0.02823771
-708.11881188	0.02742591
-708.08580858	0.02432654
-708.05280528	0.01906306
-708.01980198	0.01229054
-707.98679868	0.00522730
-707.95379538	-0.00078923
-707.92079208	-0.00555995
-707.88778878	-0.00847894
-707.85478548	-0.00939753
-707.82178218	-0.00863044
-707.78877888	-0.00669415
-707.75577558	-0.00395113
-707.72277228	-0.00107986
-707.68976898	0.00092064
-707.65676568	0.00210468
-707.62376238	0.00250588
-707.59075908	0.00205748
-707.55775578	0.00189816
-707.52475248	0.00228573
-707.49174917	0.00369096
-707.45874587	0.00567822
-707.42574257	0.00763413
-707.39273927	0.00863314
-707.35973597	0.00701683
-707.32673267	0.00252369
-707.29372937	-0.00520489
-707.26072607	-0.01515292
-707.22772277	-0.02539084
-707.19471947	-0.03348457
-707.16171617	-0.03808953
-707.12871287	-0.03836985
-707.09570957	-0.03486452
-707.06270627	-0.02929658
-707.02970297	-0.02317731
-706.99669967	-0.01747400
-706.96369637	-0.01299882
-706.93069307	-0.00999041
-706.89768977	-0.00812158
-706.86468647	-0.00812769
-706.83168317	-0.00921880
-706.79867987	-0.01094910
-706.76567657	-0.01260607
-706.73267327	-0.01298483
-706.69966997	-0.01136677
-706.66666667	-0.00737139
-706.63366337	-0.00131124
-706.60066007	0.00570461
-706.56765677	0.01288041
-706.53465347	0.01937165
-706.50165017	0.02404698
-706.46864686	0.02695765
-706.43564356	0.02769126
-706.40264026	0.02618668
-706.36963696	0.02280069
-706.33663366	0.01799996
-706.30363036	0.01214682
-706.27062706	0.00605134
-706.23762376	0.00006461
-706.20462046	-0.00503590
-706.17161716	-0.00877937
-706.13861386	-0.01131334
-706.10561056	-0.01223274
-706.07260726	-0.01143324
-706.03960396	-0.00903251
-706.00660066	-0.00503496
-705.97359736	0.00021663
-705.94059406	0.00661709
-705.90759076	0.01389757
-705.87458746	0.02163518
-705.84158416	0.02893289
-705.80858086	0.03460582
-705.77557756	0.03713331
-705.74257426	0.03528769
-705.70957096	0.02858121
-705.67656766	0.01792109
-705.64356436	0.00493963
-705.61056106	-0.00773957
-705.57755776	-0.01853623
-705.54455446	-0.02660401
-705.51155116	-0.03174363
-705.47854785	-0.03421486
-705.44554455	-0.03463154
-705.41254125	-0.03319706
-705.37953795	-0.03023270
-705.34653465	-0.02632970
-705.31353135	-0.02195846
-705.28052805	-0.01788688
-705.24752475	-0.01442436
-705.21452145	-0.01192790
-705.18151815	-0.01069035
-705.14851485	-0.01108929
-705.11551155	-0.01312009
-705.08250825	-0.01659524
-705.04950495	-0.02086104
-705.01650165	-0.02441033
-704.98349835	-0.02589235
-704.95049505	-0.02424622
-704.91749175	-0.01872681
-704.88448845	-0.00971484
-704.85148515	0.00200455
-704.81848185	0.01518257
-704.78547855	0.02832680
-704.75247525	0.03986757
-704.71947195	0.04851111
-704.68646865	0.05338235
-704.65346535	0.05351572
-704.62046205	0.04889371
-704.58745875	0.04024086
-704.55445545	0.02892581
-704.52145215	0.01676153
-704.48844884	0.00540180
-704.45544554	-0.00385656
-704.42244224	-0.01049193
-704.38943894	-0.01496144
-704.35643564	-0.01758584
-704.32343234	-0.01809074
-704.29042904	-0.01643411
-704.25742574	-0.01195209
-704.22442244	-0.00390052
-704.19141914	0.00755399
-704.15841584	0.02164321
-704.12541254	0.03682003
-704.09240924	0.05119769
-704.05940594	0.06212238
-704.02640264	0.06775723
-703.99339934	0.06701661
-703.96039604	0.06018232
-703.92739274	0.04825637
-703.89438944	0.03334305
-703.86138614	0.01750885
-703.82838284	0.00268243
-703.79537954	-0.00954220
-703.76237624	-0.01806718
-703.72937294	-0.02247862
-703.69636964	-0.02231456
-703.66336634	-0.01828709
-703.63036304	-0.01154918
-703.59735974	-0.00362654
-703.56435644	0.00370171
-703.53135314	0.00899407
-703.49834983	0.01158208
-703.46534653	0.01202891
-703.43234323	0.01096788
-703.39933993	0.00897215
-703.36633663	0.00682767
-703.33333333	0.00488086
-703.30033003	0.00296830
-703.26732673	0.00127593
-703.23432343	-0.00034576
-703.20132013	-0.00216065
-703.16831683	-0.00447854
-703.13531353	-0.00760231
-703.10231023	-0.01237483
-703.06930693	-0.01889275
-703.03630363	-0.02791545
-703.00330033	-0.03996192
-702.97029703	-0.05458177
-702.93729373	-0.07206698
-702.90429043	-0.09222137
-702.87128713	-0.11376467
-702.83828383	-0.13585260
-702.80528053	-0.15735063
-702.77227723	-0.17618804
-702.73927393	-0.19057482
-702.70627063	-0.19876455
-702.67326733	-0.19889421
-702.64026403	-0.18991165
-702.60726073	-0.17129422
-702.57425743	-0.14354092
-702.54125413	-0.10784435
-702.50825083	-0.06658928
-702.47524752	-0.02253472
-702.44224422	0.02110604
-702.40924092	0.06099886
-702.37623762	0.09503016
-702.34323432	0.12168140
-702.31023102	0.14052186
-702.27722772	0.15201030
-702.24422442	0.15686378
-702.21122112	0.15564864
-702.17821782	0.14878999
-702.14521452	0.13672631
-702.11221122	0.12026085
-702.07920792	0.10071497
-702.04620462	0.07992148
-702.01320132	0.05955976
-701.98019802	0.04159802
-701.94719472	0.02671094
-701.91419142	0.01523874
-701.88118812	0.00771491
-701.84818482	0.00345787
-701.81518152	0.00261483
-701.78217822	0.00463290
-701.74917492	0.00850430
-701.71617162	0.01318947
-701.68316832	0.01728270
-701.65016502	0.01913204
-701.61716172	0.01860499
-701.58415842	0.01524511
-701.55115512	0.00952413
-701.51815182	0.00263818
-701.48514851	-0.00423701
-701.45214521	-0.00970195
-701.41914191	-0.01304172
-701.38613861	-0.01425425
-701.35313531	-0.01346399
-701.32013201	-0.01160383
-701.28712871	-0.00922305
-701.25412541	-0.00639246
-701.22112211	-0.00325866
-701.18811881	0.00061264
-701.15511551	0.00558456
-701.12211221	0.01130818
-701.08910891	0.01692025
-701.05610561	0.02091053
-701.02310231	0.02217703
-700.99009901	0.01981290
-700.95709571	0.01379309
-700.92409241	0.00534817
-700.89108911	-0.00370616
-700.85808581	-0.01244460
-700.82508251	-0.01926360
-700.79207921	-0.02384634
-700.75907591	-0.02617937
-700.72607261	-0.02578686
-700.69306931	-0.02209376
-700.66006601	-0.01485420
-700.62706271	-0.00418610
-700.59405941	0.00935710
-700.56105611	0.02441247
-700.52805281	0.03908893
-700.49504950	0.05139960
-700.46204620	0.05900025
-700.42904290	0.06085931
-700.39603960	0.05627476
-700.36303630	0.04608106
-700.33003300	0.03190541
-700.29702970	0.01530384
-700.26402640	-0.00120713
-700.23102310	-0.01584459
-700.19801980	-0.02745543
-700.16501650	-0.03464659
-700.13201320	-0.03751318
-700.09900990	-0.03627298
-700.06600660	-0.03176434
-700.03300330	-0.02516800
-700.00000000	-0.01798587
-699.96699670	-0.01119633
-699.93399340	-0.00546975
-699.90099010	-0.00147114
-699.86798680	0.00118247
-699.83498350	0.00217212
-699.80198020	0.00157665
-699.76897690	-0.00020472
-699.73597360	-0.00305556
-699.70297030	-0.00648500
-699.66996700	-0.00974464
-699.63696370	-0.01253403
-699.60396040	-0.01417030
-699.57095710	-0.01349894
-699.53795380	-0.01063076
-699.50495050	-0.00559102
-699.47194719	0.00094738
-699.43894389	0.00737307
-699.40594059	0.01274995
-699.37293729	0.01600179
-699.33993399	0.01661508
-699.30693069	0.01497715
-699.27392739	0.01126259
-699.24092409	0.00648740
-699.20792079	0.00182247
-699.17491749	-0.00213891
-699.14191419	-0.00487434
-699.10891089	-0.00612904
-699.07590759	-0.00671546
-699.04290429	-0.00677170
-699.00990099	-0.00678544
-698.97689769	-0.00685930
-698.94389439	-0.00684801
-698.91089109	-0.00607424
-698.87788779	-0.00439353
-698.84488449	-0.00161861
-698.81188119	0.00231164
-698.77887789	0.00686002
-698.74587459	0.01122390
-698.71287129	0.01467072
-698.67986799	0.01652973
-698.64686469	0.01598387
-698.61386139	0.01266409
-698.58085809	0.00627687
-698.54785479	-0.00250201
-698.51485149	-0.01258749
-698.48184818	-0.02245782
-698.44884488	-0.02994699
-698.41584158	-0.03395798
-698.38283828	-0.03430253
-698.34983498	-0.03115042
-698.31683168	-0.02564500
-698.28382838	-0.01936282
-698.25082508	-0.01284917
-698.21782178	-0.00704372
-698.18481848	-0.00219163
-698.15181518	0.00140573
-698.11881188	0.00372875
-698.08580858	0.00427518
-698.05280528	0.00327971
-698.01980198	0.00057531
-697.98679868	-0.00328374
-697.95379538	-0.00753553
-697.92079208	-0.01150766
-697.88778878	-0.01434231
-697.85478548	-0.01510703
-697.82178218	-0.01358633
-697.78877888	-0.00987755
-697.75577558	-0.00385375
-697.72277228	0.00337825
-697.68976898	0.01068593
-697.65676568	0.01708155
-697.62376238	0.02146987
-697.59075908	0.02327931
-697.55775578	0.02280298
-697.52475248	0.01997255
-697.49174917	0.01538921
-697.45874587	0.01009026
-697.42574257	0.00469604
-697.39273927	-0.00065437
-697.35973597	-0.00503753
-697.32673267	-0.00831460
-697.29372937	-0.01050911
-697.26072607	-0.01158977
-697.22772277	-0.01154941
-697.19471947	-0.01022362
-697.16171617	-0.00723789
-697.12871287	-0.00243932
-697.09570957	0.00398055
-697.06270627	0.01159377
-697.02970297	0.01936617
-696.99669967	0.02636548
-696.96369637	0.03139700
-696.93069307	0.03414395
-696.89768977	0.03382590
-696.86468647	0.03023017
-696.83168317	0.02376493
-696.79867987	0.01459958
-696.76567657	0.00422929
-696.73267327	-0.00668133
-696.69966997	-0.01697589
-696.66666667	-0.02557945
-696.63366337	-0.03172340
-696.60066007	-0.03490515
-696.56765677	-0.03476957
-696.53465347	-0.03146020
-696.50165017	-0.02484922
-696.46864686	-0.01584127
-696.43564356	-0.00556038
-696.40264026	0.00441258
-696.36963696	0.01244555
-696.33663366	0.01680821
-696.30363036	0.01703797
-696.27062706	0.01338270
-696.23762376	0.00684649
-696.20462046	-0.00095722
-696.17161716	-0.00820953
-696.13861386	-0.01362320
-696.10561056	-0.01678340
-696.07260726	-0.01752735
-696.03960396	-0.01628061
-696.00660066	-0.01379607
-695.97359736	-0.01039854
-695.94059406	-0.00688078
-695.90759076	-0.00344092
-695.87458746	-0.00017822
-695.84158416	0.00264341
-695.80858086	0.00525513
-695.77557756	0.00748815
-695.74257426	0.00898238
-695.70957096	0.00929938
-695.67656766	0.00820248
-695.64356436	0.00575618
-695.61056106	0.00178220
-695.57755776	-0.00276487
-695.54455446	-0.00697390
-695.51155116	-0.00967011
-695.47854785	-0.00987660
-695.44554455	-0.00661480
-695.41254125	0.00006736
-695.37953795	0.00986062
-695.34653465	0.02107335
-695.31353135	0.03174322
-695.28052805	0.04052605
-695.24752475	0.04572693
-695.21452145	0.04664894
-695.18151815	0.04345296
-695.14851485	0.03696592
-695.11551155	0.02785767
-695.08250825	0.01714949
-695.04950495	0.00611869
-695.01650165	-0.00473235
-694.98349835	-0.01430442
-694.95049505	-0.02131867
-694.91749175	-0.02500672
-694.88448845	-0.02442302
-694.85148515	-0.01930762
-694.81848185	-0.01049240
-694.78547855	0.00035677
-694.75247525	0.01099576
-694.71947195	0.01956560
-694.68646865	0.02410611
-694.65346535	0.02456848
-694.62046205	0.02109918
-694.58745875	0.01449449
-694.55445545	0.00650820
-694.52145215	-0.00193143
-694.48844884	-0.00944497
-694.45544554	-0.01535394
-694.42244224	-0.01956892
-694.38943894	-0.02186563
-694.35643564	-0.02295600
-694.32343234	-0.02339434
-694.29042904	-0.02320252
-694.25742574	-0.02319435
-694.22442244	-0.02345339
-694.19141914	-0.02395272
-694.15841584	-0.02503044
-694.12541254	-0.02639258
-694.09240924	-0.02799306
-694.05940594	-0.02976354
-694.02640264	-0.03191484
-693.99339934	-0.03414771
-693.96039604	-0.03660759
-693.92739274	-0.03877831
-693.89438944	-0.04043748
-693.86138614	-0.04088224
-693.82838284	-0.03990040
-693.79537954	-0.03673852
-693.76237624	-0.03109744
-693.72937294	-0.02300612
-693.69636964	-0.01257498
-693.66336634	-0.00043936
-693.63036304	0.01250878
-693.59735974	0.02535874
-693.56435644	0.03751069
-693.53135314	0.04809332
-693.49834983	0.05648251
-693.46534653	0.06223145
-693.43234323	0.06426839
-693.39933993	0.06256710
-693.36633663	0.05725885
-693.33333333	0.04872527
-693.30033003	0.03813781
-693.26732673	0.02653659
-693.23432343	0.01504337
-693.20132013	0.00492133
-693.16831683	-0.00266838
-693.13531353	-0.00727337
-693.10231023	-0.00853305
-693.06930693	-0.00685964
-693.03630363	-0.00284296
-693.00330033	0.00220704
-692.97029703	0.00765530
-692.93729373	0.01254442
-692.90429043	0.01640634
-692.87128713	0.01880090
-692.83828383	0.01907969
-692.80528053	0.01762603
-692.77227723	0.01436783
-692.73927393	0.00990537
-692.70627063	0.00497332
-692.67326733	0.00001866
-692.64026403	-0.00405822
-692.60726073	-0.00695797
-692.57425743	-0.00884168
-692.54125413	-0.01017603
-692.50825083	-0.01097076
-692.47524752	-0.01164570
-692.44224422	-0.01224268
-692.40924092	-0.01233453
-692.37623762	-0.01152325
-692.34323432	-0.00968129
-692.31023102	-0.00703409
-692.27722772	-0.00368883
-692.24422442	-0.00034269
-692.21122112	0.00309933
-692.17821782	0.00635628
-692.14521452	0.00913667
-692.11221122	0.01123042
-692.07920792	0.01300239
-692.04620462	0.01418149
-692.01320132	0.01463728
-691.98019802	0.01480170
-691.94719472	0.01437948
-691.91419142	0.01353620
-691.88118812	0.01251678
-691.84818482	0.01140160
-691.81518152	0.01025425
-691.78217822	0.00923181
-691.74917492	0.00838877
-691.71617162	0.00757204
-691.68316832	0.00690966
-691.65016502	0.00630856
-691.61716172	0.00538831
-691.58415842	0.00422152
-691.55115512	0.00233897
-691.51815182	-0.00013093
-691.48514851	-0.00306078
-691.45214521	-0.00637961
-691.41914191	-0.00927494
-691.38613861	-0.01119914
-691.35313531	-0.01167166
-691.32013201	-0.01015871
-691.28712871	-0.00669699
-691.25412541	-0.00163441
-691.22112211	0.00453305
-691.18811881	0.01072104
-691.15511551	0.01599753
-691.12211221	0.01957865
-691.08910891	0.02062764
-691.05610561	0.01911102
-691.02310231	0.01502484
-690.99009901	0.00857442
-690.95709571	0.00095612
-690.92409241	-0.00692717
-690.89108911	-0.01369321
-690.85808581	-0.01872284
-690.82508251	-0.02155596
-690.79207921	-0.02236557
-690.75907591	-0.02140726
-690.72607261	-0.01925610
-690.69306931	-0.01671368
-690.66006601	-0.01417307
-690.62706271	-0.01200063
-690.59405941	-0.01086495
-690.56105611	-0.01058140
-690.52805281	-0.01106547
-690.49504950	-0.01156082
-690.46204620	-0.01138444
-690.42904290	-0.00974958
-690.39603960	-0.00622278
-690.36303630	-0.00144982
-690.33003300	0.00402559
-690.29702970	0.00926806
-690.26402640	0.01282688
-690.23102310	0.01397433
-690.19801980	0.01291781
-690.16501650	0.00982151
-690.13201320	0.00531054
-690.09900990	0.00050768
-690.06600660	-0.00384372
-690.03300330	-0.00673268
-690.00000000	-0.00788838
-689.96699670	-0.00722691
-689.93399340	-0.00522898
-689.90099010	-0.00236515
-689.86798680	0.00051208
-689.83498350	0.00248326
-689.80198020	0.00351979
-689.76897690	0.00325923
-689.73597360	0.00154024
-689.70297030	-0.00133923
-689.66996700	-0.00521451
-689.63696370	-0.00966759
-689.60396040	-0.01396851
-689.57095710	-0.01715359
-689.53795380	-0.01877309
-689.50495050	-0.01830199
-689.47194719	-0.01544643
-689.43894389	-0.01113474
-689.40594059	-0.00606126
-689.37293729	-0.00140136
-689.33993399	0.00195322
-689.30693069	0.00308814
-689.27392739	0.00200867
-689.24092409	-0.00105998
-689.20792079	-0.00527296
-689.17491749	-0.00991875
-689.14191419	-0.01363151
-689.10891089	-0.01582598
-689.07590759	-0.01638871
-689.04290429	-0.01521237
-689.00990099	-0.01325342
-688.97689769	-0.01110087
-688.94389439	-0.00929062
-688.91089109	-0.00823080
-688.87788779	-0.00760874
-688.84488449	-0.00766707
-688.81188119	-0.00788365
-688.77887789	-0.00820398
-688.74587459	-0.00821775
-688.71287129	-0.00774835
-688.67986799	-0.00613569
-688.64686469	-0.00345970
-688.61386139	0.00070243
-688.58085809	0.00589764
-688.54785479	0.01188801
-688.51485149	0.01770821
-688.48184818	0.02285135
-688.44884488	0.02648169
-688.41584158	0.02794377
-688.38283828	0.02751690
-688.34983498	0.02529363
-688.31683168	0.02173598
-688.28382838	0.01757914
-688.25082508	0.01345587
-688.21782178	0.00984586
-688.18481848	0.00689233
-688.15181518	0.00490521
-688.11881188	0.00403205
-688.08580858	0.00352808
-688.05280528	0.00367674
-688.01980198	0.00374106
-687.98679868	0.00328809
-687.95379538	0.00268876
-687.92079208	0.00137817
-687.88778878	0.00008868
-687.85478548	-0.00089790
-687.82178218	-0.00096958
-687.78877888	-0.00004613
-687.75577558	0.00178737
-687.72277228	0.00427030
-687.68976898	0.00698069
-687.65676568	0.00977380
-687.62376238	0.01211633
-687.59075908	0.01399283
-687.55775578	0.01504479
-687.52475248	0.01459214
-687.49174917	0.01227423
-687.45874587	0.00803175
-687.42574257	0.00198728
-687.39273927	-0.00519292
-687.35973597	-0.01205499
-687.32673267	-0.01789152
-687.29372937	-0.02163709
-687.26072607	-0.02288912
-687.22772277	-0.02168720
-687.19471947	-0.01858580
-687.16171617	-0.01394446
-687.12871287	-0.00861540
-687.09570957	-0.00368374
-687.06270627	0.00097698
-687.02970297	0.00418052
-686.99669967	0.00578656
-686.96369637	0.00557039
-686.93069307	0.00362547
-686.89768977	0.00048667
-686.86468647	-0.00350853
-686.83168317	-0.00752562
-686.79867987	-0.01108314
-686.76567657	-0.01374995
-686.73267327	-0.01455650
-686.69966997	-0.01366600
-686.66666667	-0.01077643
-686.63366337	-0.00559190
-686.60066007	0.00057211
-686.56765677	0.00693338
-686.53465347	0.01242538
-686.50165017	0.01554474
-686.46864686	0.01623468
-686.43564356	0.01405787
-686.40264026	0.00995144
-686.36963696	0.00475329
-686.33663366	-0.00050306
-686.30363036	-0.00485753
-686.27062706	-0.00799706
-686.23762376	-0.00963678
-686.20462046	-0.00951230
-686.17161716	-0.00800706
-686.13861386	-0.00490451
-686.10561056	-0.00081014
-686.07260726	0.00388841
-686.03960396	0.00831773
-686.00660066	0.01217255
-685.97359736	0.01480856
-685.94059406	0.01576043
-685.90759076	0.01561810
-685.87458746	0.01401982
-685.84158416	0.01151866
-685.80858086	0.00855705
-685.77557756	0.00528939
-685.74257426	0.00195687
-685.70957096	-0.00089097
-685.67656766	-0.00319625
-685.64356436	-0.00437005
-685.61056106	-0.00494424
-685.57755776	-0.00488883
-685.54455446	-0.00452839
-685.51155116	-0.00477480
-685.47854785	-0.00551207
-685.44554455	-0.00702350
-685.41254125	-0.00897321
-685.37953795	-0.01133246
-685.34653465	-0.01363258
-685.31353135	-0.01579625
-685.28052805	-0.01761736
-685.24752475	-0.01936170
-685.21452145	-0.02097470
-685.18151815	-0.02247807
-685.14851485	-0.02394372
-685.11551155	-0.02503519
-685.08250825	-0.02493000
-685.04950495	-0.02364885
-685.01650165	-0.02047534
-684.98349835	-0.01504953
-684.95049505	-0.00769066
-684.91749175	0.00076645
-684.88448845	0.00933738
-684.85148515	0.01745166
-684.81848185	0.02391444
-684.78547855	0.02855376
-684.75247525	0.03115983
-684.71947195	0.03188845
-684.68646865	0.03085356
-684.65346535	0.02818979
-684.62046205	0.02425859
-684.58745875	0.01920477
-684.55445545	0.01329783
-684.52145215	0.00755145
-684.48844884	0.00230146
-684.45544554	-0.00187465
-684.42244224	-0.00459905
-684.38943894	-0.00526604
-684.35643564	-0.00394603
-684.32343234	-0.00111370
-684.29042904	0.00317350
-684.25742574	0.00778315
-684.22442244	0.01190483
-684.19141914	0.01488676
-684.15841584	0.01591682
-684.12541254	0.01535249
-684.09240924	0.01308971
-684.05940594	0.01012652
-684.02640264	0.00683567
-683.99339934	0.00338908
-683.96039604	0.00062098
-683.92739274	-0.00205048
-683.89438944	-0.00416971
-683.86138614	-0.00643155
-683.82838284	-0.00848906
-683.79537954	-0.01044141
-683.76237624	-0.01223357
-683.72937294	-0.01367101
-683.69636964	-0.01452888
-683.66336634	-0.01461314
-683.63036304	-0.01434293
-683.59735974	-0.01317031
-683.56435644	-0.01165540
-683.53135314	-0.01001740
-683.49834983	-0.00803722
-683.46534653	-0.00663298
-683.43234323	-0.00587200
-683.39933993	-0.00558591
-683.36633663	-0.00617964
-683.33333333	-0.00688346
-683.30033003	-0.00750762
-683.26732673	-0.00775795
-683.23432343	-0.00745063
-683.20132013	-0.00678197
-683.16831683	-0.00569261
-683.13531353	-0.00448113
-683.10231023	-0.00302974
-683.06930693	-0.00100941
-683.03630363	0.00140972
-683.00330033	0.00419135
-682.97029703	0.00702137
-682.93729373	0.00928656
-682.90429043	0.01047768
-682.87128713	0.01080979
-682.83828383	0.01010705
-682.80528053	0.00879754
-682.77227723	0.00701634
-682.73927393	0.00499584
-682.70627063	0.00253800
-682.67326733	0.00025584
-682.64026403	-0.00167872
-682.60726073	-0.00253841
-682.57425743	-0.00179601
-682.54125413	0.00058403
-682.50825083	0.00441696
-682.47524752	0.00910807
-682.44224422	0.01373124
-682.40924092	0.01771892
-682.37623762	0.02073385
-682.34323432	0.02252695
-682.31023102	0.02346100
-682.27722772	0.02324150
-682.24422442	0.02255066
-682.21122112	0.02067408
-682.17821782	0.01868160
-682.14521452	0.01675492
-682.11221122	0.01521218
-682.07920792	0.01463851
-682.04620462	0.01509190
-682.01320132	0.01650378
-681.98019802	0.01867399
-681.94719472	0.02068888
-681.91419142	0.02256385
-681.88118812	0.02379807
-681.84818482	0.02395158
-681.81518152	0.02284008
-681.78217822	0.02034587
-681.74917492	0.01654793
-681.71617162	0.01216701
-681.68316832	0.00744626
-681.65016502	0.00345344
-681.61716172	0.00067501
-681.58415842	-0.00046444
-681.55115512	-0.00002809
-681.51815182	0.00165986
-681.48514851	0.00399693
-681.45214521	0.00654953
-681.41914191	0.00847876
-681.38613861	0.00984687
-681.35313531	0.01043407
-681.32013201	0.01012441
-681.28712871	0.00925418
-681.25412541	0.00780512
-681.22112211	0.00597916
-681.18811881	0.00385337
-681.15511551	0.00156941
-681.12211221	-0.00073395
-681.08910891	-0.00304656
-681.05610561	-0.00531807
-681.02310231	-0.00747372
-680.99009901	-0.00986187
-680.95709571	-0.01182724
-680.92409241	-0.01363978
-680.89108911	-0.01473078
-680.85808581	-0.01505460
-680.82508251	-0.01409572
-680.79207921	-0.01184690
-680.75907591	-0.00877882
-680.72607261	-0.00468902
-680.69306931	-0.00106218
-680.66006601	0.00222923
-680.62706271	0.00398082
-680.59405941	0.00381752
-680.56105611	0.00143248
-680.52805281	-0.00334662
-680.49504950	-0.00979007
-680.46204620	-0.01730873
-680.42904290	-0.02478369
-680.39603960	-0.03084568
-680.36303630	-0.03462353
-680.33003300	-0.03559217
-680.29702970	-0.03359013
-680.26402640	-0.02902383
-680.23102310	-0.02272897
-680.19801980	-0.01602416
-680.16501650	-0.01012464
-680.13201320	-0.00631460
-680.09900990	-0.00502541
-680.06600660	-0.00664090
-680.03300330	-0.01055808
-680.00000000	-0.01588494
-679.96699670	-0.02128666
-679.93399340	-0.02601432
-679.90099010	-0.02843050
-679.86798680	-0.02870388
-679.83498350	-0.02643350
-679.80198020	-0.02227181
-679.76897690	-0.01683274
-679.73597360	-0.01120269
-679.70297030	-0.00622884
-679.66996700	-0.00267308
-679.63696370	-0.00131073
-679.60396040	-0.00214951
-679.57095710	-0.00502167
-679.53795380	-0.00929800
-679.50495050	-0.01371631
-679.47194719	-0.01757206
-679.43894389	-0.02003855
-679.40594059	-0.02086551
-679.37293729	-0.02007246
-679.33993399	-0.01777784
-679.30693069	-0.01443424
-679.27392739	-0.01012684
-679.24092409	-0.00543796
-679.20792079	-0.00085756
-679.17491749	0.00293632
-679.14191419	0.00561452
-679.10891089	0.00701383
-679.07590759	0.00743185
-679.04290429	0.00734525
-679.00990099	0.00687903
-678.97689769	0.00674368
-678.94389439	0.00632706
-678.91089109	0.00572227
-678.87788779	0.00412851
-678.84488449	0.00173702
-678.81188119	-0.00167064
-678.77887789	-0.00569987
-678.74587459	-0.00969296
-678.71287129	-0.01341834
-678.67986799	-0.01630324
-678.64686469	-0.01801935
-678.61386139	-0.01825287
-678.58085809	-0.01692433
-678.54785479	-0.01430638
-678.51485149	-0.01058362
-678.48184818	-0.00634842
-678.44884488	-0.00246464
-678.41584158	0.00097691
-678.38283828	0.00312484
-678.34983498	0.00448408
-678.31683168	0.00487334
-678.28382838	0.00455279
-678.25082508	0.00383677
-678.21782178	0.00252176
-678.18481848	0.00073867
-678.15181518	-0.00111291
-678.11881188	-0.00294732
-678.08580858	-0.00399731
-678.05280528	-0.00445195
-678.01980198	-0.00372547
-677.98679868	-0.00241130
-677.95379538	-0.00053154
-677.92079208	0.00125930
-677.88778878	0.00280171
-677.85478548	0.00388582
-677.82178218	0.00484225
-677.78877888	0.00556745
-677.75577558	0.00650083
-677.72277228	0.00737873
-677.68976898	0.00806522
-677.65676568	0.00842130
-677.62376238	0.00818026
-677.59075908	0.00753862
-677.55775578	0.00653104
-677.52475248	0.00546863
-677.49174917	0.00454614
-677.45874587	0.00397049
-677.42574257	0.00401982
-677.39273927	0.00468173
-677.35973597	0.00634957
-677.32673267	0.00895260
-677.29372937	0.01207015
-677.26072607	0.01563482
-677.22772277	0.01839257
-677.19471947	0.02030041
-677.16171617	0.02042811
-677.12871287	0.01919577
-677.09570957	0.01633869
-677.06270627	0.01264251
-677.02970297	0.00842755
-676.99669967	0.00390109
-676.96369637	-0.00042822
-676.93069307	-0.00431837
-676.89768977	-0.00763990
-676.86468647	-0.00967911
-676.83168317	-0.01054333
-676.79867987	-0.00974343
-676.76567657	-0.00748815
-676.73267327	-0.00387724
-676.69966997	0.00052291
-676.66666667	0.00527475
-676.63366337	0.00996447
-676.60066007	0.01420104
-676.56765677	0.01745103
-676.53465347	0.01976127
-676.50165017	0.02062813
-676.46864686	0.02010456
-676.43564356	0.01837433
-676.40264026	0.01547872
-676.36963696	0.01163245
-676.33663366	0.00714241
-676.30363036	0.00279653
-676.27062706	-0.00147559
-676.23762376	-0.00444552
-676.20462046	-0.00635946
-676.17161716	-0.00620593
-676.13861386	-0.00482951
-676.10561056	-0.00191783
-676.07260726	0.00136994
-676.03960396	0.00510110
-676.00660066	0.00815237
-675.97359736	0.01077990
-675.94059406	0.01244661
-675.90759076	0.01374230
-675.87458746	0.01435902
-675.84158416	0.01494308
-675.80858086	0.01526065
-675.77557756	0.01549730
-675.74257426	0.01605732
-675.70957096	0.01669890
-675.67656766	0.01792526
-675.64356436	0.01925347
-675.61056106	0.02079148
-675.57755776	0.02195651
-675.54455446	0.02257325
-675.51155116	0.02258741
-675.47854785	0.02163054
-675.44554455	0.01988850
-675.41254125	0.01716766
-675.37953795	0.01335345
-675.34653465	0.00889056
-675.31353135	0.00390834
-675.28052805	-0.00150657
-675.24752475	-0.00683914
-675.21452145	-0.01181998
-675.18151815	-0.01583174
-675.14851485	-0.01914349
-675.11551155	-0.02116159
-675.08250825	-0.02179921
-675.04950495	-0.02103428
-675.01650165	-0.01861808
-674.98349835	-0.01475399
-674.95049505	-0.00987229
-674.91749175	-0.00438738
-674.88448845	0.00099816
-674.85148515	0.00537102
-674.81848185	0.00838407
-674.78547855	0.00967897
-674.75247525	0.00904202
-674.71947195	0.00686801
-674.68646865	0.00289804
-674.65346535	-0.00196481
-674.62046205	-0.00757324
-674.58745875	-0.01314989
-674.55445545	-0.01794534
-674.52145215	-0.02132437
-674.48844884	-0.02283157
-674.45544554	-0.02245759
-674.42244224	-0.02058144
-674.38943894	-0.01747426
-674.35643564	-0.01371712
-674.32343234	-0.01014008
-674.29042904	-0.00633016
-674.25742574	-0.00313399
-674.22442244	0.00013891
-674.19141914	0.00293765
-674.15841584	0.00555323
-674.12541254	0.00768779
-674.09240924	0.00913025
-674.05940594	0.01007610
-674.02640264	0.01053991
-673.99339934	0.01120136
-673.96039604	0.01185962
-673.92739274	0.01297119
-673.89438944	0.01401638
-673.86138614	0.01494410
-673.82838284	0.01550189
-673.79537954	0.01574496
-673.76237624	0.01557036
-673.72937294	0.01526073
-673.69636964	0.01477562
-673.66336634	0.01408855
-673.63036304	0.01319757
-673.59735974	0.01184496
-673.56435644	0.01036077
-673.53135314	0.00818214
-673.49834983	0.00551086
-673.46534653	0.00261315
-673.43234323	-0.00078217
-673.39933993	-0.00421565
-673.36633663	-0.00718743
-673.33333333	-0.00945496
-673.30033003	-0.01046847
-673.26732673	-0.00986796
-673.23432343	-0.00778819
-673.20132013	-0.00427253
-673.16831683	0.00024483
-673.13531353	0.00509208
-673.10231023	0.00992022
-673.06930693	0.01405768
-673.03630363	0.01699951
-673.00330033	0.01828819
-672.97029703	0.01764882
-672.93729373	0.01524998
-672.90429043	0.01161374
-672.87128713	0.00759423
-672.83828383	0.00386450
-672.80528053	0.00124176
-672.77227723	-0.00033811
-672.73927393	-0.00051356
-672.70627063	0.00008523
-672.67326733	0.00107037
-672.64026403	0.00212246
-672.60726073	0.00300830
-672.57425743	0.00320035
-672.54125413	0.00306164
-672.50825083	0.00227262
-672.47524752	0.00143609
-672.44224422	0.00018585
-672.40924092	-0.00067957
-672.37623762	-0.00116851
-672.34323432	-0.00098258
-672.31023102	-0.00002197
-672.27722772	0.00153496
-672.24422442	0.00350278
-672.21122112	0.00539063
-672.17821782	0.00712479
-672.14521452	0.00836760
-672.11221122	0.00903362
-672.07920792	0.00909097
-672.04620462	0.00860470
-672.01320132	0.00763032
-671.98019802	0.00619510
-671.94719472	0.00446659
-671.91419142	0.00250768
-671.88118812	0.00006981
-671.84818482	-0.00215034
-671.81518152	-0.00487219
-671.78217822	-0.00732162
-671.74917492	-0.00980140
-671.71617162	-0.01220071
-671.68316832	-0.01484963
-671.65016502	-0.01708681
-671.61716172	-0.01924127
-671.58415842	-0.02079609
-671.55115512	-0.02147534
-671.51815182	-0.02062188
-671.48514851	-0.01862426
-671.45214521	-0.01484840
-671.41914191	-0.01024267
-671.38613861	-0.00500092
-671.35313531	-0.00035821
-671.32013201	0.00296395
-671.28712871	0.00428630
-671.25412541	0.00367895
-671.22112211	0.00075445
-671.18811881	-0.00342788
-671.15511551	-0.00827668
-671.12211221	-0.01288128
-671.08910891	-0.01644247
-671.05610561	-0.01858455
-671.02310231	-0.01897969
-670.99009901	-0.01759761
-670.95709571	-0.01470657
-670.92409241	-0.01059631
-670.89108911	-0.00574689
-670.85808581	-0.00083281
-670.82508251	0.00376150
-670.79207921	0.00694416
-670.75907591	0.00851182
-670.72607261	0.00841872
-670.69306931	0.00660331
-670.66006601	0.00371578
-670.62706271	0.00057780
-670.59405941	-0.00236228
-670.56105611	-0.00435459
-670.52805281	-0.00509385
-670.49504950	-0.00440060
-670.46204620	-0.00250695
-670.42904290	0.00020610
-670.39603960	0.00290202
-670.36303630	0.00507180
-670.33003300	0.00619687
-670.29702970	0.00599614
-670.26402640	0.00502923
-670.23102310	0.00321256
-670.19801980	0.00135612
-670.16501650	-0.00043372
-670.13201320	-0.00208794
-670.09900990	-0.00361179
-670.06600660	-0.00526910
-670.03300330	-0.00700780
-670.00000000	-0.00891824
-669.96699670	-0.01091711
-669.93399340	-0.01275665
-669.90099010	-0.01457616
-669.86798680	-0.01639619
-669.83498350	-0.01794730
-669.80198020	-0.01895098
-669.76897690	-0.01922998
-669.73597360	-0.01878469
-669.70297030	-0.01768568
-669.66996700	-0.01604193
-669.63696370	-0.01414581
-669.60396040	-0.01261999
-669.57095710	-0.01099822
-669.53795380	-0.00968053
-669.50495050	-0.00879391
-669.47194719	-0.00762517
-669.43894389	-0.00689631
-669.40594059	-0.00614965
-669.37293729	-0.00534158
-669.33993399	-0.00455923
-669.30693069	-0.00370748
-669.27392739	-0.00250904
-669.24092409	-0.00090740
-669.20792079	0.00090685
-669.17491749	0.00283183
-669.14191419	0.00479094
-669.10891089	0.00663676
-669.07590759	0.00791752
-669.04290429	0.00867674
-669.00990099	0.00865246
-668.97689769	0.00798754
-668.94389439	0.00679232
-668.91089109	0.00488405
-668.87788779	0.00266822
-668.84488449	0.00017131
-668.81188119	-0.00244794
-668.77887789	-0.00488845
-668.74587459	-0.00680103
-668.71287129	-0.00826299
-668.67986799	-0.00864363
-668.64686469	-0.00811302
-668.61386139	-0.00654414
-668.58085809	-0.00446598
-668.54785479	-0.00192873
-668.51485149	0.00043602
-668.48184818	0.00263576
-668.44884488	0.00417530
-668.41584158	0.00478670
-668.38283828	0.00455587
-668.34983498	0.00336024
-668.31683168	0.00147866
-668.28382838	-0.00130802
-668.25082508	-0.00405239
-668.21782178	-0.00704987
-668.18481848	-0.00978404
-668.15181518	-0.01193267
-668.11881188	-0.01356041
-668.08580858	-0.01439291
-668.05280528	-0.01440281
-668.01980198	-0.01349424
-667.98679868	-0.01184039
-667.95379538	-0.00969658
-667.92079208	-0.00705343
-667.88778878	-0.00454966
-667.85478548	-0.00214122
-667.82178218	-0.00003310
-667.78877888	0.00146813
-667.75577558	0.00240168
-667.72277228	0.00254572
-667.68976898	0.00246870
-667.65676568	0.00146916
-667.62376238	0.00042430
-667.59075908	-0.00071450
-667.55775578	-0.00115005
-667.52475248	-0.00121440
-667.49174917	-0.00033202
-667.45874587	0.00147747
-667.42574257	0.00410257
-667.39273927	0.00740138
-667.35973597	0.01126390
-667.32673267	0.01573656
-667.29372937	0.01990352
-667.26072607	0.02354187
-667.22772277	0.02637290
-667.19471947	0.02797775
-667.16171617	0.02805370
-667.12871287	0.02696031
-667.09570957	0.02466673
-667.06270627	0.02149413
-667.02970297	0.01736996
-666.99669967	0.01333061
-666.96369637	0.00931773
-666.93069307	0.00586658
-666.89768977	0.00359830
-666.86468647	0.00257788
-666.83168317	0.00252566
-666.79867987	0.00337294
-666.76567657	0.00463544
-666.73267327	0.00559617
-666.69966997	0.00578040
-666.66666667	0.00522646
-666.63366337	0.00379265
-666.60066007	0.00158853
-666.56765677	-0.00094995
-666.53465347	-0.00359647
-666.50165017	-0.00587015
-666.46864686	-0.00751182
-666.43564356	-0.00804731
-666.40264026	-0.00770918
-666.36963696	-0.00648439
-666.33663366	-0.00443809
-666.30363036	-0.00188889
-666.27062706	0.00065837
-666.23762376	0.00306383
-666.20462046	0.00527997
-666.17161716	0.00734602
-666.13861386	0.00883351
-666.10561056	0.01009668
-666.07260726	0.01089250
-666.03960396	0.01132516
-666.00660066	0.01130210
-665.97359736	0.01088821
-665.94059406	0.00984043
-665.90759076	0.00817618
-665.87458746	0.00636057
-665.84158416	0.00403197
-665.80858086	0.00181254
-665.77557756	-0.00029572
-665.74257426	-0.00196173
-665.70957096	-0.00328386
-665.67656766	-0.00431911
-665.64356436	-0.00509372
-665.61056106	-0.00563998
-665.57755776	-0.00612847
-665.54455446	-0.00641002
-665.51155116	-0.00641282
-665.47854785	-0.00660863
-665.44554455	-0.00694615
-665.41254125	-0.00733532
-665.37953795	-0.00782398
-665.34653465	-0.00836391
-665.31353135	-0.00866055
-665.28052805	-0.00870183
-665.24752475	-0.00833299
-665.21452145	-0.00739265
-665.18151815	-0.00598527
-665.14851485	-0.00410169
-665.11551155	-0.00193272
-665.08250825	0.00032904
-665.04950495	0.00239157
-665.01650165	0.00421503
-664.98349835	0.00582402
-664.95049505	0.00713717
-664.91749175	0.00869911
-664.88448845	0.01050402
-664.85148515	0.01253362
-664.81848185	0.01459527
-664.78547855	0.01643701
-664.75247525	0.01752571
-664.71947195	0.01794865
-664.68646865	0.01741743
-664.65346535	0.01592699
-664.62046205	0.01390039
-664.58745875	0.01139834
-664.55445545	0.00879726
-664.52145215	0.00675997
-664.48844884	0.00540239
-664.45544554	0.00482008
-664.42244224	0.00510505
-664.38943894	0.00581511
-664.35643564	0.00703214
-664.32343234	0.00785450
-664.29042904	0.00853922
-664.25742574	0.00871631
-664.22442244	0.00863436
-664.19141914	0.00827332
-664.15841584	0.00730166
-664.12541254	0.00595038
-664.09240924	0.00418127
-664.05940594	0.00225956
-664.02640264	0.00031227
-663.99339934	-0.00159120
-663.96039604	-0.00341706
-663.92739274	-0.00487128
-663.89438944	-0.00612678
-663.86138614	-0.00719293
-663.82838284	-0.00796596
-663.79537954	-0.00845282
-663.76237624	-0.00874522
-663.72937294	-0.00880421
-663.69636964	-0.00857545
-663.66336634	-0.00807595
-663.63036304	-0.00697123
-663.59735974	-0.00530985
-663.56435644	-0.00342590
-663.53135314	-0.00137505
-663.49834983	0.00055347
-663.46534653	0.00230419
-663.43234323	0.00327184
-663.39933993	0.00331302
-663.36633663	0.00274683
-663.33333333	0.00169450
-663.30033003	0.00038723
-663.26732673	-0.00064121
-663.23432343	-0.00111402
-663.20132013	-0.00074925
-663.16831683	0.00073181
-663.13531353	0.00306706
-663.10231023	0.00607295
-663.06930693	0.00924509
-663.03630363	0.01222418
-663.00330033	0.01443107
-662.97029703	0.01532554
-662.93729373	0.01474953
-662.90429043	0.01265035
-662.87128713	0.00916814
-662.83828383	0.00461350
-662.80528053	-0.00044279
-662.77227723	-0.00551449
-662.73927393	-0.00976930
-662.70627063	-0.01288802
-662.67326733	-0.01473687
-662.64026403	-0.01522722
-662.60726073	-0.01469381
-662.57425743	-0.01342793
-662.54125413	-0.01184279
-662.50825083	-0.01055671
-662.47524752	-0.00972676
-662.44224422	-0.00966309
-662.40924092	-0.01038755
-662.37623762	-0.01164091
-662.34323432	-0.01324587
-662.31023102	-0.01477826
-662.27722772	-0.01554934
-662.24422442	-0.01539053
-662.21122112	-0.01406270
-662.17821782	-0.01164921
-662.14521452	-0.00855569
-662.11221122	-0.00506442
-662.07920792	-0.00164263
-662.04620462	0.00163682
-662.01320132	0.00433533
-661.98019802	0.00616865
-661.94719472	0.00696874
-661.91419142	0.00674539
-661.88118812	0.00553643
-661.84818482	0.00386660
-661.81518152	0.00191580
-661.78217822	0.00003617
-661.74917492	-0.00135305
-661.71617162	-0.00217071
-661.68316832	-0.00235503
-661.65016502	-0.00194106
-661.61716172	-0.00097987
-661.58415842	0.00032401
-661.55115512	0.00162267
-661.51815182	0.00269145
-661.48514851	0.00333933
-661.45214521	0.00323869
-661.41914191	0.00241318
-661.38613861	0.00105036
-661.35313531	-0.00058132
-661.32013201	-0.00230087
-661.28712871	-0.00374202
-661.25412541	-0.00477291
-661.22112211	-0.00540613
-661.18811881	-0.00541895
-661.15511551	-0.00477964
-661.12211221	-0.00360154
-661.08910891	-0.00198892
-661.05610561	-0.00014650
-661.02310231	0.00167250
-660.99009901	0.00300362
-660.95709571	0.00364693
-660.92409241	0.00352418
-660.89108911	0.00265773
-660.85808581	0.00111555
-660.82508251	-0.00068463
-660.79207921	-0.00262366
-660.75907591	-0.00468507
-660.72607261	-0.00657883
-660.69306931	-0.00841315
-660.66006601	-0.00984902
-660.62706271	-0.01109036
-660.59405941	-0.01179991
-660.56105611	-0.01228798
-660.52805281	-0.01230672
-660.49504950	-0.01194916
-660.46204620	-0.01105726
-660.42904290	-0.00954669
-660.39603960	-0.00750961
-660.36303630	-0.00472360
-660.33003300	-0.00161830
-660.29702970	0.00145972
-660.26402640	0.00427630
-660.23102310	0.00643597
-660.19801980	0.00731817
-660.16501650	0.00709374
-660.13201320	0.00565293
-660.09900990	0.00334153
-660.06600660	0.00072343
-660.03300330	-0.00197269
-660.00000000	-0.00416728
