3.157097206341284752e+09 0.000000000000000000e+00
6.314194412682569504e+09 2.664535259100375697e-15
9.471291619023853302e+09 0.000000000000000000e+00
1.262838882536513901e+10 2.220446049250313081e-16
1.578548603170642471e+10 1.665334536937734811e-16
1.894258323804770660e+10 3.330669073875469621e-16
2.209968044438899231e+10 -2.220446049250313081e-16
2.525677765073027802e+10 -4.440892098500626162e-16
2.841387485707156372e+10 -1.110223024625156540e-16
3.157097206341284943e+10 6.661338147750939243e-16
3.472806926975413513e+10 4.440892098500626162e-16
3.788516647609541321e+10 0.000000000000000000e+00
4.104226368243669891e+10 0.000000000000000000e+00
4.419936088877798462e+10 4.440892098500626162e-16
4.735645809511927032e+10 -1.110223024625156540e-16
5.051355530146055603e+10 0.000000000000000000e+00
5.367065250780184174e+10 1.110223024625156540e-16
5.682774971414312744e+10 3.330669073875469621e-16
5.998484692048441315e+10 -2.220446049250313081e-16
6.314194412682569885e+10 -1.110223024625156540e-16
6.629904133316697693e+10 0.000000000000000000e+00
6.945613853950827026e+10 1.110223024625156540e-16
7.261323574584954834e+10 -4.440892098500626162e-16
7.577033295219082642e+10 1.110223024625156540e-16
7.892743015853211975e+10 2.220446049250313081e-16
8.208452736487339783e+10 4.440892098500626162e-16
8.524162457121469116e+10 -1.110223024625156540e-16
8.839872177755596924e+10 1.110223024625156540e-16
9.155581898389726257e+10 1.110223024625156540e-16
9.471291619023854065e+10 3.330669073875469621e-16
9.787001339657983398e+10 -1.110223024625156540e-16
1.010271106029211121e+11 -1.110223024625156540e-16
1.041842078092623901e+11 1.110223024625156540e-16
1.073413050156036835e+11 4.440892098500626162e-16
1.104984022219449615e+11 1.110223024625156540e-16
1.136554994282862549e+11 -3.330669073875469621e-16
1.168125966346275330e+11 2.220446049250313081e-16
1.199696938409688263e+11 -1.110223024625156540e-16
1.231267910473101044e+11 2.220446049250313081e-16
1.262838882536513977e+11 0.000000000000000000e+00
1.294409854599926758e+11 -1.110223024625156540e-16
1.325980826663339539e+11 0.000000000000000000e+00
1.357551798726752472e+11 1.110223024625156540e-16
1.389122770790165405e+11 1.110223024625156540e-16
1.420693742853578186e+11 1.110223024625156540e-16
1.452264714916990967e+11 1.110223024625156540e-16
1.483835686980403748e+11 1.110223024625156540e-16
1.515406659043816528e+11 0.000000000000000000e+00
1.546977631107229614e+11 1.110223024625156540e-16
1.578548603170642395e+11 0.000000000000000000e+00
1.610119575234055176e+11 1.110223024625156540e-16
1.641690547297467957e+11 1.110223024625156540e-16
1.673261519360881042e+11 -2.220446049250313081e-16
1.704832491424293823e+11 0.000000000000000000e+00
1.736403463487706604e+11 -1.110223024625156540e-16
1.767974435551119385e+11 0.000000000000000000e+00
1.799545407614532166e+11 -1.110223024625156540e-16
1.831116379677945251e+11 2.220446049250313081e-16
1.862687351741358032e+11 0.000000000000000000e+00
1.894258323804770813e+11 -2.220446049250313081e-16
1.925829295868183594e+11 0.000000000000000000e+00
1.957400267931596680e+11 0.000000000000000000e+00
1.988971239995009460e+11 -1.110223024625156540e-16
2.020542212058422241e+11 0.000000000000000000e+00
2.052113184121835022e+11 1.110223024625156540e-16
2.083684156185247803e+11 -1.110223024625156540e-16
2.115255128248660889e+11 -1.110223024625156540e-16
2.146826100312073669e+11 0.000000000000000000e+00
2.178397072375486450e+11 0.000000000000000000e+00
2.209968044438899231e+11 -1.110223024625156540e-16
2.241539016502312317e+11 -1.110223024625156540e-16
2.273109988565725098e+11 1.110223024625156540e-16
2.304680960629137878e+11 0.000000000000000000e+00
2.336251932692550659e+11 -1.110223024625156540e-16
2.367822904755963440e+11 1.110223024625156540e-16
2.399393876819376526e+11 -1.110223024625156540e-16
2.430964848882789307e+11 -2.220446049250313081e-16
2.462535820946202087e+11 2.220446049250313081e-16
2.494106793009614868e+11 1.110223024625156540e-16
2.525677765073027954e+11 2.220446049250313081e-16
2.557248737136440735e+11 -2.220446049250313081e-16
2.588819709199853516e+11 -2.220446049250313081e-16
2.620390681263266296e+11 0.000000000000000000e+00
2.651961653326679077e+11 -1.110223024625156540e-16
2.683532625390092163e+11 1.110223024625156540e-16
2.715103597453504944e+11 -2.220446049250313081e-16
2.746674569516917725e+11 -2.220446049250313081e-16
2.778245541580330811e+11 0.000000000000000000e+00
2.809816513643743286e+11 -2.220446049250313081e-16
2.841387485707156372e+11 0.000000000000000000e+00
2.872958457770568848e+11 1.110223024625156540e-16
2.904529429833981934e+11 1.110223024625156540e-16
2.936100401897395020e+11 1.110223024625156540e-16
2.967671373960807495e+11 1.110223024625156540e-16
2.999242346024220581e+11 -2.220446049250313081e-16
3.030813318087633057e+11 -3.330669073875469621e-16
3.062384290151046143e+11 0.000000000000000000e+00
3.093955262214459229e+11 1.110223024625156540e-16
3.125526234277871704e+11 2.220446049250313081e-16
3.157097206341284790e+11 4.440892098500626162e-16
3.188668178404697876e+11 2.220446049250313081e-16
3.220239150468110352e+11 -2.220446049250313081e-16
3.251810122531523438e+11 2.220446049250313081e-16
3.283381094594935913e+11 -3.330669073875469621e-16
3.314952066658348999e+11 1.110223024625156540e-16
3.346523038721762085e+11 0.000000000000000000e+00
3.378094010785174561e+11 0.000000000000000000e+00
3.409664982848587646e+11 2.220446049250313081e-16
3.441235954912000122e+11 0.000000000000000000e+00
3.472806926975413208e+11 2.220446049250313081e-16
3.504377899038826294e+11 1.110223024625156540e-16
3.535948871102238770e+11 4.440892098500626162e-16
3.567519843165651855e+11 1.110223024625156540e-16
3.599090815229064331e+11 1.110223024625156540e-16
3.630661787292477417e+11 1.110223024625156540e-16
3.662232759355890503e+11 -3.330669073875469621e-16
3.693803731419302979e+11 -1.110223024625156540e-16
3.725374703482716064e+11 4.440892098500626162e-16
3.756945675546129150e+11 2.220446049250313081e-16
3.788516647609541626e+11 0.000000000000000000e+00
3.820087619672954712e+11 -2.220446049250313081e-16
3.851658591736367188e+11 -3.330669073875469621e-16
3.883229563799780273e+11 0.000000000000000000e+00
3.914800535863193359e+11 0.000000000000000000e+00
3.946371507926605835e+11 0.000000000000000000e+00
3.977942479990018921e+11 0.000000000000000000e+00
4.009513452053431396e+11 -1.110223024625156540e-16
4.041084424116844482e+11 -1.110223024625156540e-16
4.072655396180257568e+11 -2.220446049250313081e-16
4.104226368243670044e+11 0.000000000000000000e+00
4.135797340307083130e+11 1.110223024625156540e-16
4.167368312370495605e+11 3.330669073875469621e-16
4.198939284433908691e+11 1.110223024625156540e-16
4.230510256497321777e+11 0.000000000000000000e+00
4.262081228560734253e+11 -1.110223024625156540e-16
4.293652200624147339e+11 1.110223024625156540e-16
4.325223172687559814e+11 3.330669073875469621e-16
4.356794144750972900e+11 0.000000000000000000e+00
4.388365116814385986e+11 -1.110223024625156540e-16
4.419936088877798462e+11 2.220446049250313081e-16
4.451507060941211548e+11 -1.110223024625156540e-16
4.483078033004624634e+11 -1.110223024625156540e-16
4.514649005068037109e+11 0.000000000000000000e+00
4.546219977131450195e+11 -2.220446049250313081e-16
4.577790949194862671e+11 0.000000000000000000e+00
4.609361921258275757e+11 -3.330669073875469621e-16
4.640932893321688843e+11 0.000000000000000000e+00
4.672503865385101318e+11 1.110223024625156540e-16
4.704074837448514404e+11 -2.220446049250313081e-16
4.735645809511926880e+11 -1.110223024625156540e-16
4.767216781575339966e+11 0.000000000000000000e+00
4.798787753638753052e+11 1.110223024625156540e-16
4.830358725702165527e+11 0.000000000000000000e+00
4.861929697765578613e+11 1.110223024625156540e-16
4.893500669828991089e+11 1.110223024625156540e-16
4.925071641892404175e+11 -1.110223024625156540e-16
4.956642613955817261e+11 -1.110223024625156540e-16
4.988213586019229736e+11 -2.220446049250313081e-16
5.019784558082642822e+11 -1.110223024625156540e-16
5.051355530146055908e+11 2.220446049250313081e-16
5.082926502209468384e+11 -2.220446049250313081e-16
5.114497474272881470e+11 -1.110223024625156540e-16
5.146068446336293945e+11 -1.110223024625156540e-16
5.177639418399707031e+11 -1.110223024625156540e-16
5.209210390463120117e+11 0.000000000000000000e+00
5.240781362526532593e+11 0.000000000000000000e+00
5.272352334589945679e+11 -1.110223024625156540e-16
5.303923306653358154e+11 1.110223024625156540e-16
5.335494278716771240e+11 -1.110223024625156540e-16
5.367065250780184326e+11 1.110223024625156540e-16
5.398636222843596802e+11 1.110223024625156540e-16
5.430207194907009888e+11 -1.110223024625156540e-16
5.461778166970422363e+11 1.110223024625156540e-16
5.493349139033835449e+11 -1.110223024625156540e-16
5.524920111097248535e+11 1.110223024625156540e-16
5.556491083160661621e+11 1.110223024625156540e-16
5.588062055224073486e+11 -1.110223024625156540e-16
5.619633027287486572e+11 1.110223024625156540e-16
5.651203999350899658e+11 0.000000000000000000e+00
5.682774971414312744e+11 1.110223024625156540e-16
5.714345943477725830e+11 0.000000000000000000e+00
5.745916915541137695e+11 0.000000000000000000e+00
5.777487887604550781e+11 0.000000000000000000e+00
5.809058859667963867e+11 -1.110223024625156540e-16
5.840629831731376953e+11 -2.220446049250313081e-16
5.872200803794790039e+11 0.000000000000000000e+00
5.903771775858201904e+11 0.000000000000000000e+00
5.935342747921614990e+11 1.110223024625156540e-16
5.966913719985028076e+11 0.000000000000000000e+00
5.998484692048441162e+11 0.000000000000000000e+00
6.030055664111854248e+11 0.000000000000000000e+00
6.061626636175266113e+11 0.000000000000000000e+00
6.093197608238679199e+11 0.000000000000000000e+00
6.124768580302092285e+11 1.110223024625156540e-16
6.156339552365505371e+11 -2.220446049250313081e-16
6.187910524428918457e+11 1.110223024625156540e-16
6.219481496492331543e+11 -1.110223024625156540e-16
6.251052468555743408e+11 0.000000000000000000e+00
6.282623440619156494e+11 0.000000000000000000e+00
6.314194412682569580e+11 1.110223024625156540e-16
6.345765384745982666e+11 0.000000000000000000e+00
6.377336356809395752e+11 -1.110223024625156540e-16
6.408907328872807617e+11 -1.110223024625156540e-16
6.440478300936220703e+11 1.110223024625156540e-16
6.472049272999633789e+11 0.000000000000000000e+00
6.503620245063046875e+11 1.110223024625156540e-16
6.535191217126459961e+11 0.000000000000000000e+00
6.566762189189871826e+11 0.000000000000000000e+00
6.598333161253284912e+11 -3.330669073875469621e-16
6.629904133316697998e+11 0.000000000000000000e+00
6.661475105380111084e+11 0.000000000000000000e+00
6.693046077443524170e+11 -1.110223024625156540e-16
6.724617049506936035e+11 0.000000000000000000e+00
6.756188021570349121e+11 1.110223024625156540e-16
6.787758993633762207e+11 0.000000000000000000e+00
6.819329965697175293e+11 0.000000000000000000e+00
6.850900937760588379e+11 0.000000000000000000e+00
6.882471909824000244e+11 0.000000000000000000e+00
6.914042881887413330e+11 1.110223024625156540e-16
6.945613853950826416e+11 1.110223024625156540e-16
6.977184826014239502e+11 -1.110223024625156540e-16
7.008755798077652588e+11 0.000000000000000000e+00
7.040326770141064453e+11 0.000000000000000000e+00
7.071897742204477539e+11 1.110223024625156540e-16
7.103468714267890625e+11 -1.110223024625156540e-16
7.135039686331303711e+11 0.000000000000000000e+00
7.166610658394716797e+11 0.000000000000000000e+00
7.198181630458128662e+11 -1.110223024625156540e-16
7.229752602521541748e+11 1.110223024625156540e-16
7.261323574584954834e+11 -1.110223024625156540e-16
7.292894546648367920e+11 0.000000000000000000e+00
7.324465518711781006e+11 0.000000000000000000e+00
7.356036490775192871e+11 -1.110223024625156540e-16
7.387607462838605957e+11 1.110223024625156540e-16
7.419178434902019043e+11 -1.110223024625156540e-16
7.450749406965432129e+11 0.000000000000000000e+00
7.482320379028845215e+11 -1.110223024625156540e-16
7.513891351092258301e+11 1.110223024625156540e-16
7.545462323155670166e+11 1.110223024625156540e-16
7.577033295219083252e+11 0.000000000000000000e+00
7.608604267282496338e+11 0.000000000000000000e+00
7.640175239345909424e+11 -1.110223024625156540e-16
7.671746211409322510e+11 0.000000000000000000e+00
7.703317183472734375e+11 1.110223024625156540e-16
7.734888155536147461e+11 0.000000000000000000e+00
7.766459127599560547e+11 0.000000000000000000e+00
7.798030099662973633e+11 -1.110223024625156540e-16
7.829601071726386719e+11 -1.110223024625156540e-16
7.861172043789798584e+11 -1.110223024625156540e-16
7.892743015853211670e+11 1.110223024625156540e-16
7.924313987916624756e+11 -1.110223024625156540e-16
7.955884959980037842e+11 0.000000000000000000e+00
7.987455932043450928e+11 1.110223024625156540e-16
8.019026904106862793e+11 0.000000000000000000e+00
8.050597876170275879e+11 0.000000000000000000e+00
8.082168848233688965e+11 1.110223024625156540e-16
8.113739820297102051e+11 -1.110223024625156540e-16
8.145310792360515137e+11 -2.220446049250313081e-16
8.176881764423927002e+11 -1.110223024625156540e-16
8.208452736487340088e+11 -1.110223024625156540e-16
8.240023708550753174e+11 -1.110223024625156540e-16
8.271594680614166260e+11 0.000000000000000000e+00
8.303165652677579346e+11 -1.110223024625156540e-16
8.334736624740991211e+11 -1.110223024625156540e-16
8.366307596804404297e+11 -1.110223024625156540e-16
8.397878568867817383e+11 0.000000000000000000e+00
8.429449540931230469e+11 0.000000000000000000e+00
8.461020512994643555e+11 -1.110223024625156540e-16
8.492591485058055420e+11 0.000000000000000000e+00
8.524162457121468506e+11 0.000000000000000000e+00
8.555733429184881592e+11 0.000000000000000000e+00
8.587304401248294678e+11 -1.110223024625156540e-16
8.618875373311707764e+11 0.000000000000000000e+00
8.650446345375119629e+11 2.220446049250313081e-16
8.682017317438532715e+11 0.000000000000000000e+00
8.713588289501945801e+11 1.110223024625156540e-16
8.745159261565358887e+11 0.000000000000000000e+00
8.776730233628771973e+11 0.000000000000000000e+00
8.808301205692185059e+11 0.000000000000000000e+00
8.839872177755596924e+11 1.110223024625156540e-16
8.871443149819010010e+11 0.000000000000000000e+00
8.903014121882423096e+11 -1.110223024625156540e-16
8.934585093945836182e+11 0.000000000000000000e+00
8.966156066009249268e+11 0.000000000000000000e+00
8.997727038072661133e+11 0.000000000000000000e+00
9.029298010136074219e+11 -2.220446049250313081e-16
9.060868982199487305e+11 -1.110223024625156540e-16
9.092439954262900391e+11 0.000000000000000000e+00
9.124010926326313477e+11 1.110223024625156540e-16
9.155581898389725342e+11 0.000000000000000000e+00
9.187152870453138428e+11 -2.220446049250313081e-16
9.218723842516551514e+11 1.110223024625156540e-16
9.250294814579964600e+11 0.000000000000000000e+00
9.281865786643377686e+11 1.110223024625156540e-16
9.313436758706789551e+11 0.000000000000000000e+00
9.345007730770202637e+11 -1.110223024625156540e-16
9.376578702833615723e+11 0.000000000000000000e+00
9.408149674897028809e+11 0.000000000000000000e+00
9.439720646960441895e+11 0.000000000000000000e+00
9.471291619023853760e+11 1.110223024625156540e-16
9.502862591087266846e+11 0.000000000000000000e+00
9.534433563150679932e+11 0.000000000000000000e+00
9.566004535214093018e+11 1.110223024625156540e-16
9.597575507277506104e+11 0.000000000000000000e+00
9.629146479340917969e+11 0.000000000000000000e+00
9.660717451404331055e+11 0.000000000000000000e+00
9.692288423467744141e+11 0.000000000000000000e+00
9.723859395531157227e+11 0.000000000000000000e+00
9.755430367594570312e+11 0.000000000000000000e+00
9.787001339657982178e+11 0.000000000000000000e+00
9.818572311721395264e+11 0.000000000000000000e+00
9.850143283784808350e+11 0.000000000000000000e+00
9.881714255848221436e+11 0.000000000000000000e+00
9.913285227911634521e+11 0.000000000000000000e+00
9.944856199975046387e+11 -1.110223024625156540e-16
9.976427172038459473e+11 1.110223024625156540e-16
1.000799814410187256e+12 1.110223024625156540e-16
1.003956911616528564e+12 0.000000000000000000e+00
1.007114008822869873e+12 -1.110223024625156540e-16
1.010271106029211182e+12 1.110223024625156540e-16
1.013428203235552368e+12 0.000000000000000000e+00
1.016585300441893677e+12 0.000000000000000000e+00
1.019742397648234985e+12 1.110223024625156540e-16
1.022899494854576294e+12 -1.110223024625156540e-16
1.026056592060917603e+12 0.000000000000000000e+00
1.029213689267258789e+12 1.110223024625156540e-16
1.032370786473600098e+12 0.000000000000000000e+00
1.035527883679941406e+12 -2.220446049250313081e-16
1.038684980886282715e+12 -1.110223024625156540e-16
1.041842078092624023e+12 -1.110223024625156540e-16
1.044999175298965210e+12 -1.110223024625156540e-16
1.048156272505306519e+12 0.000000000000000000e+00
1.051313369711647827e+12 -1.110223024625156540e-16
1.054470466917989136e+12 1.110223024625156540e-16
1.057627564124330444e+12 -1.110223024625156540e-16
1.060784661330671631e+12 -1.110223024625156540e-16
1.063941758537012939e+12 0.000000000000000000e+00
1.067098855743354248e+12 0.000000000000000000e+00
1.070255952949695557e+12 1.110223024625156540e-16
1.073413050156036865e+12 0.000000000000000000e+00
1.076570147362378052e+12 -1.110223024625156540e-16
1.079727244568719360e+12 0.000000000000000000e+00
1.082884341775060669e+12 0.000000000000000000e+00
1.086041438981401978e+12 0.000000000000000000e+00
1.089198536187743286e+12 0.000000000000000000e+00
1.092355633394084473e+12 -1.110223024625156540e-16
1.095512730600425781e+12 0.000000000000000000e+00
1.098669827806767090e+12 -1.110223024625156540e-16
1.101826925013108398e+12 1.110223024625156540e-16
1.104984022219449707e+12 -1.110223024625156540e-16
1.108141119425791016e+12 0.000000000000000000e+00
1.111298216632132324e+12 1.110223024625156540e-16
1.114455313838473633e+12 1.110223024625156540e-16
1.117612411044814697e+12 -2.220446049250313081e-16
1.120769508251156006e+12 0.000000000000000000e+00
1.123926605457497314e+12 -1.110223024625156540e-16
1.127083702663838623e+12 1.110223024625156540e-16
1.130240799870179932e+12 0.000000000000000000e+00
1.133397897076521240e+12 -1.110223024625156540e-16
1.136554994282862549e+12 0.000000000000000000e+00
1.139712091489203857e+12 0.000000000000000000e+00
1.142869188695545166e+12 0.000000000000000000e+00
1.146026285901886475e+12 -1.110223024625156540e-16
1.149183383108227539e+12 1.110223024625156540e-16
1.152340480314568848e+12 0.000000000000000000e+00
1.155497577520910156e+12 -1.110223024625156540e-16
1.158654674727251465e+12 1.110223024625156540e-16
1.161811771933592773e+12 0.000000000000000000e+00
1.164968869139934082e+12 1.110223024625156540e-16
1.168125966346275391e+12 0.000000000000000000e+00
1.171283063552616699e+12 0.000000000000000000e+00
1.174440160758958008e+12 0.000000000000000000e+00
1.177597257965299316e+12 0.000000000000000000e+00
1.180754355171640381e+12 0.000000000000000000e+00
1.183911452377981689e+12 0.000000000000000000e+00
1.187068549584322998e+12 0.000000000000000000e+00
1.190225646790664307e+12 1.110223024625156540e-16
1.193382743997005615e+12 0.000000000000000000e+00
1.196539841203346924e+12 -1.110223024625156540e-16
1.199696938409688232e+12 0.000000000000000000e+00
1.202854035616029541e+12 -1.110223024625156540e-16
1.206011132822370850e+12 0.000000000000000000e+00
1.209168230028712158e+12 0.000000000000000000e+00
1.212325327235053223e+12 -1.110223024625156540e-16
1.215482424441394531e+12 0.000000000000000000e+00
1.218639521647735840e+12 1.110223024625156540e-16
1.221796618854077148e+12 0.000000000000000000e+00
1.224953716060418457e+12 0.000000000000000000e+00
1.228110813266759766e+12 0.000000000000000000e+00
1.231267910473101074e+12 0.000000000000000000e+00
1.234425007679442383e+12 1.110223024625156540e-16
1.237582104885783691e+12 -1.110223024625156540e-16
1.240739202092125000e+12 0.000000000000000000e+00
1.243896299298466309e+12 0.000000000000000000e+00
1.247053396504807373e+12 0.000000000000000000e+00
1.250210493711148682e+12 -1.110223024625156540e-16
1.253367590917489990e+12 2.220446049250313081e-16
1.256524688123831299e+12 -1.110223024625156540e-16
1.259681785330172607e+12 0.000000000000000000e+00
1.262838882536513916e+12 -1.110223024625156540e-16
1.265995979742855225e+12 0.000000000000000000e+00
1.269153076949196533e+12 1.110223024625156540e-16
1.272310174155537842e+12 0.000000000000000000e+00
1.275467271361879150e+12 2.220446049250313081e-16
1.278624368568220215e+12 1.110223024625156540e-16
1.281781465774561523e+12 0.000000000000000000e+00
1.284938562980902832e+12 1.110223024625156540e-16
1.288095660187244141e+12 -1.110223024625156540e-16
1.291252757393585449e+12 0.000000000000000000e+00
1.294409854599926758e+12 -1.110223024625156540e-16
1.297566951806268066e+12 -2.220446049250313081e-16
1.300724049012609375e+12 -1.110223024625156540e-16
1.303881146218950684e+12 0.000000000000000000e+00
1.307038243425291992e+12 0.000000000000000000e+00
1.310195340631633057e+12 1.110223024625156540e-16
1.313352437837974365e+12 1.110223024625156540e-16
1.316509535044315674e+12 -1.110223024625156540e-16
1.319666632250656982e+12 0.000000000000000000e+00
1.322823729456998291e+12 -1.110223024625156540e-16
1.325980826663339600e+12 0.000000000000000000e+00
1.329137923869680908e+12 -1.110223024625156540e-16
1.332295021076022217e+12 1.110223024625156540e-16
1.335452118282363525e+12 -2.220446049250313081e-16
1.338609215488704834e+12 0.000000000000000000e+00
1.341766312695045898e+12 0.000000000000000000e+00
1.344923409901387207e+12 -1.110223024625156540e-16
1.348080507107728516e+12 0.000000000000000000e+00
1.351237604314069824e+12 0.000000000000000000e+00
1.354394701520411133e+12 -1.110223024625156540e-16
1.357551798726752441e+12 1.110223024625156540e-16
1.360708895933093750e+12 0.000000000000000000e+00
1.363865993139435059e+12 -1.110223024625156540e-16
1.367023090345776367e+12 1.110223024625156540e-16
1.370180187552117676e+12 1.110223024625156540e-16
1.373337284758458984e+12 0.000000000000000000e+00
1.376494381964800049e+12 1.110223024625156540e-16
1.379651479171141357e+12 -1.110223024625156540e-16
1.382808576377482666e+12 0.000000000000000000e+00
1.385965673583823975e+12 1.110223024625156540e-16
1.389122770790165283e+12 -1.110223024625156540e-16
1.392279867996506592e+12 0.000000000000000000e+00
1.395436965202847900e+12 0.000000000000000000e+00
1.398594062409189209e+12 0.000000000000000000e+00
1.401751159615530518e+12 0.000000000000000000e+00
1.404908256821871826e+12 0.000000000000000000e+00
1.408065354028212891e+12 -1.110223024625156540e-16
1.411222451234554199e+12 -1.110223024625156540e-16
1.414379548440895508e+12 0.000000000000000000e+00
1.417536645647236816e+12 -2.220446049250313081e-16
1.420693742853578125e+12 1.110223024625156540e-16
1.423850840059919434e+12 0.000000000000000000e+00
1.427007937266260742e+12 -1.110223024625156540e-16
1.430165034472602051e+12 -1.110223024625156540e-16
1.433322131678943359e+12 -1.110223024625156540e-16
1.436479228885284668e+12 0.000000000000000000e+00
1.439636326091625732e+12 0.000000000000000000e+00
1.442793423297967041e+12 1.110223024625156540e-16
1.445950520504308350e+12 -1.110223024625156540e-16
1.449107617710649658e+12 0.000000000000000000e+00
1.452264714916990967e+12 0.000000000000000000e+00
1.455421812123332275e+12 0.000000000000000000e+00
1.458578909329673584e+12 -2.220446049250313081e-16
1.461736006536014893e+12 1.110223024625156540e-16
1.464893103742356201e+12 0.000000000000000000e+00
1.468050200948697510e+12 0.000000000000000000e+00
1.471207298155038574e+12 -1.110223024625156540e-16
1.474364395361379883e+12 0.000000000000000000e+00
1.477521492567721191e+12 0.000000000000000000e+00
1.480678589774062500e+12 -1.110223024625156540e-16
1.483835686980403809e+12 -1.110223024625156540e-16
1.486992784186745117e+12 1.110223024625156540e-16
1.490149881393086426e+12 0.000000000000000000e+00
1.493306978599427734e+12 1.110223024625156540e-16
1.496464075805769043e+12 -2.220446049250313081e-16
1.499621173012110352e+12 0.000000000000000000e+00
1.502778270218451660e+12 1.110223024625156540e-16
1.505935367424792725e+12 -2.220446049250313081e-16
1.509092464631134033e+12 0.000000000000000000e+00
1.512249561837475342e+12 0.000000000000000000e+00
1.515406659043816650e+12 0.000000000000000000e+00
1.518563756250157959e+12 0.000000000000000000e+00
1.521720853456499268e+12 5.551115123125782702e-17
1.524877950662840576e+12 -1.110223024625156540e-16
1.528035047869181885e+12 -1.110223024625156540e-16
1.531192145075523193e+12 -1.110223024625156540e-16
1.534349242281864502e+12 1.110223024625156540e-16
1.537506339488205566e+12 0.000000000000000000e+00
1.540663436694546875e+12 0.000000000000000000e+00
1.543820533900888184e+12 0.000000000000000000e+00
1.546977631107229492e+12 0.000000000000000000e+00
1.550134728313570801e+12 0.000000000000000000e+00
1.553291825519912109e+12 0.000000000000000000e+00
1.556448922726253418e+12 -5.551115123125782702e-17
1.559606019932594727e+12 0.000000000000000000e+00
1.562763117138936035e+12 -5.551115123125782702e-17
1.565920214345277344e+12 0.000000000000000000e+00
1.569077311551618408e+12 0.000000000000000000e+00
1.572234408757959717e+12 -1.110223024625156540e-16
1.575391505964301025e+12 -1.110223024625156540e-16
1.578548603170642334e+12 -1.110223024625156540e-16
1.581705700376983643e+12 0.000000000000000000e+00
1.584862797583324951e+12 -1.110223024625156540e-16
1.588019894789666260e+12 -5.551115123125782702e-17
1.591176991996007568e+12 0.000000000000000000e+00
1.594334089202348877e+12 0.000000000000000000e+00
1.597491186408690186e+12 0.000000000000000000e+00
1.600648283615031250e+12 0.000000000000000000e+00
1.603805380821372559e+12 5.551115123125782702e-17
1.606962478027713867e+12 0.000000000000000000e+00
1.610119575234055176e+12 0.000000000000000000e+00
1.613276672440396484e+12 0.000000000000000000e+00
1.616433769646737793e+12 0.000000000000000000e+00
1.619590866853079102e+12 -1.110223024625156540e-16
1.622747964059420410e+12 -5.551115123125782702e-17
1.625905061265761719e+12 0.000000000000000000e+00
1.629062158472103027e+12 -1.110223024625156540e-16
1.632219255678444336e+12 0.000000000000000000e+00
1.635376352884785400e+12 -5.551115123125782702e-17
1.638533450091126709e+12 5.551115123125782702e-17
1.641690547297468018e+12 1.110223024625156540e-16
1.644847644503809326e+12 -5.551115123125782702e-17
1.648004741710150635e+12 -5.551115123125782702e-17
1.651161838916491943e+12 -5.551115123125782702e-17
1.654318936122833252e+12 1.110223024625156540e-16
1.657476033329174561e+12 1.110223024625156540e-16
1.660633130535515869e+12 -5.551115123125782702e-17
1.663790227741857178e+12 0.000000000000000000e+00
1.666947324948198242e+12 0.000000000000000000e+00
1.670104422154539551e+12 5.551115123125782702e-17
1.673261519360880859e+12 -5.551115123125782702e-17
1.676418616567222168e+12 -5.551115123125782702e-17
1.679575713773563477e+12 -1.110223024625156540e-16
1.682732810979904785e+12 0.000000000000000000e+00
1.685889908186246094e+12 5.551115123125782702e-17
1.689047005392587402e+12 -5.551115123125782702e-17
1.692204102598928711e+12 -5.551115123125782702e-17
1.695361199805270020e+12 -5.551115123125782702e-17
1.698518297011611084e+12 -5.551115123125782702e-17
1.701675394217952393e+12 1.110223024625156540e-16
1.704832491424293701e+12 -5.551115123125782702e-17
1.707989588630635010e+12 1.110223024625156540e-16
1.711146685836976318e+12 -1.110223024625156540e-16
1.714303783043317627e+12 -5.551115123125782702e-17
1.717460880249658936e+12 -1.110223024625156540e-16
1.720617977456000244e+12 0.000000000000000000e+00
1.723775074662341553e+12 -5.551115123125782702e-17
1.726932171868682861e+12 1.110223024625156540e-16
1.730089269075023926e+12 -1.110223024625156540e-16
1.733246366281365234e+12 -1.110223024625156540e-16
1.736403463487706543e+12 5.551115123125782702e-17
1.739560560694047852e+12 0.000000000000000000e+00
1.742717657900389160e+12 0.000000000000000000e+00
1.745874755106730469e+12 1.110223024625156540e-16
1.749031852313071777e+12 0.000000000000000000e+00
1.752188949519413086e+12 5.551115123125782702e-17
1.755346046725754395e+12 0.000000000000000000e+00
1.758503143932095703e+12 5.551115123125782702e-17
1.761660241138437012e+12 -1.665334536937734811e-16
1.764817338344778076e+12 -1.110223024625156540e-16
1.767974435551119385e+12 -5.551115123125782702e-17
1.771131532757460693e+12 5.551115123125782702e-17
1.774288629963802002e+12 -5.551115123125782702e-17
1.777445727170143311e+12 -5.551115123125782702e-17
1.780602824376484619e+12 1.110223024625156540e-16
1.783759921582825928e+12 0.000000000000000000e+00
1.786917018789167236e+12 -5.551115123125782702e-17
1.790074115995508545e+12 0.000000000000000000e+00
1.793231213201849854e+12 -5.551115123125782702e-17
1.796388310408190918e+12 -5.551115123125782702e-17
1.799545407614532227e+12 5.551115123125782702e-17
1.802702504820873535e+12 0.000000000000000000e+00
1.805859602027214844e+12 -1.110223024625156540e-16
1.809016699233556152e+12 -5.551115123125782702e-17
1.812173796439897461e+12 -5.551115123125782702e-17
1.815330893646238770e+12 1.110223024625156540e-16
1.818487990852580078e+12 -5.551115123125782702e-17
1.821645088058921387e+12 -5.551115123125782702e-17
1.824802185265262695e+12 -5.551115123125782702e-17
1.827959282471603760e+12 -5.551115123125782702e-17
1.831116379677945068e+12 -5.551115123125782702e-17
1.834273476884286377e+12 -5.551115123125782702e-17
1.837430574090627686e+12 -5.551115123125782702e-17
1.840587671296968994e+12 5.551115123125782702e-17
1.843744768503310303e+12 0.000000000000000000e+00
1.846901865709651611e+12 0.000000000000000000e+00
1.850058962915992920e+12 0.000000000000000000e+00
1.853216060122334229e+12 0.000000000000000000e+00
1.856373157328675537e+12 -5.551115123125782702e-17
1.859530254535016602e+12 5.551115123125782702e-17
1.862687351741357910e+12 -1.110223024625156540e-16
1.865844448947699219e+12 0.000000000000000000e+00
1.869001546154040527e+12 0.000000000000000000e+00
1.872158643360381836e+12 5.551115123125782702e-17
1.875315740566723145e+12 -2.220446049250313081e-16
1.878472837773064453e+12 0.000000000000000000e+00
1.881629934979405762e+12 -5.551115123125782702e-17
1.884787032185747070e+12 0.000000000000000000e+00
1.887944129392088379e+12 -5.551115123125782702e-17
1.891101226598429688e+12 1.110223024625156540e-16
1.894258323804770752e+12 5.551115123125782702e-17
1.897415421011112061e+12 5.551115123125782702e-17
1.900572518217453369e+12 -5.551115123125782702e-17
1.903729615423794678e+12 -1.110223024625156540e-16
1.906886712630135986e+12 -1.110223024625156540e-16
1.910043809836477295e+12 -5.551115123125782702e-17
1.913200907042818604e+12 0.000000000000000000e+00
1.916358004249159912e+12 5.551115123125782702e-17
1.919515101455501221e+12 -5.551115123125782702e-17
1.922672198661842529e+12 1.110223024625156540e-16
1.925829295868183594e+12 -5.551115123125782702e-17
1.928986393074524902e+12 -5.551115123125782702e-17
1.932143490280866211e+12 0.000000000000000000e+00
1.935300587487207520e+12 1.110223024625156540e-16
1.938457684693548828e+12 0.000000000000000000e+00
1.941614781899890137e+12 -1.110223024625156540e-16
1.944771879106231445e+12 0.000000000000000000e+00
1.947928976312572754e+12 -5.551115123125782702e-17
1.951086073518914062e+12 -5.551115123125782702e-17
1.954243170725255371e+12 1.110223024625156540e-16
1.957400267931596436e+12 0.000000000000000000e+00
1.960557365137937744e+12 0.000000000000000000e+00
1.963714462344279053e+12 -5.551115123125782702e-17
1.966871559550620361e+12 -1.110223024625156540e-16
1.970028656756961670e+12 1.110223024625156540e-16
1.973185753963302979e+12 5.551115123125782702e-17
1.976342851169644287e+12 0.000000000000000000e+00
1.979499948375985596e+12 -1.110223024625156540e-16
1.982657045582326904e+12 0.000000000000000000e+00
1.985814142788668213e+12 0.000000000000000000e+00
1.988971239995009277e+12 -5.551115123125782702e-17
1.992128337201350586e+12 0.000000000000000000e+00
1.995285434407691895e+12 5.551115123125782702e-17
1.998442531614033203e+12 -5.551115123125782702e-17
2.001599628820374512e+12 -1.665334536937734811e-16
2.004756726026715820e+12 -1.110223024625156540e-16
2.007913823233057129e+12 1.110223024625156540e-16
2.011070920439398438e+12 0.000000000000000000e+00
2.014228017645739746e+12 -5.551115123125782702e-17
2.017385114852081055e+12 -5.551115123125782702e-17
2.020542212058422363e+12 -1.110223024625156540e-16
2.023699309264763428e+12 0.000000000000000000e+00
2.026856406471104736e+12 0.000000000000000000e+00
2.030013503677446045e+12 -1.110223024625156540e-16
2.033170600883787354e+12 0.000000000000000000e+00
2.036327698090128662e+12 -5.551115123125782702e-17
2.039484795296469971e+12 -1.665334536937734811e-16
2.042641892502811279e+12 0.000000000000000000e+00
2.045798989709152588e+12 -1.110223024625156540e-16
2.048956086915493896e+12 5.551115123125782702e-17
2.052113184121835205e+12 -5.551115123125782702e-17
2.055270281328176270e+12 5.551115123125782702e-17
2.058427378534517578e+12 -1.110223024625156540e-16
2.061584475740858887e+12 0.000000000000000000e+00
2.064741572947200195e+12 0.000000000000000000e+00
2.067898670153541504e+12 -5.551115123125782702e-17
2.071055767359882812e+12 0.000000000000000000e+00
2.074212864566224121e+12 0.000000000000000000e+00
2.077369961772565430e+12 -1.110223024625156540e-16
2.080527058978906738e+12 5.551115123125782702e-17
2.083684156185248047e+12 0.000000000000000000e+00
2.086841253391589111e+12 -1.110223024625156540e-16
2.089998350597930420e+12 5.551115123125782702e-17
2.093155447804271729e+12 -5.551115123125782702e-17
2.096312545010613037e+12 0.000000000000000000e+00
2.099469642216954346e+12 0.000000000000000000e+00
2.102626739423295654e+12 -5.551115123125782702e-17
2.105783836629636963e+12 1.110223024625156540e-16
2.108940933835978271e+12 0.000000000000000000e+00
2.112098031042319580e+12 -1.110223024625156540e-16
2.115255128248660889e+12 0.000000000000000000e+00
2.118412225455001953e+12 0.000000000000000000e+00
2.121569322661343262e+12 0.000000000000000000e+00
2.124726419867684570e+12 5.551115123125782702e-17
2.127883517074025879e+12 -1.110223024625156540e-16
2.131040614280367188e+12 0.000000000000000000e+00
2.134197711486708496e+12 5.551115123125782702e-17
2.137354808693049805e+12 0.000000000000000000e+00
2.140511905899391113e+12 0.000000000000000000e+00
2.143669003105732422e+12 5.551115123125782702e-17
2.146826100312073730e+12 0.000000000000000000e+00
2.149983197518414795e+12 0.000000000000000000e+00
2.153140294724756104e+12 0.000000000000000000e+00
2.156297391931097412e+12 -5.551115123125782702e-17
2.159454489137438721e+12 5.551115123125782702e-17
2.162611586343780029e+12 5.551115123125782702e-17
2.165768683550121338e+12 -1.665334536937734811e-16
2.168925780756462646e+12 5.551115123125782702e-17
2.172082877962803955e+12 -5.551115123125782702e-17
2.175239975169145264e+12 -5.551115123125782702e-17
2.178397072375486572e+12 1.110223024625156540e-16
2.181554169581827881e+12 -1.110223024625156540e-16
2.184711266788168945e+12 -5.551115123125782702e-17
2.187868363994510254e+12 0.000000000000000000e+00
2.191025461200851562e+12 -5.551115123125782702e-17
2.194182558407192871e+12 5.551115123125782702e-17
2.197339655613534180e+12 5.551115123125782702e-17
2.200496752819875488e+12 -1.665334536937734811e-16
2.203653850026216797e+12 5.551115123125782702e-17
2.206810947232558105e+12 -5.551115123125782702e-17
2.209968044438899414e+12 5.551115123125782702e-17
2.213125141645240723e+12 -5.551115123125782702e-17
2.216282238851582031e+12 -5.551115123125782702e-17
2.219439336057923340e+12 0.000000000000000000e+00
2.222596433264264648e+12 5.551115123125782702e-17
2.225753530470605957e+12 -1.110223024625156540e-16
2.228910627676947266e+12 0.000000000000000000e+00
2.232067724883288086e+12 5.551115123125782702e-17
2.235224822089629395e+12 -5.551115123125782702e-17
2.238381919295970703e+12 -5.551115123125782702e-17
2.241539016502312012e+12 1.110223024625156540e-16
2.244696113708653320e+12 -5.551115123125782702e-17
2.247853210914994629e+12 -1.110223024625156540e-16
2.251010308121335938e+12 5.551115123125782702e-17
2.254167405327677246e+12 -5.551115123125782702e-17
2.257324502534018555e+12 5.551115123125782702e-17
2.260481599740359863e+12 -1.110223024625156540e-16
2.263638696946701172e+12 0.000000000000000000e+00
2.266795794153042480e+12 0.000000000000000000e+00
2.269952891359383789e+12 -1.110223024625156540e-16
2.273109988565725098e+12 0.000000000000000000e+00
2.276267085772066406e+12 -5.551115123125782702e-17
2.279424182978407715e+12 0.000000000000000000e+00
2.282581280184749023e+12 1.110223024625156540e-16
2.285738377391090332e+12 0.000000000000000000e+00
2.288895474597431641e+12 -5.551115123125782702e-17
2.292052571803772949e+12 0.000000000000000000e+00
2.295209669010114258e+12 0.000000000000000000e+00
2.298366766216455078e+12 -5.551115123125782702e-17
2.301523863422796387e+12 0.000000000000000000e+00
2.304680960629137695e+12 5.551115123125782702e-17
2.307838057835479004e+12 5.551115123125782702e-17
2.310995155041820312e+12 5.551115123125782702e-17
2.314152252248161621e+12 5.551115123125782702e-17
2.317309349454502930e+12 0.000000000000000000e+00
2.320466446660844238e+12 -1.665334536937734811e-16
2.323623543867185547e+12 -1.110223024625156540e-16
2.326780641073526855e+12 0.000000000000000000e+00
2.329937738279868164e+12 5.551115123125782702e-17
2.333094835486209473e+12 0.000000000000000000e+00
2.336251932692550781e+12 0.000000000000000000e+00
2.339409029898892090e+12 0.000000000000000000e+00
2.342566127105233398e+12 0.000000000000000000e+00
2.345723224311574707e+12 -5.551115123125782702e-17
2.348880321517916016e+12 0.000000000000000000e+00
2.352037418724257324e+12 -5.551115123125782702e-17
2.355194515930598633e+12 -5.551115123125782702e-17
2.358351613136939941e+12 5.551115123125782702e-17
2.361508710343280762e+12 0.000000000000000000e+00
2.364665807549622070e+12 5.551115123125782702e-17
2.367822904755963379e+12 0.000000000000000000e+00
2.370980001962304688e+12 0.000000000000000000e+00
2.374137099168645996e+12 -1.110223024625156540e-16
2.377294196374987305e+12 0.000000000000000000e+00
2.380451293581328613e+12 0.000000000000000000e+00
2.383608390787669922e+12 0.000000000000000000e+00
2.386765487994011230e+12 0.000000000000000000e+00
2.389922585200352539e+12 -5.551115123125782702e-17
2.393079682406693848e+12 0.000000000000000000e+00
2.396236779613035156e+12 -5.551115123125782702e-17
2.399393876819376465e+12 0.000000000000000000e+00
2.402550974025717773e+12 -5.551115123125782702e-17
2.405708071232059082e+12 0.000000000000000000e+00
2.408865168438400391e+12 -1.110223024625156540e-16
2.412022265644741699e+12 0.000000000000000000e+00
2.415179362851083008e+12 0.000000000000000000e+00
2.418336460057424316e+12 -1.665334536937734811e-16
2.421493557263765625e+12 5.551115123125782702e-17
2.424650654470106445e+12 -5.551115123125782702e-17
2.427807751676447754e+12 -1.110223024625156540e-16
2.430964848882789062e+12 0.000000000000000000e+00
2.434121946089130371e+12 5.551115123125782702e-17
2.437279043295471680e+12 -5.551115123125782702e-17
2.440436140501812988e+12 5.551115123125782702e-17
2.443593237708154297e+12 0.000000000000000000e+00
2.446750334914495605e+12 -5.551115123125782702e-17
2.449907432120836914e+12 0.000000000000000000e+00
2.453064529327178223e+12 0.000000000000000000e+00
2.456221626533519531e+12 -5.551115123125782702e-17
2.459378723739860840e+12 0.000000000000000000e+00
2.462535820946202148e+12 -5.551115123125782702e-17
2.465692918152543457e+12 -5.551115123125782702e-17
2.468850015358884766e+12 5.551115123125782702e-17
2.472007112565226074e+12 -5.551115123125782702e-17
2.475164209771567383e+12 0.000000000000000000e+00
2.478321306977908691e+12 0.000000000000000000e+00
2.481478404184250000e+12 0.000000000000000000e+00
2.484635501390591309e+12 -5.551115123125782702e-17
2.487792598596932617e+12 0.000000000000000000e+00
2.490949695803273438e+12 -5.551115123125782702e-17
2.494106793009614746e+12 0.000000000000000000e+00
2.497263890215956055e+12 0.000000000000000000e+00
2.500420987422297363e+12 0.000000000000000000e+00
2.503578084628638672e+12 -5.551115123125782702e-17
2.506735181834979980e+12 0.000000000000000000e+00
2.509892279041321289e+12 5.551115123125782702e-17
2.513049376247662598e+12 0.000000000000000000e+00
2.516206473454003906e+12 -5.551115123125782702e-17
2.519363570660345215e+12 -5.551115123125782702e-17
2.522520667866686523e+12 0.000000000000000000e+00
2.525677765073027832e+12 0.000000000000000000e+00
2.528834862279369141e+12 -5.551115123125782702e-17
2.531991959485710449e+12 -5.551115123125782702e-17
2.535149056692051758e+12 5.551115123125782702e-17
2.538306153898393066e+12 -5.551115123125782702e-17
2.541463251104734375e+12 0.000000000000000000e+00
2.544620348311075684e+12 5.551115123125782702e-17
2.547777445517416992e+12 -5.551115123125782702e-17
2.550934542723758301e+12 -1.110223024625156540e-16
2.554091639930099121e+12 5.551115123125782702e-17
2.557248737136440430e+12 -5.551115123125782702e-17
2.560405834342781738e+12 -1.110223024625156540e-16
2.563562931549123047e+12 2.775557561562891351e-17
2.566720028755464355e+12 -2.775557561562891351e-17
2.569877125961805664e+12 -2.775557561562891351e-17
2.573034223168146973e+12 2.775557561562891351e-17
2.576191320374488281e+12 0.000000000000000000e+00
2.579348417580829590e+12 0.000000000000000000e+00
2.582505514787170898e+12 0.000000000000000000e+00
2.585662611993512207e+12 0.000000000000000000e+00
2.588819709199853516e+12 -5.551115123125782702e-17
2.591976806406194824e+12 0.000000000000000000e+00
2.595133903612536133e+12 0.000000000000000000e+00
2.598291000818877441e+12 2.775557561562891351e-17
2.601448098025218750e+12 -2.775557561562891351e-17
2.604605195231560059e+12 0.000000000000000000e+00
2.607762292437901367e+12 -2.775557561562891351e-17
2.610919389644242676e+12 -5.551115123125782702e-17
2.614076486850583984e+12 0.000000000000000000e+00
2.617233584056925293e+12 -5.551115123125782702e-17
2.620390681263266113e+12 5.551115123125782702e-17
2.623547778469607422e+12 -5.551115123125782702e-17
2.626704875675948730e+12 -5.551115123125782702e-17
2.629861972882290039e+12 2.775557561562891351e-17
2.633019070088631348e+12 0.000000000000000000e+00
2.636176167294972656e+12 -2.775557561562891351e-17
2.639333264501313965e+12 -8.326672684688674053e-17
2.642490361707655273e+12 -5.551115123125782702e-17
2.645647458913996582e+12 -2.775557561562891351e-17
2.648804556120337891e+12 -5.551115123125782702e-17
2.651961653326679199e+12 0.000000000000000000e+00
2.655118750533020508e+12 0.000000000000000000e+00
2.658275847739361816e+12 5.551115123125782702e-17
2.661432944945703125e+12 2.775557561562891351e-17
2.664590042152044434e+12 -8.326672684688674053e-17
2.667747139358385742e+12 0.000000000000000000e+00
2.670904236564727051e+12 1.110223024625156540e-16
2.674061333771068359e+12 -5.551115123125782702e-17
2.677218430977409668e+12 0.000000000000000000e+00
2.680375528183750977e+12 -2.775557561562891351e-17
2.683532625390091797e+12 -2.775557561562891351e-17
2.686689722596433105e+12 -5.551115123125782702e-17
2.689846819802774414e+12 -2.775557561562891351e-17
2.693003917009115723e+12 -2.775557561562891351e-17
2.696161014215457031e+12 -2.775557561562891351e-17
2.699318111421798340e+12 2.775557561562891351e-17
2.702475208628139648e+12 2.775557561562891351e-17
2.705632305834480957e+12 -8.326672684688674053e-17
2.708789403040822266e+12 -2.775557561562891351e-17
2.711946500247163574e+12 -2.775557561562891351e-17
2.715103597453504883e+12 -2.775557561562891351e-17
2.718260694659846191e+12 -5.551115123125782702e-17
2.721417791866187500e+12 0.000000000000000000e+00
2.724574889072528809e+12 0.000000000000000000e+00
2.727731986278870117e+12 5.551115123125782702e-17
2.730889083485211426e+12 -2.775557561562891351e-17
2.734046180691552734e+12 2.775557561562891351e-17
2.737203277897894043e+12 2.775557561562891351e-17
2.740360375104235352e+12 -2.775557561562891351e-17
2.743517472310576660e+12 0.000000000000000000e+00
2.746674569516917969e+12 2.775557561562891351e-17
2.749831666723258789e+12 -2.775557561562891351e-17
2.752988763929600098e+12 0.000000000000000000e+00
2.756145861135941406e+12 2.775557561562891351e-17
2.759302958342282715e+12 -2.775557561562891351e-17
2.762460055548624023e+12 0.000000000000000000e+00
2.765617152754965332e+12 -5.551115123125782702e-17
2.768774249961306641e+12 0.000000000000000000e+00
2.771931347167647949e+12 0.000000000000000000e+00
2.775088444373989258e+12 -8.326672684688674053e-17
2.778245541580330566e+12 0.000000000000000000e+00
2.781402638786671875e+12 -2.775557561562891351e-17
2.784559735993013184e+12 -1.110223024625156540e-16
2.787716833199354492e+12 0.000000000000000000e+00
2.790873930405695801e+12 -8.326672684688674053e-17
2.794031027612037109e+12 -8.326672684688674053e-17
2.797188124818378418e+12 0.000000000000000000e+00
2.800345222024719727e+12 0.000000000000000000e+00
2.803502319231061035e+12 2.775557561562891351e-17
2.806659416437402344e+12 -2.775557561562891351e-17
2.809816513643743652e+12 2.775557561562891351e-17
2.812973610850084473e+12 0.000000000000000000e+00
2.816130708056425781e+12 -5.551115123125782702e-17
2.819287805262767090e+12 2.775557561562891351e-17
2.822444902469108398e+12 5.551115123125782702e-17
2.825601999675449707e+12 -8.326672684688674053e-17
2.828759096881791016e+12 -2.775557561562891351e-17
2.831916194088132324e+12 5.551115123125782702e-17
2.835073291294473633e+12 -5.551115123125782702e-17
2.838230388500814941e+12 2.775557561562891351e-17
2.841387485707156250e+12 8.326672684688674053e-17
2.844544582913497559e+12 -5.551115123125782702e-17
2.847701680119838867e+12 -2.775557561562891351e-17
2.850858777326180176e+12 0.000000000000000000e+00
2.854015874532521484e+12 -8.326672684688674053e-17
2.857172971738862793e+12 -5.551115123125782702e-17
2.860330068945204102e+12 0.000000000000000000e+00
2.863487166151545410e+12 -2.775557561562891351e-17
2.866644263357886719e+12 0.000000000000000000e+00
2.869801360564228027e+12 0.000000000000000000e+00
2.872958457770569336e+12 -8.326672684688674053e-17
2.876115554976910645e+12 2.775557561562891351e-17
2.879272652183251465e+12 0.000000000000000000e+00
2.882429749389592773e+12 5.551115123125782702e-17
2.885586846595934082e+12 -1.110223024625156540e-16
2.888743943802275391e+12 -2.775557561562891351e-17
2.891901041008616699e+12 2.775557561562891351e-17
2.895058138214958008e+12 -8.326672684688674053e-17
2.898215235421299316e+12 0.000000000000000000e+00
2.901372332627640625e+12 0.000000000000000000e+00
2.904529429833981934e+12 0.000000000000000000e+00
2.907686527040323242e+12 2.775557561562891351e-17
2.910843624246664551e+12 0.000000000000000000e+00
2.914000721453005859e+12 0.000000000000000000e+00
2.917157818659347168e+12 0.000000000000000000e+00
2.920314915865688477e+12 -2.775557561562891351e-17
2.923472013072029785e+12 0.000000000000000000e+00
2.926629110278371094e+12 -8.326672684688674053e-17
2.929786207484712402e+12 -2.775557561562891351e-17
2.932943304691053711e+12 0.000000000000000000e+00
2.936100401897395020e+12 -8.326672684688674053e-17
2.939257499103736328e+12 0.000000000000000000e+00
2.942414596310077148e+12 -5.551115123125782702e-17
2.945571693516418457e+12 -2.775557561562891351e-17
2.948728790722759766e+12 0.000000000000000000e+00
2.951885887929101074e+12 -5.551115123125782702e-17
2.955042985135442383e+12 0.000000000000000000e+00
2.958200082341783691e+12 -5.551115123125782702e-17
2.961357179548125000e+12 -2.775557561562891351e-17
2.964514276754466309e+12 2.775557561562891351e-17
2.967671373960807617e+12 -2.775557561562891351e-17
2.970828471167148926e+12 0.000000000000000000e+00
2.973985568373490234e+12 -2.775557561562891351e-17
2.977142665579831543e+12 0.000000000000000000e+00
2.980299762786172852e+12 2.775557561562891351e-17
2.983456859992514160e+12 -2.775557561562891351e-17
2.986613957198855469e+12 0.000000000000000000e+00
2.989771054405196777e+12 2.775557561562891351e-17
2.992928151611538086e+12 -2.775557561562891351e-17
2.996085248817879395e+12 0.000000000000000000e+00
2.999242346024220703e+12 -1.110223024625156540e-16
3.002399443230562012e+12 -8.326672684688674053e-17
3.005556540436903320e+12 2.775557561562891351e-17
3.008713637643244141e+12 0.000000000000000000e+00
3.011870734849585449e+12 -5.551115123125782702e-17
3.015027832055926758e+12 -2.775557561562891351e-17
3.018184929262268066e+12 -1.387778780781445676e-17
3.021342026468609375e+12 2.775557561562891351e-17
3.024499123674950684e+12 -2.775557561562891351e-17
3.027656220881291992e+12 0.000000000000000000e+00
3.030813318087633301e+12 -5.551115123125782702e-17
3.033970415293974609e+12 -2.775557561562891351e-17
3.037127512500315918e+12 2.775557561562891351e-17
3.040284609706657227e+12 -8.326672684688674053e-17
3.043441706912998535e+12 -2.775557561562891351e-17
3.046598804119339844e+12 -5.551115123125782702e-17
3.049755901325681152e+12 -5.551115123125782702e-17
3.052912998532022461e+12 -5.551115123125782702e-17
3.056070095738363770e+12 0.000000000000000000e+00
3.059227192944705078e+12 5.551115123125782702e-17
3.062384290151046387e+12 -5.551115123125782702e-17
3.065541387357387695e+12 2.775557561562891351e-17
3.068698484563729004e+12 1.387778780781445676e-16
3.071855581770069824e+12 0.000000000000000000e+00
3.075012678976411133e+12 0.000000000000000000e+00
3.078169776182752441e+12 -5.551115123125782702e-17
3.081326873389093750e+12 0.000000000000000000e+00
3.084483970595435059e+12 5.551115123125782702e-17
3.087641067801776367e+12 0.000000000000000000e+00
3.090798165008117676e+12 2.775557561562891351e-17
3.093955262214458984e+12 -8.326672684688674053e-17
3.097112359420800293e+12 0.000000000000000000e+00
3.100269456627141602e+12 -2.775557561562891351e-17
3.103426553833482910e+12 -1.110223024625156540e-16
3.106583651039824219e+12 0.000000000000000000e+00
3.109740748246165527e+12 0.000000000000000000e+00
3.112897845452506836e+12 -5.551115123125782702e-17
3.116054942658848145e+12 0.000000000000000000e+00
3.119212039865189453e+12 0.000000000000000000e+00
3.122369137071530762e+12 -4.163336342344337027e-17
3.125526234277872070e+12 -2.775557561562891351e-17
3.128683331484213379e+12 -2.775557561562891351e-17
3.131840428690554688e+12 -2.775557561562891351e-17
3.134997525896895996e+12 -2.775557561562891351e-17
3.138154623103236816e+12 -2.775557561562891351e-17
3.141311720309578125e+12 2.775557561562891351e-17
3.144468817515919434e+12 -8.326672684688674053e-17
3.147625914722260742e+12 0.000000000000000000e+00
3.150783011928602051e+12 -2.775557561562891351e-17
3.153940109134943359e+12 -1.387778780781445676e-17
3.157097206341284668e+12 2.775557561562891351e-17
3.160254303547625977e+12 0.000000000000000000e+00
3.163411400753967285e+12 -2.775557561562891351e-17
3.166568497960308594e+12 5.551115123125782702e-17
3.169725595166649902e+12 -8.326672684688674053e-17
3.172882692372991211e+12 0.000000000000000000e+00
3.176039789579332520e+12 -5.551115123125782702e-17
3.179196886785673828e+12 0.000000000000000000e+00
3.182353983992015137e+12 2.775557561562891351e-17
3.185511081198356445e+12 -1.387778780781445676e-17
3.188668178404697754e+12 -5.551115123125782702e-17
3.191825275611039062e+12 2.775557561562891351e-17
3.194982372817380371e+12 0.000000000000000000e+00
3.198139470023721680e+12 -5.551115123125782702e-17
3.201296567230062500e+12 5.551115123125782702e-17
3.204453664436403809e+12 -5.551115123125782702e-17
3.207610761642745117e+12 0.000000000000000000e+00
3.210767858849086426e+12 -8.326672684688674053e-17
3.213924956055427734e+12 0.000000000000000000e+00
3.217082053261769043e+12 -5.551115123125782702e-17
3.220239150468110352e+12 -8.326672684688674053e-17
3.223396247674451660e+12 4.163336342344337027e-17
3.226553344880792969e+12 5.551115123125782702e-17
3.229710442087134277e+12 0.000000000000000000e+00
3.232867539293475586e+12 -5.551115123125782702e-17
3.236024636499816895e+12 -5.551115123125782702e-17
3.239181733706158203e+12 0.000000000000000000e+00
3.242338830912499512e+12 0.000000000000000000e+00
3.245495928118840820e+12 0.000000000000000000e+00
3.248653025325182129e+12 -8.326672684688674053e-17
3.251810122531523438e+12 -2.775557561562891351e-17
3.254967219737864746e+12 -4.163336342344337027e-17
3.258124316944206055e+12 -5.551115123125782702e-17
3.261281414150547363e+12 -5.551115123125782702e-17
3.264438511356888672e+12 -5.551115123125782702e-17
3.267595608563229492e+12 2.775557561562891351e-17
3.270752705769570801e+12 -1.110223024625156540e-16
3.273909802975912109e+12 0.000000000000000000e+00
3.277066900182253418e+12 8.326672684688674053e-17
3.280223997388594727e+12 -2.775557561562891351e-17
3.283381094594936035e+12 0.000000000000000000e+00
3.286538191801277344e+12 8.326672684688674053e-17
3.289695289007618652e+12 -2.775557561562891351e-17
3.292852386213959961e+12 1.387778780781445676e-17
3.296009483420301270e+12 -1.387778780781445676e-17
3.299166580626642578e+12 6.938893903907228378e-17
3.302323677832983887e+12 5.551115123125782702e-17
3.305480775039325195e+12 5.551115123125782702e-17
3.308637872245666504e+12 -2.775557561562891351e-17
3.311794969452007812e+12 0.000000000000000000e+00
3.314952066658349121e+12 -2.775557561562891351e-17
3.318109163864690430e+12 2.775557561562891351e-17
3.321266261071031738e+12 0.000000000000000000e+00
3.324423358277373047e+12 1.387778780781445676e-17
3.327580455483714355e+12 0.000000000000000000e+00
3.330737552690055176e+12 0.000000000000000000e+00
3.333894649896396484e+12 1.387778780781445676e-17
3.337051747102737793e+12 -2.775557561562891351e-17
3.340208844309079102e+12 0.000000000000000000e+00
3.343365941515420410e+12 5.551115123125782702e-17
3.346523038721761719e+12 -5.551115123125782702e-17
3.349680135928103027e+12 2.775557561562891351e-17
3.352837233134444336e+12 -2.775557561562891351e-17
3.355994330340785645e+12 -5.551115123125782702e-17
3.359151427547126953e+12 0.000000000000000000e+00
3.362308524753468262e+12 0.000000000000000000e+00
3.365465621959809570e+12 -5.551115123125782702e-17
3.368622719166150879e+12 0.000000000000000000e+00
3.371779816372492188e+12 0.000000000000000000e+00
3.374936913578833496e+12 2.775557561562891351e-17
3.378094010785174805e+12 0.000000000000000000e+00
3.381251107991516113e+12 0.000000000000000000e+00
3.384408205197857422e+12 -2.775557561562891351e-17
3.387565302404198730e+12 0.000000000000000000e+00
3.390722399610540039e+12 -5.551115123125782702e-17
3.393879496816881348e+12 6.938893903907228378e-18
3.397036594023222168e+12 -8.673617379884035472e-18
3.400193691229563477e+12 6.938893903907228378e-18
3.403350788435904785e+12 8.326672684688674053e-17
3.406507885642246094e+12 -8.326672684688674053e-17
3.409664982848587402e+12 2.775557561562891351e-17
3.412822080054928711e+12 0.000000000000000000e+00
3.415979177261270020e+12 -5.551115123125782702e-17
3.419136274467611328e+12 5.551115123125782702e-17
3.422293371673952637e+12 0.000000000000000000e+00
3.425450468880293945e+12 0.000000000000000000e+00
3.428607566086635254e+12 -4.163336342344337027e-17
3.431764663292976562e+12 2.081668171172168513e-17
3.434921760499317871e+12 -2.775557561562891351e-17
3.438078857705659180e+12 -2.775557561562891351e-17
3.441235954912000488e+12 2.775557561562891351e-17
3.444393052118341797e+12 -5.551115123125782702e-17
3.447550149324683105e+12 0.000000000000000000e+00
3.450707246531024414e+12 -5.551115123125782702e-17
3.453864343737365723e+12 8.326672684688674053e-17
3.457021440943707031e+12 -1.110223024625156540e-16
3.460178538150047852e+12 2.775557561562891351e-17
3.463335635356389160e+12 -1.387778780781445676e-17
3.466492732562730469e+12 1.040834085586084257e-17
3.469649829769071777e+12 -1.387778780781445676e-17
3.472806926975413086e+12 4.163336342344337027e-17
3.475964024181754395e+12 2.775557561562891351e-17
3.479121121388095703e+12 0.000000000000000000e+00
3.482278218594437012e+12 0.000000000000000000e+00
3.485435315800778320e+12 0.000000000000000000e+00
3.488592413007119629e+12 -5.551115123125782702e-17
3.491749510213460938e+12 2.775557561562891351e-17
3.494906607419802246e+12 5.551115123125782702e-17
3.498063704626143555e+12 -3.469446951953614189e-17
