3.157097206341284752e+09 -3.058046911568032655e+01 4.131594277332524001e+01
6.314194412682569504e+09 -1.564347280951094277e+01 1.251415027306057581e+01
9.471291619023853302e+09 -1.183395159826245102e+00 -1.425155831354679492e+00
1.262838882536513901e+10 -8.067600898050617531e-01 -2.200773237893355994e+00
1.578548603170642471e+10 -6.207114275295814165e-01 -2.107878068996693610e+00
1.894258323804770660e+10 -6.061119222995425826e-01 -1.599368297705351605e+00
2.209968044438899231e+10 -5.683698615806070942e-01 -1.342476919274551372e+00
2.525677765073027802e+10 -5.246480543449110190e-01 -1.180522383697697242e+00
2.841387485707156372e+10 -4.819594446411282207e-01 -1.061163909172699205e+00
3.157097206341284943e+10 -4.421619759590995069e-01 -9.649668119842494951e-01
3.472806926975413513e+10 -4.054516895854211600e-01 -8.832504949273938255e-01
3.788516647609541321e+10 -3.715214677855114278e-01 -8.114910821409411223e-01
4.104226368243669891e+10 -3.400151606917294900e-01 -7.469432249625961306e-01
4.419936088877798462e+10 -3.107922853983827727e-01 -6.876113486668106178e-01
4.735645809511927032e+10 -2.841915348802857566e-01 -6.317130264355691471e-01
5.051355530146055603e+10 2.093275914092987688e-01 1.222102772030573964e-01
5.367065250780184174e+10 2.280651143926423763e-01 1.068567169163349845e-01
5.682774971414312744e+10 2.492823158134134798e-01 9.536018908534597827e-02
5.998484692048441315e+10 2.735074622403343980e-01 8.873337457895802416e-02
6.314194412682569885e+10 2.994535433368438748e-01 8.577047277555538418e-02
6.629904133316697693e+10 3.250190198877153658e-01 8.342144761217466786e-02
6.945613853950827026e+10 3.488108388682438776e-01 7.878297634524411563e-02
7.261323574584954834e+10 3.704638040904590923e-01 7.044209154752785473e-02
7.577033295219082642e+10 3.901909425687309918e-01 5.835480956435278727e-02
7.892743015853211975e+10 4.083961637658131694e-01 4.323523105135135963e-02
8.208452736487339783e+10 4.255269987072141102e-01 2.622413085812471539e-02
8.524162457121469116e+10 4.420615832196537198e-01 8.948213360380978532e-03
8.839872177755596924e+10 4.585056078590867834e-01 -6.256718688381313412e-03
9.155581898389726257e+10 4.752892568479035740e-01 -1.646526802808431084e-02
9.471291619023854065e+10 4.925333091279640585e-01 -1.927231513779667157e-02
9.787001339657983398e+10 5.098786420780265782e-01 -1.459818076663118094e-02
1.010271106029211121e+11 5.266612813320618036e-01 -5.234505230483407073e-03
1.041842078092623901e+11 5.423173858375487377e-01 4.837072940839673950e-03
1.073413050156036835e+11 5.566079148577218749e-01 1.246434354559453235e-02
1.104984022219449615e+11 5.695646998304002562e-01 1.602743581093014555e-02
1.136554994282862549e+11 5.813483463539639295e-01 1.513521515571420416e-02
1.168125966346275330e+11 5.921519651766649073e-01 1.014103639802168416e-02
1.199696938409688263e+11 6.021668056534311697e-01 1.884998517330153034e-03
1.231267910473101044e+11 6.115850043529698077e-01 -8.272386803447152187e-03
1.262838882536513977e+11 6.206111309906288120e-01 -1.825575266436866434e-02
1.294409854599926758e+11 6.294490342010383710e-01 -2.532846650836497251e-02
1.325980826663339539e+11 6.382356443143603064e-01 -2.703508857470238169e-02
1.357551798726752472e+11 6.469593656550890470e-01 -2.287240950250477370e-02
1.389122770790165405e+11 6.554729027963435151e-01 -1.486078812220588928e-02
1.420693742853578186e+11 6.636097862716995310e-01 -6.085765411451330396e-03
1.452264714916990967e+11 6.712752690752924467e-01 9.935764244010721492e-04
1.483835686980403748e+11 6.784526289796557474e-01 5.064399164785271176e-03
1.515406659043816528e+11 6.851711269726499243e-01 5.700934992877990277e-03
1.546977631107229614e+11 6.914792219168220955e-01 3.018666425339137753e-03
1.578548603170642395e+11 6.974334469508545187e-01 -2.477807453264556370e-03
1.610119575234055176e+11 7.030990038031379452e-01 -9.823256092494871833e-03
1.641690547297467957e+11 7.085544386220175017e-01 -1.739244150625213550e-02
1.673261519360881042e+11 7.138874641805492693e-01 -2.290176532615929850e-02
1.704832491424293823e+11 7.191665712964102619e-01 -2.418935228348632893e-02
1.736403463487706604e+11 7.243996236289583779e-01 -2.069811080261007435e-02
1.767974435551119385e+11 7.295306749761626408e-01 -1.404016414007628472e-02
1.799545407614532166e+11 7.344878909840900638e-01 -6.759469156165614015e-03
1.831116379677945251e+11 7.392258841906124145e-01 -8.864915895908771987e-04
1.862687351741358032e+11 7.437318958327933105e-01 2.490218868223436494e-03
1.894258323804770813e+11 7.480140067494326361e-01 3.005314179937080676e-03
1.925829295868183594e+11 7.520904581786354015e-01 7.430035198065465486e-04
1.957400267931596680e+11 7.559852907615509654e-01 -3.865691311239571534e-03
1.988971239995009460e+11 7.597291267709490592e-01 -9.956360286941745574e-03
2.020542212058422241e+11 7.633615485460918393e-01 -1.605414319207856128e-02
2.052113184121835022e+11 7.669277773767237960e-01 -2.013974622588835320e-02
2.083684156185247803e+11 7.704613465824639018e-01 -2.047347156563772072e-02
2.115255128248660889e+11 7.739618250499695762e-01 -1.690111818865260365e-02
2.146826100312073669e+11 7.773968434164281183e-01 -1.106662208605608579e-02
2.178397072375486450e+11 7.807293058365072369e-01 -5.147812582304612389e-03
2.209968044438899231e+11 7.839373308123318562e-01 -7.256740025652061226e-04
2.241539016502312317e+11 7.870154837145330040e-01 1.430755173750350613e-03
2.273109988565725098e+11 7.899685751670589839e-01 1.136480885783671497e-03
2.304680960629137878e+11 7.928068115149119466e-01 -1.418592161411756560e-03
2.336251932692550659e+11 7.955441623797139261e-01 -5.722519305847995931e-03
2.367822904755963440e+11 7.981989219015193093e-01 -1.086106317441628069e-02
2.399393876819376526e+11 8.007939232107679217e-01 -1.544898565328207442e-02
2.430964848882789307e+11 8.033521557402889535e-01 -1.789504071513795674e-02
2.462535820946202087e+11 8.058860448989034753e-01 -1.722165769068221414e-02
2.494106793009614868e+11 8.083895618806187233e-01 -1.381847864294606827e-02
2.525677765073027954e+11 8.108444836161486924e-01 -9.141562967543554602e-03
2.557248737136440735e+11 8.132337573419937682e-01 -4.726695381618859285e-03
2.588819709199853516e+11 8.155483223706145868e-01 -1.590791434451772771e-03
2.620390681263266296e+11 8.177864151077283150e-01 -2.033525636738424793e-04
2.651961653326679077e+11 8.199507309452241932e-01 -6.571270955331583955e-04
2.683532625390092163e+11 8.220464944043317512e-01 -2.792706254578889054e-03
2.715103597453504944e+11 8.240809475027346398e-01 -6.215365338944896061e-03
2.746674569516917725e+11 8.260637676949807995e-01 -1.022673292484188416e-02
2.778245541580330811e+11 8.280072040760521057e-01 -1.377523057921738875e-02
2.809816513643743286e+11 8.299238269631826759e-01 -1.565143263474121429e-02
2.841387485707156372e+11 8.318209327811173504e-01 -1.508396693787335090e-02
2.872958457770568848e+11 8.336959936312645647e-01 -1.231711612888984966e-02
2.904529429833981934e+11 8.355392416705396119e-01 -8.451115709167419596e-03
2.936100401897395020e+11 8.373407169986818444e-01 -4.721316002180722324e-03
2.967671373960807495e+11 8.390945555499238484e-01 -1.994703356234805991e-03
2.999242346024220581e+11 8.407991153260870876e-01 -7.006668979740128186e-04
3.030813318087633057e+11 8.424555440866939859e-01 -9.494463071568404926e-04
3.062384290151046143e+11 8.440666523953196387e-01 -2.634448195530117443e-03
3.093955262214459229e+11 8.456365724913014192e-01 -5.451839293621359855e-03
3.125526234277871704e+11 8.471710321475000027e-01 -8.843685368881862990e-03
3.157097206341284790e+11 8.486775949722452639e-01 -1.193852411749800682e-02
3.188668178404697876e+11 8.501645378322223445e-01 -1.367598761251083254e-02
3.220239150468110352e+11 8.516373571753960148e-01 -1.329450965805071064e-02
3.251810122531523438e+11 8.530952036865975252e-01 -1.089980006153453730e-02
3.283381094594935913e+11 8.545317664555341919e-01 -7.431889798660365823e-03
3.314952066658348999e+11 8.559399238041144331e-01 -4.038188286654308644e-03
3.346523038721762085e+11 8.573151269752088410e-01 -1.560632640071927700e-03
3.378094010785174561e+11 8.586558313605736625e-01 -4.285189935199429844e-04
3.409664982848587646e+11 8.599625962688908221e-01 -7.560590979997011338e-04
3.441235954912000122e+11 8.612372870288872440e-01 -2.439218149327417560e-03
3.472806926975413208e+11 8.624828216560970207e-01 -5.176492606552867380e-03
3.504377899038826294e+11 8.637033684313025761e-01 -8.416541297639095268e-03
3.535948871102238770e+11 8.649044947312450882e-01 -1.130828880305372909e-02
3.567519843165651855e+11 8.660922290938076751e-01 -1.284185098556254491e-02
3.599090815229064331e+11 8.672703362367927271e-01 -1.234074855364337628e-02
3.630661787292477417e+11 8.684377639400692184e-01 -9.983785211424300171e-03
3.662232759355890503e+11 8.695896016951144558e-01 -6.706758652057724819e-03
3.693803731419302979e+11 8.707205968815022734e-01 -3.584463606049964092e-03
3.725374703482716064e+11 8.718274716158692650e-01 -1.379486994683441162e-03
3.756945675546129150e+11 8.729091179898974540e-01 -4.693461190367702839e-04
3.788516647609541626e+11 8.739659490007997134e-01 -9.401105289293921162e-04
3.820087619672954712e+11 8.749993753827393084e-01 -2.667019332547806640e-03
3.851658591736367188e+11 8.760116683451707464e-01 -5.324849968361378486e-03
3.883229563799780273e+11 8.770060930395509047e-01 -8.342167437666060670e-03
3.914800535863193359e+11 8.779868776496753124e-01 -1.088693365005972621e-02
3.946371507926605835e+11 8.789582568622260617e-01 -1.206045341417755559e-02
3.977942479990018921e+11 8.799223936516840094e-01 -1.137465814954152082e-02
4.009513452053431396e+11 8.808779597921089222e-01 -9.127277293565714752e-03
4.041084424116844482e+11 8.818212981234246906e-01 -6.193745940463524398e-03
4.072655396180257568e+11 8.827488402738262740e-01 -3.487843911808337187e-03
4.104226368243670044e+11 8.836584307097354873e-01 -1.636525136166586906e-03
4.135797340307083130e+11 8.845493407290632160e-01 -9.495791117477673810e-04
4.167368312370495605e+11 8.854218530757507200e-01 -1.495841392746520776e-03
4.198939284433908691e+11 8.862769695555604565e-01 -3.157252939253427787e-03
4.230510256497321777e+11 8.871163681305650472e-01 -5.624987676367742759e-03
4.262081228560734253e+11 8.879425090368643358e-01 -8.356431678182747042e-03
4.293652200624147339e+11 8.887585551930345940e-01 -1.057818417461135405e-02
4.325223172687559814e+11 8.895675633859917442e-01 -1.149172640882273333e-02
4.356794144750972900e+11 8.903709266993862226e-01 -1.071314046264574583e-02
4.388365116814385986e+11 8.911674725070882763e-01 -8.568442575754342538e-03
4.419936088877798462e+11 8.919544412340563166e-01 -5.865432892744278960e-03
4.451507060941211548e+11 8.927292147076332229e-01 -3.419927317392153915e-03
4.483078033004624634e+11 8.934902053914564046e-01 -1.789249069412207453e-03
4.514649005068037109e+11 8.942368561740399180e-01 -1.250706987480030554e-03
4.546219977131450195e+11 8.949693706533199400e-01 -1.861137000847700937e-03
4.577790949194862671e+11 8.956885383079297158e-01 -3.493711211867783339e-03
4.609361921258275757e+11 8.963957273175829910e-01 -5.826657596951925235e-03
4.640932893321688843e+11 8.970929453528747599e-01 -8.309780111494880286e-03
4.672503865385101318e+11 8.977826781771742759e-01 -1.020033223721582803e-02
4.704074837448514404e+11 8.984671231607904707e-01 -1.080395756753473047e-02
4.735645809511926880e+11 8.991470074750176344e-01 -9.879996411510830884e-03
4.767216781575339966e+11 8.998211663085564638e-01 -7.821932566398868969e-03
4.798787753638753052e+11 9.004874773812934219e-01 -5.378181128868232165e-03
4.830358725702165527e+11 9.011440766031595384e-01 -3.248236871723473619e-03
4.861929697765578613e+11 9.017898768536692922e-01 -1.893473884088084326e-03
4.893500669828991089e+11 9.024245170749948253e-01 -1.537531269034738681e-03
4.925071641892404175e+11 9.030481783067363377e-01 -2.215552090495012498e-03
4.956642613955817261e+11 9.036614841378488583e-01 -3.797327782634252191e-03
4.988213586019229736e+11 9.042655134477726175e-01 -5.971335080467798581e-03
5.019784558082642822e+11 9.048618349393960925e-01 -8.219509172533993879e-03
5.051355530146055908e+11 9.054523363900628397e-01 -9.869121264080285214e-03
5.082926502209468384e+11 9.060385972647301278e-01 -1.032915154158089120e-02
5.114497474272881470e+11 9.066210365561626627e-01 -9.437778794271623264e-03
5.146068446336293945e+11 9.071987048840867152e-01 -7.577234007015935108e-03
5.177639418399707031e+11 9.077700191248226913e-01 -5.408884365704602973e-03
5.209210390463120117e+11 9.083336166702136172e-01 -3.536783537709556943e-03
5.240781362526532593e+11 9.088886988021966928e-01 -2.359506843199652825e-03
5.272352334589945679e+11 9.094349881875298802e-01 -2.074006648510263919e-03
5.303923306653358154e+11 9.099726035797740531e-01 -2.715379667493976294e-03
5.335494278716771240e+11 9.105019998335135423e-01 -4.172069288824943600e-03
5.367065250780184326e+11 9.110239933058731365e-01 -6.165474368549072985e-03
5.398636222843596802e+11 9.115398052037977372e-01 -8.220203271435376491e-03
5.430207194907009888e+11 9.120509397163537590e-01 -9.706512909178427462e-03
5.461778166970422363e+11 9.125586770737708076e-01 -1.006327563046463883e-02
5.493349139033835449e+11 9.130633538537133997e-01 -9.138596214731942863e-03
5.524920111097248535e+11 9.135641667913425579e-01 -7.309134884597755406e-03
5.556491083160661621e+11 9.140597810727794093e-01 -5.222459391011113720e-03
5.588062055224073486e+11 9.145490516884429155e-01 -3.465516809277665797e-03
5.619633027287486572e+11 9.150313156378135915e-01 -2.418521475338272081e-03
5.651203999350899658e+11 9.155063602792264943e-01 -2.257463512721652812e-03
5.682774971414312744e+11 9.159743233912105431e-01 -2.990774056526800898e-03
5.714345943477725830e+11 9.164356451024365802e-01 -4.473178434596019291e-03
5.745916915541137695e+11 9.168910787035486898e-01 -6.391214140983062127e-03
5.777487887604550781e+11 9.173416874659012787e-01 -8.254985622941241399e-03
5.809058859667963867e+11 9.177886712997891383e-01 -9.478069877989188721e-03
5.840629831731376953e+11 9.182329085783178524e-01 -9.614792293824368091e-03
5.872200803794790039e+11 9.186744678205218673e-01 -8.631836053718210805e-03
5.903771775858201904e+11 9.191126186539538834e-01 -6.927144948277203819e-03
5.935342747921614990e+11 9.195463483700452301e-01 -5.070934075860342345e-03
5.966913719985028076e+11 9.199748371994571627e-01 -3.551791142807040821e-03
5.998484692048441162e+11 9.203976156120445840e-01 -2.683936892267602299e-03
6.030055664111854248e+11 9.208145293794441910e-01 -2.616728601433008020e-03
6.061626636175266113e+11 9.212256803598386501e-01 -3.358686408080522549e-03
6.093197608238679199e+11 9.216314119961548368e-01 -4.777794617677389409e-03
6.124768580302092285e+11 9.220323344284725442e-01 -6.579140579980544308e-03
6.156339552365505371e+11 9.224293218518252457e-01 -8.297403735982167641e-03
6.187910524428918457e+11 9.228233488717795252e-01 -9.384953114840267202e-03
6.219481496492331543e+11 9.232150911677112770e-01 -9.449336333242923727e-03
6.251052468555743408e+11 9.236045432975894531e-01 -8.497178522091471814e-03
6.282623440619156494e+11 9.239910780078182118e-01 -6.919820389933041722e-03
6.314194412682569580e+11 9.243738838352013598e-01 -5.239861328095102473e-03
6.345765384745982666e+11 9.247523259316414723e-01 -3.890040012709983230e-03
6.377336356809395752e+11 9.251260480473720849e-01 -3.143439921439295133e-03
6.408907328872807617e+11 9.254949359940358722e-01 -3.128281658167442972e-03
6.440478300936220703e+11 9.258590732665656908e-01 -3.848755193004702209e-03
6.472049272999633789e+11 9.262187379847470758e-01 -5.180392368299703044e-03
6.503620245063046875e+11 9.265744323602312926e-01 -6.843868197405395329e-03
6.535191217126459961e+11 9.269268824682322938e-01 -8.396964756219224210e-03
6.566762189189871826e+11 9.272768902668157009e-01 -9.326148628092775089e-03
6.598333161253284912e+11 9.276249842207511254e-01 -9.282912330915099944e-03
6.629904133316697998e+11 9.279711095546328004e-01 -8.308282273173631452e-03
6.661475105380111084e+11 9.283147116509909980e-01 -6.794683035323546318e-03
6.693046077443524170e+11 9.286551154540222397e-01 -5.234827256819210052e-03
6.724617049506936035e+11 9.289918115455712000e-01 -4.022374848326835430e-03
6.756188021570349121e+11 9.293245240361058812e-01 -3.398146515923661758e-03
6.787758993633762207e+11 9.296531736156948833e-01 -3.469169717174755592e-03
6.819329965697175293e+11 9.299778417998506574e-01 -4.227990136982793211e-03
6.850900937760588379e+11 9.302987728881872975e-01 -5.545489523889392605e-03
6.882471909824000244e+11 9.306164028190757609e-01 -7.143352717413680060e-03
6.914042881887413330e+11 9.309313568622499258e-01 -8.588280402425823787e-03
6.945613853950826416e+11 9.312443100383324124e-01 -9.390654808657675559e-03
6.977184826014239502e+11 9.315556747141361393e-01 -9.243365519542702177e-03
7.008755798077652588e+11 9.318653497760713833e-01 -8.227378520473394019e-03
7.040326770141064453e+11 9.321728274559590854e-01 -6.746485460609513186e-03
7.071897742204477539e+11 9.324775303826278172e-01 -5.274392572062091417e-03
7.103468714267890625e+11 9.327790414732552993e-01 -4.173766298219961507e-03
7.135039686331303711e+11 9.330771472714078918e-01 -3.656108846437555390e-03
7.166610658394716797e+11 9.333718018902112945e-01 -3.803901423613251839e-03
7.198181630458128662e+11 9.336630972919851557e-01 -4.588784896522071256e-03
7.229752602521541748e+11 9.339512647970664716e-01 -5.865082786614120823e-03
7.261323574584954834e+11 9.342366931292330756e-01 -7.349214792956693110e-03
7.292894546648367920e+11 9.345199098643451885e-01 -8.628730363400571174e-03
7.324465518711781006e+11 9.348014453961643877e-01 -9.272292992222793198e-03
7.356036490775192871e+11 9.350815803220338118e-01 -9.047289969218193575e-03
7.387607462838605957e+11 9.353601824901245365e-01 -8.071821842561954091e-03
7.419178434902019043e+11 9.356368261718965851e-01 -6.725912426797835478e-03
7.450749406965432129e+11 9.359110546234667982e-01 -5.430096257064955835e-03
7.482320379028845215e+11 9.361825440107004459e-01 -4.500714230697117069e-03
7.513891351092258301e+11 9.364511310002764377e-01 -4.120529444855635347e-03
7.545462323155670166e+11 9.367167869054051632e-01 -4.356181786147507104e-03
7.577033295219083252e+11 9.369795992550540298e-01 -5.169780527078789156e-03
7.608604267282496338e+11 9.372397769801165124e-01 -6.409450217992277571e-03
7.640175239345909424e+11 9.374976637693174242e-01 -7.791770546922188907e-03
7.671746211409322510e+11 9.377537109492143363e-01 -8.921193650797127131e-03
7.703317183472734375e+11 9.380083454087096984e-01 -9.410403880077166869e-03
7.734888155536147461e+11 9.382617561712393028e-01 -9.085942150683722074e-03
7.766459127599560547e+11 9.385137877975046061e-01 -8.101414520435560457e-03
7.798030099662973633e+11 9.387640685943090535e-01 -6.826327870278346872e-03
7.829601071726386719e+11 9.390122266778393456e-01 -5.642366018148356303e-03
7.861172043789798584e+11 9.392580095284314146e-01 -4.825443451611215878e-03
7.892743015853211670e+11 9.395012970104281713e-01 -4.528360093852212831e-03
7.924313987916624756e+11 9.397420778141534203e-01 -4.799266490775585918e-03
7.955884959980037842e+11 9.399804349086504640e-01 -5.591919651145957348e-03
7.987455932043450928e+11 9.402165508387465565e-01 -6.756255908933487576e-03
8.019026904106862793e+11 9.404507188917539118e-01 -8.022400742258854051e-03
8.050597876170275879e+11 9.406833182406918459e-01 -9.021233108041218363e-03
8.082168848233688965e+11 9.409146991263669380e-01 -9.400759808441416093e-03
8.113739820297102051e+11 9.411450026369810873e-01 -9.018452952399318850e-03
8.145310792360515137e+11 9.413740776262602417e-01 -8.039329582194706947e-03
8.176881764423927002e+11 9.416015969036067856e-01 -6.823085811543060618e-03
8.208452736487340088e+11 9.418272420546599522e-01 -5.730952075639061949e-03
8.240023708550753174e+11 9.420508031230884205e-01 -5.016830467530819515e-03
8.271594680614166260e+11 9.422721881101986385e-01 -4.812669485226793095e-03
8.303165652677579346e+11 9.424914020196446529e-01 -5.146796007192491751e-03
8.334736624740991211e+11 9.427085333846758619e-01 -5.954748039914107768e-03
8.366307596804404297e+11 9.429237562184311638e-01 -7.073301297686945127e-03
8.397878568867817383e+11 9.431373332077054306e-01 -8.232734735242493856e-03
8.429449540931230469e+11 9.433495833822027610e-01 -9.089366145164756716e-03
8.461020512994643555e+11 9.435607765207469910e-01 -9.344719331061783485e-03
8.492591485058055420e+11 9.437709922303242349e-01 -8.912249654150690772e-03
8.524162457121468506e+11 9.439800772575541732e-01 -7.976296172921684691e-03
8.555733429184881592e+11 9.441877553063066086e-01 -6.872267976928306092e-03
8.587304401248294678e+11 9.443937716772817792e-01 -5.919649307241797893e-03
8.618875373311707764e+11 9.445979645423594473e-01 -5.335883228781708454e-03
8.650446345375119629e+11 9.448002686862976285e-01 -5.228070688530788400e-03
8.682017317438532715e+11 9.450006982168427383e-01 -5.609793733827041738e-03
8.713588289501945801e+11 9.451993359904403702e-01 -6.410452467115954067e-03
8.745159261565358887e+11 9.453963348504572650e-01 -7.470442965100037962e-03
8.776730233628771973e+11 9.455919182618226504e-01 -8.536791936328712652e-03
8.808301205692185059e+11 9.457863502342093165e-01 -9.297151475682777916e-03
8.839872177755596924e+11 9.459798465588976635e-01 -9.490092936306820590e-03
8.871443149819010010e+11 9.461724623935361400e-01 -9.051203606324376844e-03
8.903014121882423096e+11 9.463640626674107992e-01 -8.158910458384254286e-03
8.934585093945836182e+11 9.465544135231989120e-01 -7.124637114251768273e-03
8.966156066009249268e+11 9.467432999488742951e-01 -6.243894528236582780e-03
8.997727038072661133e+11 9.469305846908577795e-01 -5.718405477329912764e-03
9.029298010136074219e+11 9.471162128176955353e-01 -5.646788112383510291e-03
9.060868982199487305e+11 9.473001988972341580e-01 -6.037873829526091071e-03
9.092439954262900391e+11 9.474826194481162922e-01 -6.817495494046654954e-03
9.124010926326313477e+11 9.476636144626499059e-01 -7.823301731254176522e-03
9.155581898389725342e+11 9.478433856764176824e-01 -8.803684750772436396e-03
9.187152870453138428e+11 9.480221638009506124e-01 -9.459256695228067044e-03
9.218723842516551514e+11 9.482001241754772769e-01 -9.557912274784171117e-03
9.250294814579964600e+11 9.483772923731503823e-01 -9.069388454420989829e-03
9.281865786643377686e+11 9.485535335399873924e-01 -8.187697757920005259e-03
9.313436758706789551e+11 9.487286414281396185e-01 -7.212897757356881434e-03
9.345007730770202637e+11 9.489024366283901335e-01 -6.414870746930652345e-03
9.376578702833615723e+11 9.490748101257595604e-01 -5.970052573984288916e-03
9.408149674897028809e+11 9.492457236062680215e-01 -5.957865353364357429e-03
9.439720646960441895e+11 9.494151982312339921e-01 -6.373614603845945137e-03
9.471291619023853760e+11 9.495833088692463564e-01 -7.133910991603862640e-03
9.502862591087266846e+11 9.497501846193592279e-01 -8.073030769598416381e-03
9.534433563150679932e+11 9.499160029810587158e-01 -8.948456339089078462e-03
9.566004535214093018e+11 9.500809548217662437e-01 -9.490310271920716911e-03
9.597575507277506104e+11 9.502451708191660407e-01 -9.511242549861230813e-03
9.629146479340917969e+11 9.504086527875953427e-01 -9.013838160198312660e-03
9.660717451404331055e+11 9.505712789745018876e-01 -8.189180993453396701e-03
9.692288423467744141e+11 9.507328796668137461e-01 -7.306849428187171293e-03
9.723859395531157227e+11 9.508933107300246990e-01 -6.603791544837341390e-03
9.755430367594570312e+11 9.510524842220163810e-01 -6.235769465313707217e-03
9.787001339657982178e+11 9.512103686392119339e-01 -6.274378187331212768e-03
9.818572311721395264e+11 9.513669824124466601e-01 -6.714480014051876083e-03
9.850143283784808350e+11 9.515223923771055636e-01 -7.474004251407710860e-03
9.881714255848221436e+11 9.516767161160227806e-01 -8.387495723794980568e-03
9.913285227911634521e+11 9.518301151469642507e-01 -9.214019153606169826e-03
9.944856199975046387e+11 9.519827580526649680e-01 -9.694129584977385222e-03
9.976427172038459473e+11 9.521347503003032564e-01 -9.663912299521366239e-03
1.000799814410187256e+12 9.522860778758764910e-01 -9.151184287459522906e-03
1.003956911616528564e+12 9.524366231778279568e-01 -8.355602507617774372e-03
1.007114008822869873e+12 9.525862365390425079e-01 -7.535018705038389747e-03
1.010271106029211182e+12 9.527347969252859539e-01 -6.905721423558486109e-03
1.013428203235552368e+12 9.528822337813193100e-01 -6.604480404765055920e-03
1.016585300441893677e+12 9.530285254135100192e-01 -6.688846042895670550e-03
1.019742397648234985e+12 9.531736936973913554e-01 -7.143628457986701472e-03
1.022899494854576294e+12 9.533178031518255713e-01 -7.880079659306350737e-03
1.026056592060917603e+12 9.534609615368762059e-01 -8.732336478077131967e-03
1.029213689267258789e+12 9.536033099418086412e-01 -9.471911123390160461e-03
1.032370786473600098e+12 9.537449870114342865e-01 -9.868140056585405703e-03
1.035527883679941406e+12 9.538860708848136971e-01 -9.790680009306211573e-03
1.038684980886282715e+12 9.540265401121243993e-01 -9.282448638612401243e-03
1.041842078092624023e+12 9.541662929099059554e-01 -8.530739808690724485e-03
1.044999175298965210e+12 9.543052045978516196e-01 -7.768336215869794080e-03
1.048156272505306519e+12 9.544431738513716734e-01 -7.191325444225693704e-03
1.051313369711647827e+12 9.545801401199324188e-01 -6.926470179642564388e-03
1.054470466917989136e+12 9.547160844657557321e-01 -7.027655870544396825e-03
1.057627564124330444e+12 9.548510278743195245e-01 -7.476765521372221238e-03
1.060784661330671631e+12 9.549850317891683815e-01 -8.180393339469611488e-03
1.063941758537012939e+12 9.551181968021591473e-01 -8.969769217674184933e-03
1.067098855743354248e+12 9.552506487069520880e-01 -9.624294527916228345e-03
1.070255952949695557e+12 9.553825021927531136e-01 -9.938319722885887580e-03
1.073413050156036865e+12 9.555138124831505930e-01 -9.813707162520231286e-03
1.076570147362378052e+12 9.556445511566914464e-01 -9.309679724557370223e-03
1.079727244568719360e+12 9.557746288945934143e-01 -8.603842908354154481e-03
1.082884341775060669e+12 9.559039415227490455e-01 -7.906505793905789503e-03
1.086041438981401978e+12 9.560324037363719940e-01 -7.396057583374961338e-03
1.089198536187743286e+12 9.561599619979027631e-01 -7.192937969313716040e-03
1.092355633394084473e+12 9.562865974143502923e-01 -7.352382379849109820e-03
1.095512730600425781e+12 9.564123286120604917e-01 -7.856839965471189985e-03
1.098669827806767090e+12 9.565372164843338743e-01 -8.604291188400234672e-03
1.101826925013108398e+12 9.566613640356895765e-01 -9.405803594173367532e-03
1.104984022219449707e+12 9.567848977354156403e-01 -1.002017058572245850e-02
1.108141119425791016e+12 9.569079223208882823e-01 -1.024392682495105060e-02
1.111298216632132324e+12 9.570304704441525701e-01 -1.001561082511893963e-02
1.114455313838473633e+12 9.571524915323549321e-01 -9.443159890197370260e-03
1.117612411044814697e+12 9.572738897909179867e-01 -8.730261367629298108e-03
1.120769508251156006e+12 9.573945718671943439e-01 -8.079965511555896318e-03
1.123926605457497314e+12 9.575144722231991867e-01 -7.641752174543131604e-03
1.127083702663838623e+12 9.576335578784324065e-01 -7.500187610261708528e-03
1.130240799870179932e+12 9.577518258922758099e-01 -7.678455382934807824e-03
1.133397897076521240e+12 9.578693014210724055e-01 -8.140706926117655812e-03
1.136554994282862549e+12 9.579860372062469764e-01 -8.791363555179156075e-03
1.139712091489203857e+12 9.581021107368358214e-01 -9.479308013766556129e-03
1.142869188695545166e+12 9.582176124650721993e-01 -1.002154325268701796e-02
1.146026285901886475e+12 9.583326204950464167e-01 -1.025727712887018056e-02
1.149183383108227539e+12 9.584471694745120285e-01 -1.011685554790982440e-02
1.152340480314568848e+12 9.585612354123558276e-01 -9.658009387264156892e-03
1.155497577520910156e+12 9.586747499957720686e-01 -9.037706963223115370e-03
1.158654674727251465e+12 9.587876317639438817e-01 -8.445398259878490049e-03
1.161811771933592773e+12 9.588998128264069054e-01 -8.044178079188493355e-03
1.164968869139934082e+12 9.590112535332891985e-01 -7.937252810376504292e-03
1.168125966346275391e+12 9.591219487828938073e-01 -8.152175622365245497e-03
1.171283063552616699e+12 9.592319295926385880e-01 -8.635185010504918199e-03
1.174440160758958008e+12 9.593412593277841349e-01 -9.257398715393093738e-03
1.177597257965299316e+12 9.594500213314467452e-01 -9.840880999711389826e-03
1.180754355171640381e+12 9.595582960466740863e-01 -1.020999498115715380e-02
1.183911452377981689e+12 9.596661333556777418e-01 -1.025592408349705609e-02
1.187068549584322998e+12 9.597735354753019754e-01 -9.978830385163407410e-03
1.190225646790664307e+12 9.598804624060898183e-01 -9.478139379469650155e-03
1.193382743997005615e+12 9.599868537703692972e-01 -8.903470691878133045e-03
1.196539841203346924e+12 9.600926506017352091e-01 -8.404096594385710578e-03
1.199696938409688232e+12 9.601978083083991811e-01 -8.098011859732304890e-03
1.202854035616029541e+12 9.603023025439519911e-01 -8.057118810224188354e-03
1.206011132822370850e+12 9.604061324192328941e-01 -8.298327036313925265e-03
1.209168230028712158e+12 9.605093229115235776e-01 -8.776230413965750016e-03
1.212325327235053223e+12 9.606119249060826037e-01 -9.381209040937425053e-03
1.215482424441394531e+12 9.607140086907133281e-01 -9.953441662175165766e-03
1.218639521647735840e+12 9.608156466384427663e-01 -1.032412375718608048e-02
1.221796618854077148e+12 9.609168873327066374e-01 -1.037954167628075963e-02
1.224953716060418457e+12 9.610177354349029866e-01 -1.011307389252557969e-02
1.228110813266759766e+12 9.611181532194732480e-01 -9.624290765737349151e-03
1.231267910473101074e+12 9.612180817079651884e-01 -9.068306266320227960e-03
1.234425007679442383e+12 9.613174641815689370e-01 -8.597526610976657588e-03
1.237582104885783691e+12 9.614162603665971085e-01 -8.325515540642871096e-03
1.240739202092125000e+12 9.615144516798763696e-01 -8.312689805892493206e-03
1.243896299298466309e+12 9.616120422055070005e-01 -8.562497300361814057e-03
1.247053396504807373e+12 9.617090582059787396e-01 -9.021168927017228154e-03
1.250210493711148682e+12 9.618055459886519776e-01 -9.581641471765834847e-03
1.253367590917489990e+12 9.619015655210491067e-01 -1.009866790620809855e-02
1.256524688123831299e+12 9.619971765460267887e-01 -1.042421023992769896e-02
1.259681785330172607e+12 9.620924184042426441e-01 -1.046081395410744866e-02
1.262838882536513916e+12 9.621872940296214427e-01 -1.020569122542570178e-02
1.265995979742855225e+12 9.622817708137110237e-01 -9.750921341316529795e-03
1.269153076949196533e+12 9.623757978596414464e-01 -9.239415708114925158e-03
1.272310174155537842e+12 9.624693262430237262e-01 -8.811456368769621239e-03
1.275467271361879150e+12 9.625623217855654445e-01 -8.570072332807177409e-03
1.278624368568220215e+12 9.626547696554699218e-01 -8.567691198944561021e-03
1.281781465774561523e+12 9.627466746522070906e-01 -8.804144792279686160e-03
1.284938562980902832e+12 9.628380601791679538e-01 -9.228134410966187112e-03
1.288095660187244141e+12 9.629289663760048912e-01 -9.740982958126311389e-03
1.291252757393585449e+12 9.630194452389828630e-01 -1.020883862226744376e-02
1.294409854599926758e+12 9.631095492006457315e-01 -1.049361437458889643e-02
1.297566951806268066e+12 9.631993131628414639e-01 -1.050347011524762654e-02
1.300724049012609375e+12 9.632887391273742272e-01 -1.023759443250467360e-02
1.303881146218950684e+12 9.633777962452595434e-01 -9.788383506938155842e-03
1.307038243425291992e+12 9.634664370563890134e-01 -9.297289012506069344e-03
1.310195340631633057e+12 9.635546170206216177e-01 -8.899977657420012414e-03
1.313352437837974365e+12 9.636423064537867900e-01 -8.691907203922944955e-03
1.316509535044315674e+12 9.637294940510258145e-01 -8.717270629916149677e-03
1.319666632250656982e+12 9.638161862317944362e-01 -8.969693710338896148e-03
1.322823729456998291e+12 9.639024057510567900e-01 -9.395008644887034230e-03
1.325980826663339600e+12 9.639881901668737596e-01 -9.894458255881009162e-03
1.329137923869680908e+12 9.640735876515237335e-01 -1.033580632147188677e-02
1.332295021076022217e+12 9.641586460521910373e-01 -1.058489080129355366e-02
1.335452118282363525e+12 9.642433952056714830e-01 -1.055842760110712458e-02
1.338609215488704834e+12 9.643278326641788745e-01 -1.026822513483143136e-02
1.341766312695045898e+12 9.644119259116894494e-01 -9.816826812060195848e-03
1.344923409901387207e+12 9.644956298862815691e-01 -9.346536488028776152e-03
1.348080507107728516e+12 9.645789053570051896e-01 -8.984472403555678749e-03
1.351237604314069824e+12 9.646617282829365037e-01 -8.813732949735668051e-03
1.354394701520411133e+12 9.647440911557840781e-01 -8.868339961316813735e-03
1.357551798726752441e+12 9.648260013964186088e-01 -9.137043075956767860e-03
1.360708895933093750e+12 9.649074801694579318e-01 -9.565862943680820615e-03
1.363865993139435059e+12 9.649885617609608168e-01 -1.005889294308367696e-02
1.367023090345776367e+12 9.650692904256258364e-01 -1.048701013533519417e-02
1.370180187552117676e+12 9.651497100468175994e-01 -1.071951308542789041e-02
1.373337284758458984e+12 9.652298466806445987e-01 -1.067934761045362911e-02
1.376494381964800049e+12 9.653096951387264424e-01 -1.038715798920348231e-02
1.379651479171141357e+12 9.653892228371073747e-01 -9.951306861888838118e-03
1.382808576377482666e+12 9.654683878810250697e-01 -9.511845520213519506e-03
1.385965673583823975e+12 9.655471558914691110e-01 -9.187078198513450034e-03
1.389122770790165283e+12 9.656255070249111228e-01 -9.050473335349850171e-03
1.392279867996506592e+12 9.657034357600361441e-01 -9.130413016243055929e-03
1.395436965202847900e+12 9.657809489619397780e-01 -9.415484971182653401e-03
1.398594062409189209e+12 9.658580653941342131e-01 -9.855114481620162042e-03
1.401751159615530518e+12 9.659348165799123143e-01 -1.035571102460663105e-02
1.404908256821871826e+12 9.660112453783205044e-01 -1.078422895803843838e-02
1.408065354028212891e+12 9.660873961091714923e-01 -1.100001038800790462e-02
1.411222451234554199e+12 9.661632949074697718e-01 -1.092039540506097549e-02
1.414379548440895508e+12 9.662389336747656543e-01 -1.057614808405103746e-02
1.417536645647236816e+12 9.663142751259690133e-01 -1.009698232058825473e-02
1.420693742853578125e+12 9.663892747603255451e-01 -9.639203164133433241e-03
1.423850840059919434e+12 9.664638995314402958e-01 -9.322803942622928663e-03
1.427007937266260742e+12 9.665381338174191539e-01 -9.210403229138018275e-03
1.430165034472602051e+12 9.666119773937754678e-01 -9.313005624904686225e-03
1.433322131678943359e+12 9.666854421244017725e-01 -9.600235621836514938e-03
1.436479228885284668e+12 9.667585501937904224e-01 -1.000544497490141183e-02
1.439636326091625732e+12 9.668313329541449175e-01 -1.042878244176772759e-02
1.442793423297967041e+12 9.669038269422763898e-01 -1.075025384429336740e-02
1.445950520504308350e+12 9.669760637620081756e-01 -1.086480186599904363e-02
1.449107617710649658e+12 9.670480563455415846e-01 -1.073126755676564147e-02
1.452264714916990967e+12 9.671197920470476772e-01 -1.039841397015847137e-02
1.455421812123332275e+12 9.671912400230608942e-01 -9.980573037790100438e-03
1.458578909329673584e+12 9.672623665624039413e-01 -9.604175171482856946e-03
1.461736006536014893e+12 9.673331467724557431e-01 -9.366093063957223880e-03
1.464893103742356201e+12 9.674035686566482273e-01 -9.318408795858474855e-03
1.468050200948697510e+12 9.674736326483663884e-01 -9.469192768961121748e-03
1.471207298155038574e+12 9.675433503276745784e-01 -9.786195559962004853e-03
1.474364395361379883e+12 9.676127436366445123e-01 -1.019874621185970325e-02
1.477521492567721191e+12 9.676818432273417425e-01 -1.060283982809922219e-02
1.480678589774062500e+12 9.677506828268354067e-01 -1.088107744532172856e-02
1.483835686980403809e+12 9.678192880619053140e-01 -1.094380430616539480e-02
1.486992784186745117e+12 9.678876647346479345e-01 -1.077350603294059683e-02
1.490149881393086426e+12 9.679557963295617462e-01 -1.043577024653242168e-02
1.493306978599427734e+12 9.680236535901736161e-01 -1.004504251864821868e-02
1.496464075805769043e+12 9.680912077990111442e-01 -9.715546979425801130e-03
1.499621173012110352e+12 9.681584391796911326e-01 -9.529540773577966847e-03
1.502778270218451660e+12 9.682253393156680099e-01 -9.527544820998065309e-03
1.505935367424792725e+12 9.682919107047571750e-01 -9.709207018536072931e-03
1.509092464631134033e+12 9.683581659840180267e-01 -1.003537601319703584e-02
1.512249561837475342e+12 9.684241271595515066e-01 -1.043014259852846279e-02
1.515406659043816650e+12 9.684898231352704334e-01 -1.078947940338795264e-02
1.518563756250157959e+12 9.685552831056057910e-01 -1.100622944388869595e-02
1.521720853456499268e+12 9.686205260382891868e-01 -1.101114757142379087e-02
1.524877950662840576e+12 9.686855521617581122e-01 -1.080721589493187362e-02
1.528035047869181885e+12 9.687503437354531011e-01 -1.046816924763602392e-02
1.531192145075523193e+12 9.688148746003523160e-01 -1.010214204861382796e-02
1.534349242281864502e+12 9.688791207815954376e-01 -9.810272194864702588e-03
1.537506339488205566e+12 9.689430665596722170e-01 -9.662436776537363867e-03
1.540663436694546875e+12 9.690067061676972404e-01 -9.689906200886298782e-03
1.543820533900888184e+12 9.690700435779028288e-01 -9.885438698994072557e-03
1.546977631107229492e+12 9.691330919413720935e-01 -1.020470355751345627e-02
1.550134728313570801e+12 9.691958724963205540e-01 -1.056983123558740724e-02
1.553291825519912109e+12 9.692584113693015757e-01 -1.088161046573057726e-02
1.556448922726253418e+12 9.693207327811613760e-01 -1.104676291968522718e-02
1.559606019932594727e+12 9.693828501044695622e-01 -1.101485696392434308e-02
1.562763117138936035e+12 9.694447602920356344e-01 -1.080227908546477558e-02
1.565920214345277344e+12 9.695064463688685130e-01 -1.048329722950448045e-02
1.569077311551618408e+12 9.695678859348043632e-01 -1.015583238508265158e-02
1.572234408757959717e+12 9.696290594645136096e-01 -9.907295012944119725e-03
1.575391505964301025e+12 9.696899548238584465e-01 -9.795523454173699074e-03
1.578548603170642334e+12 9.697505684971634565e-01 -9.843099372459845203e-03
1.581705700376983643e+12 9.698109053277601532e-01 -1.003775153977691688e-02
1.584862797583324951e+12 9.698709777966555423e-01 -1.033466426017684743e-02
1.588019894789666260e+12 9.699308046291745811e-01 -1.066165660346479228e-02
1.591176991996007568e+12 9.699904076554544119e-01 -1.093195539743848331e-02
1.594334089202348877e+12 9.700498061533484595e-01 -1.106816632288529743e-02
1.597491186408690186e+12 9.701090100918929870e-01 -1.103167457074493221e-02
1.600648283615031250e+12 9.701680162736691093e-01 -1.084021936246341161e-02
1.603805380821372559e+12 9.702268104770991330e-01 -1.055970834407059418e-02
1.606962478027713867e+12 9.702853740701730123e-01 -1.027625468947845379e-02
1.610119575234055176e+12 9.703436906998548217e-01 -1.006726258187849374e-02
1.613276672440396484e+12 9.704017502890794900e-01 -9.983735389336657190e-03
1.616433769646737793e+12 9.704595504090972602e-01 -1.004375826612858777e-02
1.619590866853079102e+12 9.705170962056715034e-01 -1.023218919910089467e-02
1.622747964059420410e+12 9.705743996056547251e-01 -1.050348652713914942e-02
1.625905061265761719e+12 9.706314776079965068e-01 -1.078865775971065040e-02
1.629062158472103027e+12 9.706883488915170055e-01 -1.100994176018562504e-02
1.632219255678444336e+12 9.707450285646881394e-01 -1.110428936621515525e-02
1.635376352884785400e+12 9.708015228893202009e-01 -1.104759920144932767e-02
1.638533450091126709e+12 9.708578273047301366e-01 -1.086452316693572485e-02
1.641690547297468018e+12 9.709139292995646597e-01 -1.061631229729512529e-02
1.644847644503809326e+12 9.709698139235535264e-01 -1.037625555408006051e-02
1.648004741710150635e+12 9.710254684442032325e-01 -1.020851497001854132e-02
1.651161838916491943e+12 9.710808845979217452e-01 -1.015760838474686831e-02
1.654318936122833252e+12 9.711360590883959532e-01 -1.024576714133246941e-02
1.657476033329174561e+12 9.711909937348637278e-01 -1.047183629773288868e-02
1.660633130535515869e+12 9.712456963366750129e-01 -1.080677135075029487e-02
1.663790227741857178e+12 9.713001822877960212e-01 -1.118546572273251827e-02
1.666947324948198242e+12 9.713544748571855125e-01 -1.150461677602699143e-02
1.670104422154539551e+12 9.714085995798797946e-01 -1.164841326846304329e-02
1.673261519360880859e+12 9.714625709788212715e-01 -1.155138748418571733e-02
1.676418616567222168e+12 9.715163817125845869e-01 -1.125122142745936527e-02
1.679575713773563477e+12 9.715700077655585742e-01 -1.086583912911954358e-02
1.682732810979904785e+12 9.716234245079484744e-01 -1.051774623039757571e-02
1.685889908186246094e+12 9.716766172632675946e-01 -1.028328593324150803e-02
1.689047005392587402e+12 9.717295818382847283e-01 -1.018932185629458330e-02
1.692204102598928711e+12 9.717823207109774764e-01 -1.023082681318402375e-02
1.695361199805270020e+12 9.718348397327148946e-01 -1.038630441713335809e-02
1.698518297011611084e+12 9.718871467016142462e-01 -1.062440637055490043e-02
1.701675394217952393e+12 9.719392514506021152e-01 -1.090327614947666016e-02
1.704832491424293701e+12 9.719911665181313332e-01 -1.116701160667200876e-02
1.707989588630635010e+12 9.720429068111318127e-01 -1.134704203888429151e-02
1.711146685836976318e+12 9.720944860417245481e-01 -1.137959945952418672e-02
1.714303783043317627e+12 9.721459094871425233e-01 -1.124196397332609572e-02
1.717460880249658936e+12 9.721971683563404021e-01 -1.098144098511960771e-02
1.720617977456000244e+12 9.722482433881943775e-01 -1.069851889051207962e-02
1.723775074662341553e+12 9.722991160171736702e-01 -1.049155321536585257e-02
1.726932171868682861e+12 9.723497768388693618e-01 -1.041400892908606914e-02
1.730089269075023926e+12 9.724002264207868285e-01 -1.046959922475440737e-02
1.733246366281365234e+12 9.724504719158865162e-01 -1.062859850770940008e-02
1.736403463487706543e+12 9.725005238010042685e-01 -1.084382941029451292e-02
1.739560560694047852e+12 9.725503939818629373e-01 -1.106000437052537082e-02
1.742717657900389160e+12 9.726000944198130993e-01 -1.122062594986287902e-02
1.745874755106730469e+12 9.726496350941978841e-01 -1.127852357438928130e-02
1.749031852313071777e+12 9.726990210492931777e-01 -1.121141026858113628e-02
1.752188949519413086e+12 9.727482499589010789e-01 -1.103506770045517560e-02
1.755346046725754395e+12 9.727973124731918997e-01 -1.080220453691282077e-02
1.758503143932095703e+12 9.728461959425172001e-01 -1.058353439866390952e-02
1.761660241138437012e+12 9.728948893604910664e-01 -1.044206802707223387e-02
1.764817338344778076e+12 9.729433867746499764e-01 -1.041500276374266246e-02
1.767974435551119385e+12 9.729916882429490155e-01 -1.050822963661488321e-02
1.771131532757460693e+12 9.730397991823566128e-01 -1.069922946879250242e-02
1.774288629963802002e+12 9.730877292073700779e-01 -1.094271256504630342e-02
1.777445727170143311e+12 9.731354907445984859e-01 -1.117757117250122237e-02
1.780602824376484619e+12 9.731830968558138339e-01 -1.133827745798072183e-02
1.783759921582825928e+12 9.732305577289254161e-01 -1.137379668985645693e-02
1.786917018789167236e+12 9.732778767201154535e-01 -1.126939330758724121e-02
1.790074115995508545e+12 9.733250485328384105e-01 -1.105723219486633505e-02
1.793231213201849854e+12 9.733720614439554941e-01 -1.080500598957184581e-02
1.796388310408190918e+12 9.734189023096675442e-01 -1.058906770263958082e-02
1.799545407614532227e+12 9.734655611959716071e-01 -1.046913087966139071e-02
1.802702504820873535e+12 9.735120337635616572e-01 -1.047487743576079426e-02
1.805859602027214844e+12 9.735583216556922270e-01 -1.060331880395941340e-02
1.809016699233556152e+12 9.736044319021346372e-01 -1.082151057289884241e-02
1.812173796439897461e+12 9.736503758255665719e-01 -1.107205429536468541e-02
1.815330893646238770e+12 9.736961670730251983e-01 -1.128361544735534579e-02
1.818487990852580078e+12 9.737418181618994195e-01 -1.139007709221856110e-02
1.821645088058921387e+12 9.737873360888504859e-01 -1.135547388926532418e-02
1.824802185265262695e+12 9.738327194320477442e-01 -1.119100933472061930e-02
1.827959282471603760e+12 9.738779593083627395e-01 -1.095043656979002682e-02
1.831116379677945068e+12 9.739230435919745688e-01 -1.070668101787332523e-02
1.834273476884286377e+12 9.739679614458254253e-01 -1.052622553341791937e-02
1.837430574090627686e+12 9.740127060438656947e-01 -1.045341649029165459e-02
1.840587671296968994e+12 9.740572754350526052e-01 -1.050516057111287350e-02
1.843744768503310303e+12 9.741016724550294326e-01 -1.067097856875835575e-02
1.846901865709651611e+12 9.741459043216094127e-01 -1.091484395359952619e-02
1.850058962915992920e+12 9.741899818458925608e-01 -1.117926196690506406e-02
1.853216060122334229e+12 9.742339176339311901e-01 -1.139533842792321734e-02
1.856373157328675537e+12 9.742777227959799058e-01 -1.150187626075652343e-02
1.859530254535016602e+12 9.743214029577629276e-01 -1.146905926578993019e-02
1.862687351741357910e+12 9.743649559075373556e-01 -1.131296470255780881e-02
1.865844448947699219e+12 9.744083727671736250e-01 -1.108939644071501099e-02
1.869001546154040527e+12 9.744516419290281117e-01 -1.087108705813410320e-02
1.872158643360381836e+12 9.744947532612153740e-01 -1.072287891278204605e-02
1.875315740566723145e+12 9.745377008942947006e-01 -1.068495934637154164e-02
1.878472837773064453e+12 9.745804844297851766e-01 -1.076524002272050834e-02
1.881629934979405762e+12 9.746231089496028011e-01 -1.093875545595694027e-02
1.884787032185747070e+12 9.746655839254215747e-01 -1.115364164782090516e-02
1.887944129392088379e+12 9.747079208804495520e-01 -1.134479388696715135e-02
1.891101226598429688e+12 9.747501300258205603e-01 -1.145410400478458907e-02
1.894258323804770752e+12 9.747922170120305596e-01 -1.145048609705626858e-02
1.897415421011112061e+12 9.748341814267128536e-01 -1.133961402030291346e-02
1.900572518217453369e+12 9.748760177518782655e-01 -1.115865904864714493e-02
1.903729615423794678e+12 9.749177178786360143e-01 -1.096125062036403669e-02
1.906886712630135986e+12 9.749592736969057150e-01 -1.080168019367930103e-02
1.910043809836477295e+12 9.750006790053377115e-01 -1.072305735077341317e-02
1.913200907042818604e+12 9.750419308365069204e-01 -1.074890221103223624e-02
1.916358004249159912e+12 9.750830304441667762e-01 -1.087667280522257481e-02
1.919515101455501221e+12 9.751239837451169956e-01 -1.107454198957859640e-02
1.922672198661842529e+12 9.751648004966162464e-01 -1.128602758879842551e-02
1.925829295868183594e+12 9.752054916373157356e-01 -1.144632756002795376e-02
1.928986393074524902e+12 9.752460654391854611e-01 -1.150659709595846895e-02
1.932143490280866211e+12 9.752865245495140334e-01 -1.145311143556005523e-02
1.935300587487207520e+12 9.753268657588148871e-01 -1.130937669024606289e-02
1.938457684693548828e+12 9.753670822219340231e-01 -1.112249181914048805e-02
1.941614781899890137e+12 9.754071663057221064e-01 -1.094519072741400971e-02
1.944771879106231445e+12 9.754471116848010270e-01 -1.082241251074169894e-02
1.947928976312572754e+12 9.754869145185974810e-01 -1.078358624308447394e-02
1.951086073518914062e+12 9.755265741019196746e-01 -1.083818667537961820e-02
1.954243170725255371e+12 9.755660931930731916e-01 -1.097327948175606110e-02
1.957400267931596436e+12 9.756054778043953268e-01 -1.115449513973356364e-02
1.960557365137937744e+12 9.756447360536906199e-01 -1.133315822261420774e-02
1.963714462344279053e+12 9.756838760023911483e-01 -1.146024412492016760e-02
1.966871559550620361e+12 9.757229031618011028e-01 -1.150285406745149737e-02
1.970028656756961670e+12 9.757618188828520722e-01 -1.145519183396587898e-02
1.973185753963302979e+12 9.758006204404731099e-01 -1.133846872998952281e-02
1.976342851169644287e+12 9.758393025358095274e-01 -1.119131033537741279e-02
1.979499948375985596e+12 9.758778592604948621e-01 -1.105687614894617157e-02
1.982657045582326904e+12 9.759162857691383586e-01 -1.097171058522862334e-02
1.985814142788668213e+12 9.759545794226103244e-01 -1.095796345497681082e-02
1.988971239995009277e+12 9.759927404030303011e-01 -1.101902726668695445e-02
1.992128337201350586e+12 9.760307717499702163e-01 -1.113898899835926923e-02
1.995285434407691895e+12 9.760686787189504221e-01 -1.128665247652359087e-02
1.998442531614033203e+12 9.761064675063263474e-01 -1.142395479477290553e-02
2.001599628820374512e+12 9.761441436614043399e-01 -1.151670874117406707e-02
2.004756726026715820e+12 9.761817107066594890e-01 -1.154415540368983195e-02
2.007913823233057129e+12 9.762191694342609027e-01 -1.150405294420228826e-02
2.011070920439398438e+12 9.762565180505531348e-01 -1.141198622673517474e-02
2.014228017645739746e+12 9.762937530008144460e-01 -1.129592416965118779e-02
2.017385114852081055e+12 9.763308701337469753e-01 -1.118830499038133211e-02
2.020542212058422363e+12 9.763678658800076793e-01 -1.111788569785021955e-02
2.023699309264763428e+12 9.764047381967423389e-01 -1.110308867254944376e-02
2.026856406471104736e+12 9.764414870950071101e-01 -1.114815063820404073e-02
2.030013503677446045e+12 9.764781146547847346e-01 -1.124279299468654118e-02
2.033170600883787354e+12 9.765146245692666316e-01 -1.136519550175421091e-02
2.036327698090128662e+12 9.765510213775461246e-01 -1.148723075081206635e-02
2.039484795296469971e+12 9.765873095642914059e-01 -1.158075548555573785e-02
2.042641892502811279e+12 9.766234926570740438e-01 -1.162405677909242145e-02
2.045798989709152588e+12 9.766595724485168661e-01 -1.160753849853240864e-02
2.048956086915493896e+12 9.766955485544663862e-01 -1.153709726172071591e-02
2.052113184121835205e+12 9.767314185674048632e-01 -1.143325755675840549e-02
2.055270281328176270e+12 9.767671788924064957e-01 -1.132534816297643340e-02
2.058427378534517578e+12 9.768028259852155060e-01 -1.124266198274119499e-02
2.061584475740858887e+12 9.768383574604005970e-01 -1.120641011502603555e-02
2.064741572947200195e+12 9.768737726641434360e-01 -1.122543452861973420e-02
2.067898670153541504e+12 9.769090726856037854e-01 -1.129593800713634202e-02
2.071055767359882812e+12 9.769442600579878455e-01 -1.140347272417818747e-02
2.074212864566224121e+12 9.769793383877749537e-01 -1.152548785635857352e-02
2.077369961772565430e+12 9.770143119355766403e-01 -1.163428446120669778e-02
2.080527058978906738e+12 9.770491849636295800e-01 -1.170176555276567637e-02
2.083684156185248047e+12 9.770839606900442176e-01 -1.170721258131319706e-02
2.086841253391589111e+12 9.771186400944362749e-01 -1.164632106457293842e-02
2.089998350597930420e+12 9.771532213384035437e-01 -1.153579166081617272e-02
2.093155447804271729e+12 9.771877004536730915e-01 -1.140847605696076496e-02
2.096312545010613037e+12 9.772220729972247444e-01 -1.130115928189233052e-02
2.099469642216954346e+12 9.772563356223452624e-01 -1.124277374948480859e-02
2.102626739423295654e+12 9.772904868378955445e-01 -1.124855422323522113e-02
2.105783836629636963e+12 9.773245270474385515e-01 -1.131954480969428814e-02
2.108940933835978271e+12 9.773584583511523149e-01 -1.144388685540616464e-02
2.112098031042319580e+12 9.773922844197929782e-01 -1.159756669368362456e-02
2.115255128248660889e+12 9.774260103257571553e-01 -1.174549996872007243e-02
2.118412225455001953e+12 9.774596418292044175e-01 -1.184683356272781332e-02
2.121569322661343262e+12 9.774931836705529342e-01 -1.186803525340421155e-02
2.124726419867684570e+12 9.775266373726335667e-01 -1.180003981466781066e-02
2.127883517074025879e+12 9.775600002521145360e-01 -1.166630395315420773e-02
2.131040614280367188e+12 9.775932667969009504e-01 -1.151255096859329051e-02
2.134197711486708496e+12 9.776264313276639140e-01 -1.138630866031241015e-02
2.137354808693049805e+12 9.776594899429411623e-01 -1.132172563059340858e-02
2.140511905899391113e+12 9.776924410492930928e-01 -1.133524044290583517e-02
2.143669003105732422e+12 9.777252851097006925e-01 -1.142731436511081403e-02
2.146826100312073730e+12 9.777580244034979051e-01 -1.158408219156299539e-02
2.149983197518414795e+12 9.777906630986697989e-01 -1.177653964429045859e-02
2.153140294724756104e+12 9.778232073187654860e-01 -1.195974649243456561e-02
2.156297391931097412e+12 9.778556643128969439e-01 -1.207917625941160034e-02
2.159454489137438721e+12 9.778880399275448054e-01 -1.209081254652991100e-02
2.162611586343780029e+12 9.779203353189039882e-01 -1.198774208636935353e-02
2.165768683550121338e+12 9.779525458922277981e-01 -1.180925491841259591e-02
2.168925780756462646e+12 9.779846639440548106e-01 -1.162014718039387426e-02
2.172082877962803955e+12 9.780166825510576700e-01 -1.147959442975107942e-02
2.175239975169145264e+12 9.780485977483287519e-01 -1.142343112397917193e-02
2.178397072375486572e+12 9.780804087273237135e-01 -1.146224760091609646e-02
2.181554169581827881e+12 9.781121173245597156e-01 -1.158520595310097608e-02
2.184711266788168945e+12 9.781437276712739992e-01 -1.176256735348106021e-02
2.187868363994510254e+12 9.781752459331022331e-01 -1.194750243445716516e-02
2.191025461200851562e+12 9.782066793860513254e-01 -1.208340807279677590e-02
2.194182558407192871e+12 9.782380341637143539e-01 -1.212238533344273464e-02
2.197339655613534180e+12 9.782693123960798376e-01 -1.204914198480291389e-02
2.200496752819875488e+12 9.783005110106219870e-01 -1.189146970450943516e-02
2.203653850026216797e+12 9.783316234822321267e-01 -1.170624024583316429e-02
2.206810947232558105e+12 9.783626429651879342e-01 -1.155359770117877355e-02
2.209968044438899414e+12 9.783935645177004314e-01 -1.147837507722771801e-02
2.213125141645240723e+12 9.784243858746214384e-01 -1.150343117542834519e-02
2.216282238851582031e+12 9.784551075738667780e-01 -1.162830301804902711e-02
2.219439336057923340e+12 9.784857331576165551e-01 -1.182715759590878719e-02
2.222596433264264648e+12 9.785162693037153803e-01 -1.204724995443371728e-02
2.225753530470605957e+12 9.785467247886535658e-01 -1.221727780983517496e-02
2.228910627676947266e+12 9.785771072777426083e-01 -1.227449486753702003e-02
2.232067724883288086e+12 9.786074193060027016e-01 -1.219932636472855630e-02
2.235224822089629395e+12 9.786376570911684558e-01 -1.202624048887375278e-02
2.238381919295970703e+12 9.786678133794584067e-01 -1.181996761125152749e-02
2.241539016502312012e+12 9.786978812460086496e-01 -1.164306347302501536e-02
2.244696113708653320e+12 9.787278560276144734e-01 -1.153916612364170972e-02
2.247853210914994629e+12 9.787577354560919041e-01 -1.153162242707059595e-02
2.251010308121335938e+12 9.787875192895105769e-01 -1.162644557054503917e-02
2.254167405327677246e+12 9.788172093440671295e-01 -1.181179600539137772e-02
2.257324502534018555e+12 9.788468101106331254e-01 -1.205229773047974268e-02
2.260481599740359863e+12 9.788763292737768795e-01 -1.228406976532621202e-02
2.263638696946701172e+12 9.789057764112764071e-01 -1.242570329844552846e-02
2.266795794153042480e+12 9.789351585977923431e-01 -1.241689750090810805e-02
2.269952891359383789e+12 9.789644756120493563e-01 -1.226136183140158140e-02
2.273109988565725098e+12 9.789937201264832245e-01 -1.202603553504141831e-02
2.276267085772066406e+12 9.790228828131951611e-01 -1.179635567901450924e-02
2.279424182978407715e+12 9.790519568617754853e-01 -1.163612717428342061e-02
2.282581280184749023e+12 9.790809392195853889e-01 -1.157619058245629856e-02
2.285738377391090332e+12 9.791098299620254464e-01 -1.161968210307102664e-02
2.288895474597431641e+12 9.791386315393826312e-01 -1.174843456902668025e-02
2.292052571803772949e+12 9.791673484090961388e-01 -1.192596160475241363e-02
2.295209669010114258e+12 9.791959866388341149e-01 -1.210073796180958713e-02
2.298366766216455078e+12 9.792245527267118277e-01 -1.221666840942808516e-02
2.301523863422796387e+12 9.792530513744228671e-01 -1.223333831897326258e-02
2.304680960629137695e+12 9.792814833111315176e-01 -1.214618341435460755e-02
2.307838057835479004e+12 9.793098450035937486e-01 -1.198966283510596864e-02
2.310995155041820312e+12 9.793381306108842610e-01 -1.181978895754917658e-02
2.314152252248161621e+12 9.793663345551006927e-01 -1.169070746862053804e-02
2.317309349454502930e+12 9.793944531694340760e-01 -1.163947604453451079e-02
2.320466446660844238e+12 9.794224852588043762e-01 -1.168068685286361742e-02
2.323623543867185547e+12 9.794504321186277007e-01 -1.180600498570055432e-02
2.326780641073526855e+12 9.794782973459547071e-01 -1.198558699402908767e-02
2.329937738279868164e+12 9.795060862955692338e-01 -1.217280717681675992e-02
2.333094835486209473e+12 9.795338048192802072e-01 -1.231578944921177601e-02
2.336251932692550781e+12 9.795614573278867976e-01 -1.237555532353192857e-02
2.339409029898892090e+12 9.795890450766400193e-01 -1.234241716381042492e-02
2.342566127105233398e+12 9.796165658593094516e-01 -1.223930629116239295e-02
2.345723224311574707e+12 9.796440152947565316e-01 -1.211000389912509322e-02
2.348880321517916016e+12 9.796713887191255132e-01 -1.200141410947190394e-02
2.352037418724257324e+12 9.796986826982575502e-01 -1.194920516490836741e-02
2.355194515930598633e+12 9.797258958979728760e-01 -1.196937898841762132e-02
2.358351613136939941e+12 9.797530294242391413e-01 -1.205476795081151034e-02
2.361508710343280762e+12 9.797800866027813749e-01 -1.217681966588436172e-02
2.364665807549622070e+12 9.798070720153283508e-01 -1.229454522516913728e-02
2.367822904755963379e+12 9.798339898988671637e-01 -1.236978515485105332e-02
2.370980001962304688e+12 9.798608426085169132e-01 -1.238215304555554362e-02
2.374137099168645996e+12 9.798876300017281826e-01 -1.233528946448138319e-02
2.377294196374987305e+12 9.799143499420400749e-01 -1.225228767561757290e-02
2.380451293581328613e+12 9.799409993614424108e-01 -1.216556620295018883e-02
2.383608390787669922e+12 9.799675752646695992e-01 -1.210715191889612415e-02
2.386765487994011230e+12 9.799940755153945249e-01 -1.210096811393827909e-02
2.389922585200352539e+12 9.800204995577173062e-01 -1.215564624373160520e-02
2.393079682406693848e+12 9.800468490581226710e-01 -1.225799345309374830e-02
2.396236779613035156e+12 9.800731279216795544e-01 -1.237251486440799422e-02
2.399393876819376465e+12 9.800993409617501095e-01 -1.245427768448911787e-02
2.402550974025717773e+12 9.801254915709335380e-01 -1.247196024337519915e-02
2.405708071232059082e+12 9.801515801664928418e-01 -1.242358155681098572e-02
2.408865168438400391e+12 9.801776046095345141e-01 -1.233271383608662737e-02
2.412022265644741699e+12 9.802035617707499648e-01 -1.223309811920844301e-02
2.415179362851083008e+12 9.802294488281593221e-01 -1.215571386195001165e-02
2.418336460057424316e+12 9.802552638615861236e-01 -1.212275533364166359e-02
2.421493557263765625e+12 9.802810060869356912e-01 -1.214516364510897367e-02
2.424650654470106445e+12 9.803066760978543792e-01 -1.222003921417797769e-02
2.427807751676447754e+12 9.803322761067803093e-01 -1.232800179962793667e-02
2.430964848882789062e+12 9.803578097304618266e-01 -1.243513219151796620e-02
2.434121946089130371e+12 9.803832808198538196e-01 -1.250471546939300321e-02
2.437279043295471680e+12 9.804086916909973137e-01 -1.251534395404911224e-02
2.440436140501812988e+12 9.804340421103114878e-01 -1.247157418607812429e-02
2.443593237708154297e+12 9.804593298377298760e-01 -1.239867844485736600e-02
2.446750334914495605e+12 9.804845519772242834e-01 -1.232895131692326486e-02
2.449907432120836914e+12 9.805097060210067328e-01 -1.229098190854650829e-02
2.453064529327178223e+12 9.805347903204532090e-01 -1.230472683899931641e-02
2.456221626533519531e+12 9.805598043669482289e-01 -1.237848967624122914e-02
2.459378723739860840e+12 9.805847492662462805e-01 -1.250382247531868149e-02
2.462535820946202148e+12 9.806096283049441364e-01 -1.264935632570088862e-02
2.465692918152543457e+12 9.806344466858135656e-01 -1.276323488947506829e-02
2.468850015358884766e+12 9.806592093318449166e-01 -1.279594495759282628e-02
2.472007112565226074e+12 9.806839177680907182e-01 -1.273330765381006958e-02
2.475164209771567383e+12 9.807085693190060738e-01 -1.260546535141480670e-02
2.478321306977908691e+12 9.807331594149469867e-01 -1.246294692775708549e-02
2.481478404184250000e+12 9.807576841825988989e-01 -1.234934988812847606e-02
2.484635501390591309e+12 9.807821414266348903e-01 -1.229080429295868575e-02
2.487792598596932617e+12 9.808065305104494147e-01 -1.229705356345563855e-02
2.490949695803273438e+12 9.808308521169466498e-01 -1.236382053743479564e-02
2.494106793009614746e+12 9.808551082674035193e-01 -1.247241666561214532e-02
2.497263890215956055e+12 9.808793023670180355e-01 -1.258903926138862581e-02
2.500420987422297363e+12 9.809034386264944283e-01 -1.267079470322475011e-02
2.503578084628638672e+12 9.809275204027361195e-01 -1.268355256633655996e-02
2.506735181834979980e+12 9.809515482894453076e-01 -1.262282559293028891e-02
2.509892279041321289e+12 9.809755197849275854e-01 -1.251777725580379558e-02
2.513049376247662598e+12 9.809994309349296948e-01 -1.241369403357918573e-02
2.516206473454003906e+12 9.810232783013880242e-01 -1.235064010187636625e-02
2.519363570660345215e+12 9.810470599454661489e-01 -1.235263490201240349e-02
2.522520667866686523e+12 9.810707755941202590e-01 -1.242564634575200888e-02
2.525677765073027832e+12 9.810944266543796255e-01 -1.255720719676407804e-02
2.528834862279369141e+12 9.811180163068771165e-01 -1.271511750785598097e-02
2.531991959485710449e+12 9.811415492407636885e-01 -1.285008256104556643e-02
2.535149056692051758e+12 9.811650302588462713e-01 -1.291097527876916215e-02
2.538306153898393066e+12 9.811884618522228596e-01 -1.287188509928828030e-02
2.541463251104734375e+12 9.812118426272574689e-01 -1.275006368877443577e-02
2.544620348311075684e+12 9.812351682766048411e-01 -1.259556509801400097e-02
2.547777445517416992e+12 9.812584340295414931e-01 -1.246409240691543144e-02
2.550934542723758301e+12 9.812816363990621849e-01 -1.239741407939788827e-02
2.554091639930099121e+12 9.813047736590809755e-01 -1.241785696230196523e-02
2.557248737136440430e+12 9.813278458187105757e-01 -1.252839179657340603e-02
2.560405834342781738e+12 9.813508548079451499e-01 -1.271028333270996652e-02
2.563562931549123047e+12 9.813738048987705742e-01 -1.291797701786397481e-02
2.566720028755464355e+12 9.813967024870904332e-01 -1.308116180653693186e-02
2.569877125961805664e+12 9.814195539195389451e-01 -1.312927829391393950e-02
2.573034223168146973e+12 9.814423617802569000e-01 -1.303418590062079170e-02
2.576191320374488281e+12 9.814651230848139285e-01 -1.283152532312172370e-02
2.579348417580829590e+12 9.814878315118881202e-01 -1.259570419482174478e-02
2.582505514787170898e+12 9.815104809545526221e-01 -1.239927243144419051e-02
2.585662611993512207e+12 9.815330672868152195e-01 -1.229249527043707775e-02
2.588819709199853516e+12 9.815555883950951577e-01 -1.230280990310893448e-02
2.591976806406194824e+12 9.815780439098851229e-01 -1.243773088773127838e-02
2.595133903612536133e+12 9.816004355978801277e-01 -1.268004712623639618e-02
2.598291000818877441e+12 9.816227684463342262e-01 -1.297477067544045883e-02
2.601448098025218750e+12 9.816450510103131855e-01 -1.322442533367648720e-02
2.604605195231560059e+12 9.816672923367142367e-01 -1.332456860961458642e-02
2.607762292437901367e+12 9.816894958719265540e-01 -1.323569325293658117e-02
2.610919389644242676e+12 9.817116570467387948e-01 -1.301274414465471152e-02
2.614076486850583984e+12 9.817337676869254404e-01 -1.275388620210944970e-02
2.617233584056925293e+12 9.817558211018946324e-01 -1.254048458395809647e-02
2.620390681263266113e+12 9.817778134458499117e-01 -1.242077274003628232e-02
2.623547778469607422e+12 9.817997427295811486e-01 -1.242133734773436665e-02
2.626704875675948730e+12 9.818216076163616135e-01 -1.256130353074750954e-02
2.629861972882290039e+12 9.818434069308993317e-01 -1.285817345643251730e-02
2.633019070088631348e+12 9.818651406187419717e-01 -1.331633831301061964e-02
2.636176167294972656e+12 9.818868137386851380e-01 -1.387874597614998165e-02
2.639333264501313965e+12 9.819084435720589754e-01 -1.433961460573115500e-02
2.642490361707655273e+12 9.819300561935321303e-01 -1.438353764645369619e-02
2.645647458913996582e+12 9.819516561180713365e-01 -1.395468927874258906e-02
2.648804556120337891e+12 9.819732170943934468e-01 -1.337257269227242786e-02
2.651961653326679199e+12 9.819947158547335242e-01 -1.292229313567072949e-02
2.655118750533020508e+12 9.820161457958712647e-01 -1.268721999118961261e-02
2.658275847739361816e+12 9.820375088813871889e-01 -1.264678755570296589e-02
2.661432944945703125e+12 9.820588091458484215e-01 -1.275509063320992564e-02
2.664590042152044434e+12 9.820800509807052769e-01 -1.296150711584683965e-02
2.667747139358385742e+12 9.821012394690747938e-01 -1.320637177522984707e-02
2.670904236564727051e+12 9.821223808741389449e-01 -1.341471856663628559e-02
2.674061333771068359e+12 9.821434818524208410e-01 -1.350582659699898526e-02
2.677218430977409668e+12 9.821645466257239443e-01 -1.342846055621846162e-02
2.680375528183750977e+12 9.821855738806432035e-01 -1.320004792322851048e-02
2.683532625390091797e+12 9.822065569809108609e-01 -1.290474072471133049e-02
2.686689722596433105e+12 9.822274877195350529e-01 -1.264697334666781137e-02
2.689846819802774414e+12 9.822483599448487146e-01 -1.250619545849712168e-02
2.693003917009115723e+12 9.822691709084884204e-01 -1.251982831069891992e-02
2.696161014215457031e+12 9.822899211486766369e-01 -1.268438451002892702e-02
2.699318111421798340e+12 9.823106142133387619e-01 -1.295845621537216122e-02
2.702475208628139648e+12 9.823312564800579239e-01 -1.326437155928053210e-02
2.705632305834480957e+12 9.823518561557843531e-01 -1.350026496460132036e-02
2.708789403040822266e+12 9.823724203286698931e-01 -1.357733678586308876e-02
2.711946500247163574e+12 9.823929511023453687e-01 -1.346963998834728275e-02
2.715103597453504883e+12 9.824134444301879654e-01 -1.322989446272287289e-02
2.718260694659846191e+12 9.824338929539958576e-01 -1.295379166173327677e-02
2.721417791866187500e+12 9.824542896515718882e-01 -1.273340873273753546e-02
2.724574889072528809e+12 9.824746295994936096e-01 -1.263451636660592285e-02
2.727731986278870117e+12 9.824949102199689310e-01 -1.269325994628564720e-02
2.730889083485211426e+12 9.825151314146884918e-01 -1.291420692676687430e-02
2.734046180691552734e+12 9.825352963569428111e-01 -1.325968916739375669e-02
2.737203277897894043e+12 9.825554124818119961e-01 -1.363620240961174561e-02
2.740360375104235352e+12 9.825754905154415741e-01 -1.390607495193798421e-02
2.743517472310576660e+12 9.825955393546667027e-01 -1.395395592462876991e-02
2.746674569516917969e+12 9.826155599971030385e-01 -1.376720085130064136e-02
2.749831666723258789e+12 9.826355457274221772e-01 -1.343475986539813261e-02
2.752988763929600098e+12 9.826554877795715681e-01 -1.307333206026501000e-02
2.756145861135941406e+12 9.826753794146694254e-01 -1.277363855765444207e-02
2.759302958342282715e+12 9.826952163287258069e-01 -1.259486424825084251e-02
2.762460055548624023e+12 9.827149955045725305e-01 -1.257969327521658506e-02
2.765617152754965332e+12 9.827347142911959654e-01 -1.276648852126108583e-02
2.768774249961306641e+12 9.827543708359364194e-01 -1.318364643431220624e-02
2.771931347167647949e+12 9.827739676961367854e-01 -1.380135730180370029e-02
2.775088444373989258e+12 9.827935200140549554e-01 -1.442083992365359411e-02
2.778245541580330566e+12 9.828130569696851282e-01 -1.465136326063670377e-02
2.781402638786671875e+12 9.828325925511798289e-01 -1.430301317419564559e-02
2.784559735993013184e+12 9.828521051517919993e-01 -1.366658451925884497e-02
2.787716833199354492e+12 9.828715687626790043e-01 -1.309431538297340346e-02
2.790873930405695801e+12 9.828909727698185161e-01 -1.273180345852172567e-02
2.794031027612037109e+12 9.829103162423808993e-01 -1.259458106903865032e-02
2.797188124818378418e+12 9.829296012091512935e-01 -1.265846826164937142e-02
2.800345222024719727e+12 9.829488303919873271e-01 -1.288990301714384307e-02
2.803502319231061035e+12 9.829680074457044503e-01 -1.324241152226029311e-02
2.806659416437402344e+12 9.829871382434064442e-01 -1.363866860513395299e-02
2.809816513643743652e+12 9.830062317350093393e-01 -1.395807958778721991e-02
2.812973610850084473e+12 9.830252976564807232e-01 -1.406773597555282911e-02
2.816130708056425781e+12 9.830443400512113294e-01 -1.391217377138131116e-02
2.819287805262767090e+12 9.830633531418199178e-01 -1.357174045884159547e-02
2.822444902469108398e+12 9.830823258258787334e-01 -1.320130113642713904e-02
2.825601999675449707e+12 9.831012487620095497e-01 -1.293222191534376848e-02
2.828759096881791016e+12 9.831201170013472712e-01 -1.283573145892564875e-02
2.831916194088132324e+12 9.831389292155705562e-01 -1.293336450521520575e-02
2.835073291294473633e+12 9.831576866656985825e-01 -1.321093239462469045e-02
2.838230388500814941e+12 9.831763932639479009e-01 -1.361715231320684803e-02
2.841387485707156250e+12 9.831950565250808793e-01 -1.404955228561242594e-02
2.844544582913497559e+12 9.832136875183160596e-01 -1.435415621292281466e-02
2.847701680119838867e+12 9.832322965078766908e-01 -1.438654524666742665e-02
2.850858777326180176e+12 9.832508852859221937e-01 -1.412135191085207332e-02
2.854015874532521484e+12 9.832694454319977906e-01 -1.367850037530220220e-02
2.857172971738862793e+12 9.832879652327333186e-01 -1.322556271800765307e-02
2.860330068945204102e+12 9.833064359604496429e-01 -1.288847373342117374e-02
2.863487166151545410e+12 9.833248530281520905e-01 -1.273497553641199896e-02
2.866644263357886719e+12 9.833432148244565241e-01 -1.279103134579932625e-02
2.869801360564228027e+12 9.833615219032934007e-01 -1.305212964239919893e-02
2.872958457770569336e+12 9.833797774313263185e-01 -1.347647427970829169e-02
2.876115554976910645e+12 9.833979887967757572e-01 -1.396109429932600524e-02
2.879272652183251465e+12 9.834161685008653286e-01 -1.432770964251134024e-02
2.882429749389592773e+12 9.834343295429109899e-01 -1.438858403916517398e-02
2.885586846595934082e+12 9.834524747914146214e-01 -1.410175745324637568e-02
2.888743943802275391e+12 9.834705936148498973e-01 -1.362205593306031054e-02
2.891901041008616699e+12 9.834886714440745914e-01 -1.316267567763896792e-02
2.895058138214958008e+12 9.835066982446634132e-01 -1.287172247147019138e-02
2.898215235421299316e+12 9.835246696165057534e-01 -1.281607178911038473e-02
2.901372332627640625e+12 9.835425851523120766e-01 -1.300504024861402069e-02
2.904529429833981934e+12 9.835604475193737706e-01 -1.340330659250042918e-02
2.907686527040323242e+12 9.835782628627566249e-01 -1.392420123187970878e-02
2.910843624246664551e+12 9.835960415610047747e-01 -1.441738700426935943e-02
2.914000721453005859e+12 9.836137965069132738e-01 -1.469311681740063241e-02
2.917157818659347168e+12 9.836315362419533193e-01 -1.462429871886536219e-02
2.920314915865688477e+12 9.836492581505266175e-01 -1.424962229041183866e-02
2.923472013072029785e+12 9.836669510429013608e-01 -1.373649048578799714e-02
2.926629110278371094e+12 9.836846031810504432e-01 -1.326135919227060429e-02
2.929786207484712402e+12 9.837022064394730370e-01 -1.294746895773252367e-02
2.932943304691053711e+12 9.837197563350309482e-01 -1.286440068630576028e-02
2.936100401897395020e+12 9.837372513311327671e-01 -1.303841833942649686e-02
2.939257499103736328e+12 9.837546930153354685e-01 -1.344949788600527558e-02
2.942414596310077148e+12 9.837720871814978896e-01 -1.401427450611667999e-02
2.945571693516418457e+12 9.837894447557499200e-01 -1.457062223724922036e-02
2.948728790722759766e+12 9.838067797839804562e-01 -1.490659938071250620e-02
2.951885887929101074e+12 9.838241020290489081e-01 -1.487311000828409925e-02
2.955042985135442383e+12 9.838414098587036083e-01 -1.449454876232855911e-02
2.958200082341783691e+12 9.838586928530904663e-01 -1.393061300361422838e-02
2.961357179548125000e+12 9.838759395964391530e-01 -1.335708979903230294e-02
2.964514276754466309e+12 9.838931412018271372e-01 -1.291161373401417643e-02
2.967671373960807617e+12 9.839102906400361004e-01 -1.270402459702177703e-02
2.970828471167148926e+12 9.839273819364030560e-01 -1.282903182099738755e-02
2.973985568373490234e+12 9.839444125067099423e-01 -1.333072941992687228e-02
2.977142665579831543e+12 9.839613902000987622e-01 -1.409337857136156238e-02
2.980299762786172852e+12 9.839783386324727488e-01 -1.475505103472937556e-02
2.983456859992514160e+12 9.839952827458041673e-01 -1.492755279353888236e-02
2.986613957198855469e+12 9.840122227631228347e-01 -1.460526370482239343e-02
2.989771054405196777e+12 9.840291405046799333e-01 -1.407174997643824421e-02
2.992928151611538086e+12 9.840460213129639255e-01 -1.355721337406513502e-02
2.996085248817879395e+12 9.840628585683942608e-01 -1.316693802957656818e-02
2.999242346024220703e+12 9.840796495581441983e-01 -1.294557982010229730e-02
3.002399443230562012e+12 9.840963920687535449e-01 -1.293043314730896350e-02
3.005556540436903320e+12 9.841130824184785020e-01 -1.318249968330318517e-02
3.008713637643244141e+12 9.841297145112415379e-01 -1.380208128236737157e-02
3.011870734849585449e+12 9.841462828342318891e-01 -1.488274191836373196e-02
3.015027832055926758e+12 9.841628028715925236e-01 -1.618627790562747124e-02
3.018184929262268066e+12 9.841793453559866123e-01 -1.658262625763213052e-02
3.021342026468609375e+12 9.841959407646596603e-01 -1.557567657350030464e-02
3.024499123674950684e+12 9.842125157128840396e-01 -1.434270069551254849e-02
3.027656220881291992e+12 9.842290322249765966e-01 -1.349280678404650088e-02
3.030813318087633301e+12 9.842454895838562701e-01 -1.303878058921455717e-02
3.033970415293974609e+12 9.842618929434892028e-01 -1.290077017295004902e-02
3.037127512500315918e+12 9.842782455548428899e-01 -1.302991583741491474e-02
3.040284609706657227e+12 9.842945486200563865e-01 -1.341052525405132985e-02
3.043441706912998535e+12 9.843108031023548588e-01 -1.403110080293788232e-02
3.046598804119339844e+12 9.843270140858871864e-01 -1.481351525619263240e-02
3.049755901325681152e+12 9.843431990834627943e-01 -1.547572479937926564e-02
3.052912998532022461e+12 9.843593884498558211e-01 -1.552099969432202062e-02
3.056070095738363770e+12 9.843755918894494528e-01 -1.478807817472910409e-02
3.059227192944705078e+12 9.843917809074768099e-01 -1.374413306402358544e-02
3.062384290151046387e+12 9.844079271949998100e-01 -1.285367792719989237e-02
3.065541387357387695e+12 9.844240199601514973e-01 -1.229452956256895865e-02
3.068698484563729004e+12 9.844400578341809815e-01 -1.209141570047706470e-02
3.071855581770069824e+12 9.844560417757366455e-01 -1.223198008765825039e-02
3.075012678976411133e+12 9.844719725991939452e-01 -1.270701035046173724e-02
3.078169776182752441e+12 9.844878514766322031e-01 -1.350213792903686913e-02
3.081326873389093750e+12 9.845036839140420826e-01 -1.453167041032482967e-02
3.084483970595435059e+12 9.845194891318134189e-01 -1.547980298889350959e-02
3.087641067801776367e+12 9.845353030598260613e-01 -1.574453972501767968e-02
3.090798165008117676e+12 9.845511399253084051e-01 -1.508307556251898933e-02
3.093955262214458984e+12 9.845669679474950975e-01 -1.402834631188328539e-02
3.097112359420800293e+12 9.845827552769008673e-01 -1.311542219439676762e-02
3.100269456627141602e+12 9.845984899925388500e-01 -1.254511392272771204e-02
3.103426553833482910e+12 9.846141704304345321e-01 -1.234751510127919671e-02
3.106583651039824219e+12 9.846297975499217481e-01 -1.250989757831115316e-02
3.109740748246165527e+12 9.846453721953507543e-01 -1.302235550757739613e-02
3.112897845452506836e+12 9.846608949246380416e-01 -1.388070846082537120e-02
3.116054942658848145e+12 9.846763684892750890e-01 -1.504449945095058180e-02
3.119212039865189453e+12 9.846918064293077588e-01 -1.628866716729506642e-02
3.122369137071530762e+12 9.847072470539417477e-01 -1.695648699376494511e-02
3.125526234277872070e+12 9.847227280307979669e-01 -1.639290335784208616e-02
3.128683331484213379e+12 9.847382234139409052e-01 -1.504412586886342065e-02
3.131840428690554688e+12 9.847536862220641618e-01 -1.372099453117652315e-02
3.134997525896895996e+12 9.847690952961951627e-01 -1.278689861122950071e-02
3.138154623103236816e+12 9.847844454633949418e-01 -1.233136991537425904e-02
3.141311720309578125e+12 9.847997363980833807e-01 -1.236281868382980813e-02
3.144468817515919434e+12 9.848149690788039479e-01 -1.286909585254210862e-02
3.147625914722260742e+12 9.848301460335949775e-01 -1.381287623077895148e-02
3.150783011928602051e+12 9.848452756368697436e-01 -1.505616646923418553e-02
3.153940109134943359e+12 9.848603833264170104e-01 -1.616009964457358616e-02
3.157097206341284668e+12 9.848755131765593029e-01 -1.634865766068537354e-02
3.160254303547625977e+12 9.848906753551150972e-01 -1.543753794564375718e-02
3.163411400753967285e+12 9.849058291944349230e-01 -1.414281902894373548e-02
3.166568497960308594e+12 9.849209424446326855e-01 -1.303178464685051871e-02
3.169725595166649902e+12 9.849360032605302129e-01 -1.231238054459270898e-02
3.172882692372991211e+12 9.849510076119365465e-01 -1.205686384682059208e-02
3.176039789579332520e+12 9.849659531588826900e-01 -1.230983338460009749e-02
3.179196886785673828e+12 9.849808384851007625e-01 -1.310195705377211264e-02
3.182353983992015137e+12 9.849956659155101324e-01 -1.440041927758346080e-02
3.185511081198356445e+12 9.850104512151647285e-01 -1.593428877575622099e-02
3.188668178404697754e+12 9.850252403467850693e-01 -1.688375735497473634e-02
3.191825275611039062e+12 9.850400771544288725e-01 -1.645198619354941091e-02
3.194982372817380371e+12 9.850549306283896689e-01 -1.519391299142225545e-02
3.198139470023721680e+12 9.850697544611453083e-01 -1.394392869837957072e-02
3.201296567230062500e+12 9.850845318896163105e-01 -1.300294926359951003e-02
3.204453664436403809e+12 9.850992596416980884e-01 -1.243028404718244349e-02
3.207610761642745117e+12 9.851139365419445681e-01 -1.224901673501264422e-02
3.210767858849086426e+12 9.851285602018464704e-01 -1.250542060382362625e-02
3.213924956055427734e+12 9.851431264837398061e-01 -1.327925286794583853e-02
3.217082053261769043e+12 9.851576306487789259e-01 -1.466467802726005576e-02
3.220239150468110352e+12 9.851720745278786939e-01 -1.664172706216293304e-02
3.223396247674451660e+12 9.851865019551809821e-01 -1.841797598797041344e-02
3.226553344880792969e+12 9.852010212975422787e-01 -1.797963915247198854e-02
3.229710442087134277e+12 9.852156001686631637e-01 -1.592033806239165350e-02
3.232867539293475586e+12 9.852301434350680953e-01 -1.400169195098079078e-02
3.236024636499816895e+12 9.852446298549402126e-01 -1.260988336226054676e-02
3.239181733706158203e+12 9.852590603474049580e-01 -1.172586570616691859e-02
3.242338830912499512e+12 9.852734363498846237e-01 -1.132419508992928668e-02
3.245495928118840820e+12 9.852877567615686560e-01 -1.142795744467523140e-02
3.248653025325182129e+12 9.853020182243521496e-01 -1.210381574623670999e-02
3.251810122531523438e+12 9.853162167179245756e-01 -1.343408774786689075e-02
3.254967219737864746e+12 9.853303542478095700e-01 -1.539465984715918806e-02
3.258124316944206055e+12 9.853444703299597540e-01 -1.726013177984282720e-02
3.261281414150547363e+12 9.853586675144919704e-01 -1.709245545898773269e-02
3.264438511356888672e+12 9.853729253677661060e-01 -1.526747564541899513e-02
3.267595608563229492e+12 9.853871514437099188e-01 -1.352866861314010183e-02
3.270752705769570801e+12 9.854013225510193097e-01 -1.230797413221974661e-02
3.273909802975912109e+12 9.854154391263243440e-01 -1.159602933724266510e-02
3.277066900182253418e+12 9.854295026076708153e-01 -1.136751712567268466e-02
3.280223997388594727e+12 9.854435117853360682e-01 -1.164859174099138091e-02
3.283381094594936035e+12 9.854574625447944936e-01 -1.252223532124709104e-02
3.286538191801277344e+12 9.854713484681467683e-01 -1.411925740506750869e-02
3.289695289007618652e+12 9.854851655992159509e-01 -1.653233909689215755e-02
3.292852386213959961e+12 9.854989521741603919e-01 -1.905017389331688932e-02
3.296009483420301270e+12 9.855128585237423744e-01 -1.875055774299435804e-02
3.299166580626642578e+12 9.855268423518324106e-01 -1.644057918115394978e-02
3.302323677832983887e+12 9.855407804356456358e-01 -1.450881385611837646e-02
3.305480775039325195e+12 9.855546588810951691e-01 -1.321533503180801275e-02
3.308637872245666504e+12 9.855684836155560458e-01 -1.244393977736883358e-02
3.311794969452007812e+12 9.855822583813133031e-01 -1.212399792701590075e-02
3.314952066658349121e+12 9.855959832804959131e-01 -1.225644845179743418e-02
3.318109163864690430e+12 9.856096551364343927e-01 -1.290699199837624933e-02
3.321266261071031738e+12 9.856232678390737245e-01 -1.420124530984603374e-02
3.324423358277373047e+12 9.856368150436939368e-01 -1.627642987528286900e-02
3.327580455483714355e+12 9.856503200303533552e-01 -1.869728791581823715e-02
3.330737552690055176e+12 9.856639287515843728e-01 -1.857505706370120302e-02
3.333894649896396484e+12 9.856776386564165549e-01 -1.594998374411691136e-02
3.337051747102737793e+12 9.856913059221619200e-01 -1.366948661755389843e-02
3.340208844309079102e+12 9.857049083324144201e-01 -1.215887201710596187e-02
3.343365941515420410e+12 9.857184502556634031e-01 -1.132805594978452540e-02
3.346523038721761719e+12 9.857319342101632520e-01 -1.112868804938289304e-02
3.349680135928103027e+12 9.857453593343399323e-01 -1.158171597587640857e-02
3.352837233134444336e+12 9.857587221464941818e-01 -1.276302988142566201e-02
3.355994330340785645e+12 9.857720175443400734e-01 -1.478684870381150041e-02
3.359151427547126953e+12 9.857852511283580199e-01 -1.756532521002249561e-02
3.362308524753468262e+12 9.857985266344132524e-01 -1.902678618737602828e-02
3.365465621959809570e+12 9.858119527225378542e-01 -1.695147433574481499e-02
3.368622719166150879e+12 9.858253717786297221e-01 -1.452640494582544371e-02
3.371779816372492188e+12 9.858387303938429547e-01 -1.281677316391939027e-02
3.374936913578833496e+12 9.858520322334535235e-01 -1.174276551939920296e-02
3.378094010785174805e+12 9.858652816086190818e-01 -1.121775298517627313e-02
3.381251107991516113e+12 9.858784783730506485e-01 -1.124689585025761239e-02
3.384408205197857422e+12 9.858916181920982513e-01 -1.192148105574233723e-02
3.387565302404198730e+12 9.859046922393053247e-01 -1.342753698543656081e-02
3.390722399610540039e+12 9.859176822217279312e-01 -1.615463942728138924e-02
3.393879496816881348e+12 9.859305296752221004e-01 -2.136507465619599117e-02
3.397036594023222168e+12 9.859432114276841519e-01 -2.980481029499905052e-02
3.400193691229563477e+12 9.859567232410701987e-01 -2.002370694890507827e-02
3.403350788435904785e+12 9.859699432363374649e-01 -1.606393660205766155e-02
3.406507885642246094e+12 9.859830576712844685e-01 -1.379895543831076953e-02
3.409664982848587402e+12 9.859961091159967772e-01 -1.233065529754915832e-02
3.412822080054928711e+12 9.860091103458400452e-01 -1.139422848294173798e-02
3.415979177261270020e+12 9.860220636804615246e-01 -1.094268872932703529e-02
3.419136274467611328e+12 9.860349655632130172e-01 -1.105083616927566258e-02
3.422293371673952637e+12 9.860478079794006145e-01 -1.188742862327666489e-02
3.425450468880293945e+12 9.860605771294248534e-01 -1.374693149199609360e-02
3.428607566086635254e+12 9.860732399801639403e-01 -1.734447735358527268e-02
3.431764663292976562e+12 9.860856331426927079e-01 -2.631706363058692807e-02
3.434921760499317871e+12 9.860986307494751246e-01 -2.182279255447767616e-02
3.438078857705659180e+12 9.861116687607283104e-01 -1.607356506934412566e-02
3.441235954912000488e+12 9.861245442669667183e-01 -1.329726161843650979e-02
3.444393052118341797e+12 9.861373405809766846e-01 -1.168761069971724700e-02
3.447550149324683105e+12 9.861500783782054524e-01 -1.080690220439191329e-02
3.450707246531024414e+12 9.861627625656574914e-01 -1.055368533796595745e-02
3.453864343737365723e+12 9.861753903989478598e-01 -1.098863132977330806e-02
3.457021440943707031e+12 9.861879527996757488e-01 -1.230878205051726126e-02
3.460178538150047852e+12 9.862004297607805947e-01 -1.495248117253256473e-02
3.463335635356389160e+12 9.862127571394337933e-01 -2.034944576587672388e-02
3.466492732562730469e+12 9.862250218298308502e-01 -2.680091259991300087e-02
3.469649829769071777e+12 9.862379542702446322e-01 -1.808839775329700722e-02
3.472806926975413086e+12 9.862506266775393771e-01 -1.465557869642091469e-02
3.475964024181754395e+12 9.862632014606206310e-01 -1.283017938873292491e-02
3.479121121388095703e+12 9.862757153294117174e-01 -1.181518077256640126e-02
3.482278218594437012e+12 9.862881799727822862e-01 -1.136173564091411126e-02
3.485435315800778320e+12 9.863005980206167589e-01 -1.141645155020867657e-02
3.488592413007119629e+12 9.863129668664901706e-01 -1.203908973674782876e-02
3.491749510213460938e+12 9.863252793856995826e-01 -1.338941865735529535e-02
3.494906607419802246e+12 9.863375207350880691e-01 -1.580271492867964256e-02
3.498063704626143555e+12 9.863496478554555358e-01 -2.026436663499594018e-02
