# Frequency(Hz) n_real k_imag
1.578549e+09 -9.968041e-01 -8.585787e-01
3.157097e+09 8.369401e-01 -2.084122e+00
4.735646e+09 3.487344e-01 -2.170455e+00
6.314194e+09 -8.287572e-01 -1.253026e+00
7.892743e+09 -7.925223e-01 -1.331573e+00
9.471292e+09 -6.487259e-01 -1.560588e+00
1.104984e+10 -1.960009e-01 -1.857809e+00
1.262839e+10 4.765305e-01 -1.700728e+00
1.420694e+10 9.824502e-01 -1.395004e+00
1.578549e+10 1.286226e+00 -1.063606e+00
1.736403e+10 1.509569e+00 -7.093437e-01
1.894258e+10 1.643369e+00 -4.199531e-01
2.052113e+10 1.717441e+00 -2.524637e-01
2.209968e+10 1.760468e+00 -1.555572e-01
2.367823e+10 1.787205e+00 -9.520821e-02
2.525678e+10 1.805285e+00 -5.457815e-02
2.683533e+10 1.818827e+00 -2.490473e-02
2.841387e+10 1.830161e+00 -1.386397e-03
2.999242e+10 1.840725e+00 1.874687e-02
3.157097e+10 1.851541e+00 3.718352e-02
3.314952e+10 1.863529e+00 5.502813e-02
3.472807e+10 1.877779e+00 7.307725e-02
3.630662e+10 1.895983e+00 9.195785e-02
3.788517e+10 1.921530e+00 1.119964e-01
3.946372e+10 1.963403e+00 1.306895e-01
4.104226e+10 2.029315e+00 1.149058e-01
4.262081e+10 2.055691e+00 6.515782e-02
4.419936e+10 2.057703e+00 2.726672e-02
4.577791e+10 2.051353e+00 -6.272219e-04
4.735646e+10 2.041051e+00 -2.142307e-02
4.893501e+10 2.028557e+00 -3.674962e-02
5.051356e+10 2.014790e+00 -4.752428e-02
5.209210e+10 2.000376e+00 -5.427359e-02
5.367065e+10 1.985862e+00 -5.732238e-02
5.524920e+10 1.971800e+00 -5.693174e-02
5.682775e+10 1.958757e+00 -5.340569e-02
5.840630e+10 1.947263e+00 -4.715510e-02
5.998485e+10 1.937740e+00 -3.870465e-02
6.156340e+10 1.930433e+00 -2.863900e-02
6.314194e+10 1.925400e+00 -1.751531e-02
6.472049e+10 1.922550e+00 -5.780208e-03
6.629904e+10 1.921722e+00 6.282810e-03
6.787759e+10 1.922768e+00 1.856923e-02
6.945614e+10 1.925650e+00 3.114871e-02
7.103469e+10 1.930538e+00 4.426511e-02
7.261324e+10 1.937998e+00 5.837336e-02
7.419178e+10 1.949502e+00 7.427951e-02
7.577033e+10 1.969674e+00 9.347773e-02
7.734888e+10 2.022035e+00 1.024071e-01
7.892743e+10 2.047979e+00 6.387266e-02
8.050598e+10 2.052467e+00 3.716268e-02
8.208453e+10 2.051151e+00 1.703770e-02
8.366308e+10 2.046837e+00 1.035528e-03
8.524162e+10 2.040558e+00 -1.192256e-02
8.682017e+10 2.032824e+00 -2.235427e-02
8.839872e+10 2.023960e+00 -3.048950e-02
8.997727e+10 2.014249e+00 -3.639598e-02
9.155582e+10 2.003995e+00 -4.006109e-02
9.313437e+10 1.993565e+00 -4.146489e-02
9.471292e+10 1.983375e+00 -4.064525e-02
9.629146e+10 1.973852e+00 -3.774233e-02
9.787001e+10 1.965378e+00 -3.300694e-02
9.944856e+10 1.958233e+00 -2.676855e-02
1.010271e+11 1.952577e+00 -1.937858e-02
1.026057e+11 1.948458e+00 -1.115012e-02
1.041842e+11 1.945857e+00 -2.314105e-03
1.057628e+11 1.944738e+00 7.005594e-03
1.073413e+11 1.945108e+00 1.680545e-02
1.089199e+11 1.947091e+00 2.722078e-02
1.104984e+11 1.951066e+00 3.857944e-02
1.120770e+11 1.958031e+00 5.156919e-02
1.136555e+11 1.971287e+00 6.783756e-02
1.152340e+11 2.012349e+00 7.682059e-02
1.168126e+11 2.030189e+00 4.958466e-02
1.183911e+11 2.034443e+00 3.149479e-02
1.199697e+11 2.034759e+00 1.753036e-02
1.215482e+11 2.032877e+00 6.065058e-03
1.231268e+11 2.029437e+00 -3.571984e-03
1.247053e+11 2.024743e+00 -1.166935e-02
1.262839e+11 2.018988e+00 -1.831282e-02
1.278624e+11 2.012345e+00 -2.346716e-02
1.294410e+11 2.005033e+00 -2.703610e-02
1.310195e+11 1.997336e+00 -2.892223e-02
1.325981e+11 1.989604e+00 -2.908665e-02
1.341766e+11 1.982208e+00 -2.759094e-02
1.357552e+11 1.975487e+00 -2.460480e-02
1.373337e+11 1.969691e+00 -2.037534e-02
1.389123e+11 1.964969e+00 -1.517351e-02
1.404908e+11 1.961376e+00 -9.241877e-03
1.420694e+11 1.958910e+00 -2.757868e-03
1.436479e+11 1.957556e+00 4.184628e-03
1.452265e+11 1.957332e+00 1.158435e-02
1.468050e+11 1.958346e+00 1.954699e-02
1.483836e+11 1.960898e+00 2.832898e-02
1.499621e+11 1.965775e+00 3.847344e-02
1.515407e+11 1.975597e+00 5.128595e-02
1.531192e+11 2.006454e+00 5.779558e-02
1.546978e+11 2.019957e+00 3.827063e-02
1.562763e+11 2.023586e+00 2.490468e-02
1.578549e+11 2.024197e+00 1.441653e-02
1.594334e+11 2.023088e+00 5.676182e-03
1.610120e+11 2.020731e+00 -1.781144e-03
1.625905e+11 2.017346e+00 -8.147682e-03
1.641691e+11 2.013064e+00 -1.346047e-02
1.657476e+11 2.008011e+00 -1.766192e-02
1.673262e+11 2.002352e+00 -2.064478e-02
1.689047e+11 1.996315e+00 -2.230178e-02
1.704832e+11 1.990192e+00 -2.257774e-02
1.720618e+11 1.984298e+00 -2.150725e-02
1.736403e+11 1.978919e+00 -1.922160e-02
1.752189e+11 1.974268e+00 -1.592121e-02
1.767974e+11 1.970470e+00 -1.182794e-02
1.783760e+11 1.967570e+00 -7.139408e-03
1.799545e+11 1.965568e+00 -1.998244e-03
1.815331e+11 1.964449e+00 3.522462e-03
1.831116e+11 1.964229e+00 9.426204e-03
1.846902e+11 1.964996e+00 1.580353e-02
1.862687e+11 1.966999e+00 2.287150e-02
1.878473e+11 1.970886e+00 3.108639e-02
1.894258e+11 1.978846e+00 4.155657e-02
1.910044e+11 2.003982e+00 4.629464e-02
1.925829e+11 2.014612e+00 3.076256e-02
1.941615e+11 2.017584e+00 2.000472e-02
1.957400e+11 2.018108e+00 1.148713e-02
1.973186e+11 2.017203e+00 4.346405e-03
1.988971e+11 2.015239e+00 -1.764821e-03
2.004757e+11 2.012394e+00 -6.974438e-03
2.020542e+11 2.008782e+00 -1.128754e-02
2.036328e+11 2.004524e+00 -1.463605e-02
2.052113e+11 1.999812e+00 -1.692127e-02
2.067899e+11 1.994783e+00 -1.806112e-02
2.083684e+11 1.989787e+00 -1.803412e-02
2.099470e+11 1.985066e+00 -1.690455e-02
2.115255e+11 1.980844e+00 -1.481596e-02
2.131041e+11 1.977274e+00 -1.195697e-02
2.146826e+11 1.974428e+00 -8.517690e-03
2.162612e+11 1.972318e+00 -4.654319e-03
2.178397e+11 1.970928e+00 -4.698895e-04
2.194183e+11 1.970241e+00 3.992414e-03
2.209968e+11 1.970272e+00 8.737601e-03
2.225754e+11 1.971110e+00 1.389910e-02
2.241539e+11 1.972992e+00 1.962619e-02
2.257325e+11 1.976538e+00 2.632249e-02
2.273110e+11 1.983956e+00 3.484265e-02
2.288895e+11 2.004318e+00 3.564451e-02
2.304681e+11 2.011912e+00 2.361147e-02
2.320466e+11 2.014041e+00 1.486147e-02
2.336252e+11 2.014183e+00 7.840813e-03
2.352037e+11 2.013124e+00 1.957041e-03
2.367823e+11 2.011171e+00 -3.025164e-03
2.383608e+11 2.008492e+00 -7.181727e-03
2.399394e+11 2.005216e+00 -1.050442e-02
2.415179e+11 2.001487e+00 -1.294525e-02
2.430965e+11 1.997479e+00 -1.445570e-02
2.446750e+11 1.993392e+00 -1.502078e-02
2.462536e+11 1.989434e+00 -1.468106e-02
2.478321e+11 1.985787e+00 -1.353427e-02
2.494107e+11 1.982586e+00 -1.171639e-02
2.509892e+11 1.979903e+00 -9.373000e-03
2.525678e+11 1.977767e+00 -6.632833e-03
2.541463e+11 1.976171e+00 -3.591246e-03
2.557249e+11 1.975103e+00 -3.030977e-04
2.573034e+11 1.974560e+00 3.218159e-03
2.588820e+11 1.974571e+00 7.001628e-03
2.604605e+11 1.975228e+00 1.112553e-02
2.620391e+11 1.976751e+00 1.573853e-02
2.636176e+11 1.979688e+00 2.111461e-02
2.651962e+11 1.985878e+00 2.767612e-02
2.667747e+11 2.001078e+00 2.847832e-02
2.683533e+11 2.007871e+00 1.923952e-02
2.699318e+11 2.009850e+00 1.204298e-02
2.715104e+11 2.010045e+00 6.220174e-03
2.730889e+11 2.009190e+00 1.331000e-03
2.746675e+11 2.007576e+00 -2.800017e-03
2.762460e+11 2.005357e+00 -6.241695e-03
2.778246e+11 2.002650e+00 -8.994509e-03
2.794031e+11 1.999572e+00 -1.102745e-02
2.809817e+11 1.996261e+00 -1.230677e-02
2.825602e+11 1.992873e+00 -1.282109e-02
2.841387e+11 1.989571e+00 -1.259842e-02
2.857173e+11 1.986499e+00 -1.170883e-02
2.872958e+11 1.983769e+00 -1.025289e-02
2.888744e+11 1.981448e+00 -8.341290e-03
2.904529e+11 1.979566e+00 -6.074960e-03
2.920315e+11 1.978127e+00 -3.531025e-03
2.936100e+11 1.977129e+00 -7.559455e-04
2.951886e+11 1.976572e+00 2.237041e-03
2.967671e+11 1.976484e+00 5.469274e-03
2.983457e+11 1.976942e+00 9.003277e-03
2.999242e+11 1.978125e+00 1.295684e-02
3.015028e+11 1.980468e+00 1.754671e-02
3.030813e+11 1.985339e+00 2.310546e-02
3.046599e+11 1.997715e+00 2.533160e-02
3.062384e+11 2.004754e+00 1.752644e-02
3.078170e+11 2.006835e+00 1.117438e-02
3.093955e+11 2.007210e+00 6.042251e-03
3.109741e+11 2.006618e+00 1.724440e-03
3.125526e+11 2.005336e+00 -1.930932e-03
3.141312e+11 2.003510e+00 -4.994339e-03
3.157097e+11 2.001214e+00 -7.469279e-03
3.172883e+11 1.998620e+00 -9.327712e-03
3.188668e+11 1.995770e+00 -1.053422e-02
3.204454e+11 1.992822e+00 -1.106894e-02
3.220239e+11 1.989921e+00 -1.094514e-02
3.236025e+11 1.987203e+00 -1.021500e-02
3.251810e+11 1.984774e+00 -8.962219e-03
3.267596e+11 1.982704e+00 -7.284726e-03
3.283381e+11 1.981029e+00 -5.275636e-03
3.299167e+11 1.979757e+00 -3.008811e-03
3.314952e+11 1.978885e+00 -5.308664e-04
3.330738e+11 1.978415e+00 2.142095e-03
3.346523e+11 1.978368e+00 5.026571e-03
3.362309e+11 1.978812e+00 8.176894e-03
3.378094e+11 1.979904e+00 1.170071e-02
3.393879e+11 1.982027e+00 1.579653e-02
3.409665e+11 1.986406e+00 2.079072e-02
3.425450e+11 1.997697e+00 2.280026e-02
3.441236e+11 2.004006e+00 1.563174e-02
3.457021e+11 2.005856e+00 9.858830e-03
3.472807e+11 2.006174e+00 5.182348e-03
3.488592e+11 2.005613e+00 1.251806e-03
3.504378e+11 2.004419e+00 -2.083407e-03
3.520163e+11 2.002720e+00 -4.874175e-03
3.535949e+11 2.000558e+00 -7.117108e-03
3.551734e+11 1.998182e+00 -8.782038e-03
3.567520e+11 1.995550e+00 -9.835023e-03
3.583305e+11 1.992847e+00 -1.026142e-02
3.599091e+11 1.990208e+00 -1.008057e-02
3.614876e+11 1.987758e+00 -9.349547e-03
3.630662e+11 1.985593e+00 -8.153264e-03
3.646447e+11 1.983771e+00 -6.586730e-03
3.662233e+11 1.982316e+00 -4.737346e-03
3.678018e+11 1.981230e+00 -2.672226e-03
3.693804e+11 1.980508e+00 -4.324681e-04
3.709589e+11 1.980148e+00 1.969106e-03
3.725375e+11 1.980169e+00 4.548513e-03
3.741160e+11 1.980631e+00 7.355586e-03
3.756946e+11 1.981678e+00 1.048574e-02
3.772731e+11 1.983665e+00 1.411150e-02
3.788517e+11 1.987722e+00 1.848464e-02
3.804302e+11 1.997728e+00 1.992968e-02
3.820088e+11 2.003260e+00 1.357167e-02
3.835873e+11 2.004884e+00 8.366629e-03
3.851659e+11 2.005116e+00 4.128591e-03
3.867444e+11 2.004539e+00 5.675916e-04
3.883230e+11 2.003380e+00 -2.439484e-03
3.899015e+11 2.001762e+00 -4.930753e-03
3.914801e+11 1.999779e+00 -6.900067e-03
3.930586e+11 1.997537e+00 -8.323093e-03
3.946372e+11 1.995141e+00 -9.179188e-03
3.962157e+11 1.992716e+00 -9.469683e-03
3.977942e+11 1.990383e+00 -9.227484e-03
3.993728e+11 1.988244e+00 -8.515396e-03
4.009513e+11 1.986372e+00 -7.414527e-03
4.025299e+11 1.984808e+00 -6.008512e-03
4.041084e+11 1.983564e+00 -4.369968e-03
4.056870e+11 1.982641e+00 -2.552262e-03
4.072655e+11 1.982032e+00 -5.860502e-04
4.088441e+11 1.981738e+00 1.520892e-03
4.104226e+11 1.981781e+00 3.784627e-03
4.120012e+11 1.982218e+00 6.133591e-03
4.135797e+11 1.983185e+00 8.988377e-03
4.151583e+11 1.985007e+00 1.213737e-02
4.167368e+11 1.988675e+00 1.581818e-02
4.183154e+11 1.997023e+00 1.694147e-02
4.198939e+11 2.002058e+00 1.162318e-02
4.214725e+11 2.003597e+00 6.982604e-03
4.230510e+11 2.003823e+00 3.161123e-03
4.246296e+11 2.003289e+00 -5.618986e-05
4.262081e+11 2.002214e+00 -2.767032e-03
4.277867e+11 2.000714e+00 -4.999747e-03
4.293652e+11 1.998894e+00 -6.746764e-03
4.309438e+11 1.996841e+00 -7.987580e-03
4.325223e+11 1.994666e+00 -8.708417e-03
4.341009e+11 1.992481e+00 -8.916986e-03
4.356794e+11 1.990394e+00 -8.649748e-03
4.372580e+11 1.988495e+00 -7.968006e-03
4.388365e+11 1.986843e+00 -6.946904e-03
4.404151e+11 1.985471e+00 -5.661461e-03
4.419936e+11 1.984389e+00 -4.175425e-03
4.435722e+11 1.983595e+00 -2.534920e-03
4.451507e+11 1.983082e+00 -7.661918e-04
4.467293e+11 1.982853e+00 1.124401e-03
4.483078e+11 1.982929e+00 3.150379e-03
4.498864e+11 1.983363e+00 5.347610e-03
4.514649e+11 1.984279e+00 7.780084e-03
4.530434e+11 1.985973e+00 1.054690e-02
4.546220e+11 1.989305e+00 1.368723e-02
4.562005e+11 1.996427e+00 1.462092e-02
4.577791e+11 2.001057e+00 1.007771e-02
4.593576e+11 2.002517e+00 5.887472e-03
4.609362e+11 2.002726e+00 2.394602e-03
4.625147e+11 2.002213e+00 -5.363568e-04
4.640933e+11 2.001192e+00 -2.988033e-03
4.656718e+11 1.999784e+00 -4.981263e-03
4.672504e+11 1.998089e+00 -6.509188e-03
4.688289e+11 1.996206e+00 -7.558734e-03
4.704075e+11 1.994238e+00 -8.127560e-03
4.719860e+11 1.992291e+00 -8.235369e-03
4.735646e+11 1.990458e+00 -7.926466e-03
4.751431e+11 1.988809e+00 -7.263549e-03
4.767217e+11 1.987391e+00 -6.316472e-03
4.783002e+11 1.986223e+00 -5.150621e-03
4.798788e+11 1.985310e+00 -3.818870e-03
4.814573e+11 1.984647e+00 -2.357689e-03
4.830359e+11 1.984230e+00 -7.864585e-04
4.846144e+11 1.984063e+00 8.920039e-04
4.861930e+11 1.984167e+00 2.691331e-03
4.877715e+11 1.984596e+00 4.642992e-03
4.893501e+11 1.985467e+00 6.794061e-03
4.909286e+11 1.987053e+00 9.234510e-03
4.925072e+11 1.990122e+00 1.191337e-02
4.940857e+11 1.996263e+00 1.256564e-02
4.956643e+11 2.000396e+00 8.665010e-03
4.972428e+11 2.001765e+00 4.883137e-03
4.988214e+11 2.001961e+00 1.719506e-03
5.003999e+11 2.001482e+00 -9.480442e-04
5.019785e+11 2.000539e+00 -3.172779e-03
5.035570e+11 1.999235e+00 -4.971150e-03
5.051356e+11 1.997682e+00 -6.338822e-03
5.067141e+11 1.995968e+00 -7.268258e-03
5.082927e+11 1.994190e+00 -7.763151e-03
5.098712e+11 1.992440e+00 -7.846749e-03
5.114497e+11 1.990798e+00 -7.562431e-03
5.130283e+11 1.989324e+00 -6.967587e-03
5.146068e+11 1.988055e+00 -6.123752e-03
5.161854e+11 1.987007e+00 -5.087172e-03
5.177639e+11 1.986184e+00 -3.902783e-03
5.193425e+11 1.985582e+00 -2.601263e-03
5.209210e+11 1.985200e+00 -1.198816e-03
5.224996e+11 1.985043e+00 3.020629e-04
5.240781e+11 1.985133e+00 1.912379e-03
5.256567e+11 1.985520e+00 3.657036e-03
5.272352e+11 1.986313e+00 5.575600e-03
5.288138e+11 1.987754e+00 7.711540e-03
5.303923e+11 1.990482e+00 9.973744e-03
5.319709e+11 1.995613e+00 1.057109e-02
5.335494e+11 1.999433e+00 7.386502e-03
5.351280e+11 2.000803e+00 4.025299e-03
5.367065e+11 2.001038e+00 1.117458e-03
5.382851e+11 2.000629e+00 -1.332379e-03
5.398636e+11 1.999768e+00 -3.380061e-03
5.414422e+11 1.998571e+00 -5.034280e-03
5.430207e+11 1.997133e+00 -6.286911e-03
5.445993e+11 1.995542e+00 -7.128631e-03
5.461778e+11 1.993893e+00 -7.561770e-03
5.477564e+11 1.992274e+00 -7.608435e-03
5.493349e+11 1.990763e+00 -7.310961e-03
5.509135e+11 1.989417e+00 -6.725616e-03
5.524920e+11 1.988269e+00 -5.912656e-03
5.540706e+11 1.987336e+00 -4.927137e-03
5.556491e+11 1.986617e+00 -3.812753e-03
5.572277e+11 1.986108e+00 -2.599455e-03
5.588062e+11 1.985806e+00 -1.303275e-03
5.603848e+11 1.985713e+00 7.265763e-05
5.619633e+11 1.985851e+00 1.537119e-03
5.635419e+11 1.986263e+00 3.110554e-03
5.651204e+11 1.987049e+00 4.823579e-03
5.666989e+11 1.988431e+00 6.700253e-03
5.682775e+11 1.990961e+00 8.608689e-03
5.698560e+11 1.995433e+00 9.002066e-03
5.714346e+11 1.998848e+00 6.227872e-03
5.730131e+11 2.000115e+00 3.158111e-03
5.745917e+11 2.000312e+00 5.025837e-04
5.761702e+11 1.999957e+00 -1.740038e-03
5.777488e+11 1.999067e+00 -3.594761e-03
5.793273e+11 1.997934e+00 -5.067633e-03
5.809059e+11 1.996595e+00 -6.155790e-03
5.824844e+11 1.995141e+00 -6.859667e-03
5.840630e+11 1.993658e+00 -7.192542e-03
5.856415e+11 1.992223e+00 -7.184851e-03
5.872201e+11 1.990901e+00 -6.881603e-03
5.887986e+11 1.989732e+00 -6.335604e-03
5.903772e+11 1.988741e+00 -5.599207e-03
5.919557e+11 1.987937e+00 -4.717673e-03
5.935343e+11 1.987319e+00 -3.725627e-03
5.951128e+11 1.986883e+00 -2.645909e-03
5.966914e+11 1.986630e+00 -1.490205e-03
5.982699e+11 1.986564e+00 -2.599933e-04
5.998485e+11 1.986708e+00 1.052347e-03
6.014270e+11 1.987105e+00 2.462944e-03
6.030056e+11 1.987852e+00 3.992916e-03
6.045841e+11 1.989151e+00 5.624097e-03
6.061627e+11 1.991472e+00 7.259515e-03
6.077412e+11 1.995351e+00 7.509465e-03
6.093198e+11 1.998398e+00 5.154571e-03
6.108983e+11 1.999597e+00 2.369922e-03
6.124769e+11 1.999809e+00 -6.399314e-05
6.140554e+11 1.999430e+00 -2.129786e-03
6.156340e+11 1.998657e+00 -3.837134e-03
6.172125e+11 1.997604e+00 -5.187239e-03
6.187911e+11 1.996365e+00 -6.176793e-03
6.203696e+11 1.995024e+00 -6.808271e-03
6.219481e+11 1.993665e+00 -7.097492e-03
6.235267e+11 1.992358e+00 -7.076260e-03
6.251052e+11 1.991158e+00 -6.788842e-03
6.266838e+11 1.990104e+00 -6.285079e-03
6.282623e+11 1.989212e+00 -5.612913e-03
6.298409e+11 1.988491e+00 -4.812797e-03
6.314194e+11 1.987937e+00 -3.915027e-03
6.329980e+11 1.987549e+00 -2.939331e-03
6.345765e+11 1.987326e+00 -1.895654e-03
6.361551e+11 1.987275e+00 -7.855024e-04
6.377336e+11 1.987416e+00 3.968880e-04
6.393122e+11 1.987793e+00 1.662821e-03
6.408907e+11 1.988492e+00 3.023650e-03
6.424693e+11 1.989693e+00 4.464801e-03
6.440478e+11 1.991775e+00 5.801818e-03
6.456264e+11 1.995060e+00 5.974968e-03
6.472049e+11 1.997765e+00 4.159586e-03
6.487835e+11 1.998921e+00 1.573512e-03
6.503620e+11 1.999148e+00 -6.366860e-04
6.519406e+11 1.998816e+00 -2.526002e-03
6.535191e+11 1.998104e+00 -4.086043e-03
6.550977e+11 1.997128e+00 -5.311595e-03
6.566762e+11 1.995981e+00 -6.198009e-03
6.582548e+11 1.994746e+00 -6.748911e-03
6.598333e+11 1.993502e+00 -6.982127e-03
6.614119e+11 1.992315e+00 -6.930705e-03
6.629904e+11 1.991235e+00 -6.638780e-03
6.645690e+11 1.990295e+00 -6.154388e-03
6.661475e+11 1.989507e+00 -5.522388e-03
6.677261e+11 1.988878e+00 -4.779823e-03
6.693046e+11 1.988403e+00 -3.953771e-03
6.708832e+11 1.988079e+00 -3.061512e-03
6.724617e+11 1.987907e+00 -2.111572e-03
6.740403e+11 1.987893e+00 -1.105315e-03
6.756188e+11 1.988057e+00 -3.832009e-05
6.771974e+11 1.988440e+00 1.096934e-03
6.787759e+11 1.989124e+00 2.304248e-03
6.803544e+11 1.990269e+00 3.554947e-03
6.819330e+11 1.992187e+00 4.646706e-03
6.835115e+11 1.995043e+00 4.684544e-03
6.850901e+11 1.997412e+00 2.973260e-03
6.866686e+11 1.998471e+00 7.748115e-04
6.882472e+11 1.998677e+00 -1.252272e-03
6.898257e+11 1.998352e+00 -2.993754e-03
6.914043e+11 1.997667e+00 -4.427473e-03
6.929828e+11 1.996735e+00 -5.542526e-03
6.945614e+11 1.995647e+00 -6.333366e-03
6.961399e+11 1.994487e+00 -6.805285e-03
6.977185e+11 1.993330e+00 -6.978826e-03
6.992970e+11 1.992239e+00 -6.889358e-03
7.008756e+11 1.991259e+00 -6.581946e-03
7.024541e+11 1.990415e+00 -6.103865e-03
7.040327e+11 1.989719e+00 -5.497991e-03
7.056112e+11 1.989172e+00 -4.798729e-03
7.071898e+11 1.988768e+00 -4.030627e-03
7.087683e+11 1.988505e+00 -3.208948e-03
7.103469e+11 1.988380e+00 -2.341036e-03
7.119254e+11 1.988401e+00 -1.428070e-03
7.135040e+11 1.988585e+00 -4.670322e-04
7.150825e+11 1.988971e+00 5.470563e-04
7.166611e+11 1.989632e+00 1.611432e-03
7.182396e+11 1.990708e+00 2.686846e-03
7.198182e+11 1.992446e+00 3.590757e-03
7.213967e+11 1.994909e+00 3.535862e-03
7.229753e+11 1.996986e+00 2.065596e-03
7.245538e+11 1.997964e+00 1.127689e-04
7.261324e+11 1.998162e+00 -1.722022e-03
7.277109e+11 1.997863e+00 -3.303174e-03
7.292895e+11 1.997233e+00 -4.598568e-03
7.308680e+11 1.996380e+00 -5.596370e-03
7.324466e+11 1.995392e+00 -6.294195e-03
7.340251e+11 1.994349e+00 -6.701609e-03
7.356036e+11 1.993317e+00 -6.841825e-03
7.371822e+11 1.992352e+00 -6.750054e-03
7.387607e+11 1.991489e+00 -6.468155e-03
7.403393e+11 1.990749e+00 -6.038337e-03
7.419178e+11 1.990143e+00 -5.497833e-03
7.434964e+11 1.989668e+00 -4.876131e-03
7.450749e+11 1.989323e+00 -4.194206e-03
7.466535e+11 1.989103e+00 -3.465149e-03
7.482320e+11 1.989009e+00 -2.695859e-03
7.498106e+11 1.989050e+00 -1.888270e-03
7.513891e+11 1.989241e+00 -1.041837e-03
7.529677e+11 1.989621e+00 -1.568351e-04
7.545462e+11 1.990254e+00 7.556395e-04
7.561248e+11 1.991258e+00 1.642520e-03
7.577033e+11 1.992810e+00 2.298445e-03
7.592819e+11 1.994873e+00 2.159350e-03
7.608604e+11 1.996611e+00 8.997724e-04
7.624390e+11 1.997466e+00 -8.002876e-04
7.640175e+11 1.997633e+00 -2.434057e-03
7.655961e+11 1.997343e+00 -3.850666e-03
7.671746e+11 1.996747e+00 -5.005686e-03
7.687532e+11 1.995949e+00 -5.883446e-03
7.703317e+11 1.995036e+00 -6.482348e-03
7.719103e+11 1.994083e+00 -6.814491e-03
7.734888e+11 1.993151e+00 -6.905409e-03
7.750674e+11 1.992288e+00 -6.790663e-03
7.766459e+11 1.991524e+00 -6.510425e-03
7.782245e+11 1.990875e+00 -6.103466e-03
7.798030e+11 1.990347e+00 -5.602978e-03
7.813816e+11 1.989939e+00 -5.034524e-03
7.829601e+11 1.989645e+00 -4.415814e-03
7.845387e+11 1.989465e+00 -3.757891e-03
7.861172e+11 1.989397e+00 -3.066404e-03
7.876958e+11 1.989451e+00 -2.343321e-03
7.892743e+11 1.989642e+00 -1.589317e-03
7.908529e+11 1.990003e+00 -8.073776e-04
7.924314e+11 1.990592e+00 -1.281743e-05
7.940099e+11 1.991506e+00 7.375784e-04
7.955885e+11 1.992870e+00 1.259039e-03
7.971670e+11 1.994625e+00 1.115897e-03
7.987456e+11 1.996137e+00 5.900851e-05
8.003241e+11 1.996928e+00 -1.422917e-03
8.019027e+11 1.997100e+00 -2.885642e-03
8.034812e+11 1.996845e+00 -4.166417e-03
8.050598e+11 1.996301e+00 -5.210895e-03
8.066383e+11 1.995569e+00 -5.998998e-03
8.082169e+11 1.994733e+00 -6.528158e-03
8.097954e+11 1.993863e+00 -6.810362e-03
8.113740e+11 1.993018e+00 -6.870884e-03
8.129525e+11 1.992241e+00 -6.744482e-03
8.145311e+11 1.991560e+00 -6.469632e-03
8.161096e+11 1.990988e+00 -6.083020e-03
8.176882e+11 1.990529e+00 -5.615658e-03
8.192667e+11 1.990181e+00 -5.091189e-03
8.208453e+11 1.989940e+00 -4.525919e-03
8.224238e+11 1.989801e+00 -3.929897e-03
8.240024e+11 1.989766e+00 -3.308444e-03
8.255809e+11 1.989841e+00 -2.663860e-03
8.271595e+11 1.990041e+00 -1.997933e-03
8.287380e+11 1.990395e+00 -1.315772e-03
8.303166e+11 1.990953e+00 -6.360457e-04
8.318951e+11 1.991792e+00 -1.705552e-05
8.334737e+11 1.993000e+00 3.749277e-04
8.350522e+11 1.994496e+00 2.010871e-04
8.366308e+11 1.995788e+00 -7.151532e-04
8.382093e+11 1.996487e+00 -2.010863e-03
8.397879e+11 1.996641e+00 -3.310618e-03
8.413664e+11 1.996407e+00 -4.453690e-03
8.429450e+11 1.995910e+00 -5.381655e-03
8.445235e+11 1.995247e+00 -6.074367e-03
8.461021e+11 1.994496e+00 -6.531260e-03
8.476806e+11 1.993723e+00 -6.766641e-03
8.492591e+11 1.992979e+00 -6.806456e-03
8.508377e+11 1.992300e+00 -6.683820e-03
8.524162e+11 1.991708e+00 -6.433777e-03
8.539948e+11 1.991216e+00 -6.088697e-03
8.555733e+11 1.990823e+00 -5.675253e-03
8.571519e+11 1.990528e+00 -5.213481e-03
8.587304e+11 1.990327e+00 -4.717102e-03
8.603090e+11 1.990218e+00 -4.194582e-03
8.618875e+11 1.990201e+00 -3.650686e-03
8.634661e+11 1.990283e+00 -3.088046e-03
8.650446e+11 1.990479e+00 -2.509743e-03
8.666232e+11 1.990815e+00 -1.923190e-03
8.682017e+11 1.991332e+00 -1.350309e-03
8.697803e+11 1.992093e+00 -8.499156e-04
8.713588e+11 1.993151e+00 -5.689696e-04
8.729374e+11 1.994416e+00 -7.657677e-04
8.745159e+11 1.995510e+00 -1.560454e-03
8.760945e+11 1.996122e+00 -2.687723e-03
8.776730e+11 1.996263e+00 -3.840768e-03
8.792516e+11 1.996052e+00 -4.866220e-03
8.808301e+11 1.995600e+00 -5.701965e-03
8.824087e+11 1.994995e+00 -6.325067e-03
8.839872e+11 1.994309e+00 -6.733649e-03
8.855658e+11 1.993604e+00 -6.940467e-03
8.871443e+11 1.992926e+00 -6.969346e-03
8.887229e+11 1.992309e+00 -6.850668e-03
8.903014e+11 1.991773e+00 -6.616472e-03
8.918800e+11 1.991328e+00 -6.296274e-03
8.934585e+11 1.990976e+00 -5.914537e-03
8.950371e+11 1.990714e+00 -5.489782e-03
8.966156e+11 1.990539e+00 -5.034895e-03
8.981942e+11 1.990449e+00 -4.558202e-03
8.997727e+11 1.990446e+00 -4.064786e-03
9.013513e+11 1.990534e+00 -3.558304e-03
9.029298e+11 1.990727e+00 -3.043202e-03
9.045083e+11 1.991046e+00 -2.528967e-03
9.060869e+11 1.991526e+00 -2.038850e-03
9.076654e+11 1.992215e+00 -1.629361e-03
9.092440e+11 1.993140e+00 -1.425323e-03
9.108225e+11 1.994214e+00 -1.623206e-03
9.124011e+11 1.995145e+00 -2.308955e-03
9.139796e+11 1.995681e+00 -3.287394e-03
9.155582e+11 1.995805e+00 -4.304804e-03
9.171367e+11 1.995610e+00 -5.215470e-03
9.187153e+11 1.995194e+00 -5.954610e-03
9.202938e+11 1.994640e+00 -6.497935e-03
9.218724e+11 1.994018e+00 -6.843800e-03
9.234509e+11 1.993384e+00 -7.006030e-03
9.250295e+11 1.992781e+00 -7.008900e-03
9.266080e+11 1.992239e+00 -6.882100e-03
9.281866e+11 1.991773e+00 -6.655766e-03
9.297651e+11 1.991391e+00 -6.356908e-03
9.313437e+11 1.991093e+00 -6.007240e-03
9.329222e+11 1.990877e+00 -5.622861e-03
9.345008e+11 1.990738e+00 -5.214802e-03
9.360793e+11 1.990674e+00 -4.790159e-03
9.376579e+11 1.990688e+00 -4.353416e-03
9.392364e+11 1.990783e+00 -3.908195e-03
9.408150e+11 1.990971e+00 -3.459349e-03
9.423935e+11 1.991271e+00 -3.016912e-03
9.439721e+11 1.991711e+00 -2.604125e-03
9.455506e+11 1.992324e+00 -2.272391e-03
9.471292e+11 1.993127e+00 -2.125793e-03
9.487077e+11 1.994038e+00 -2.314220e-03
9.502863e+11 1.994831e+00 -2.900901e-03
9.518648e+11 1.995302e+00 -3.741566e-03
9.534434e+11 1.995419e+00 -4.628536e-03
9.550219e+11 1.995252e+00 -5.428358e-03
9.566005e+11 1.994888e+00 -6.077676e-03
9.581790e+11 1.994402e+00 -6.552788e-03
9.597576e+11 1.993857e+00 -6.852788e-03
9.613361e+11 1.993304e+00 -6.991240e-03
9.629146e+11 1.992779e+00 -6.990643e-03
9.644932e+11 1.992309e+00 -6.877419e-03
9.660717e+11 1.991906e+00 -6.677724e-03
9.676503e+11 1.991576e+00 -6.414548e-03
9.692288e+11 1.991320e+00 -6.106314e-03
9.708074e+11 1.991136e+00 -5.766742e-03
9.723859e+11 1.991022e+00 -5.405482e-03
9.739645e+11 1.990976e+00 -5.029108e-03
9.755430e+11 1.991001e+00 -4.642458e-03
9.771216e+11 1.991102e+00 -4.249896e-03
9.787001e+11 1.991289e+00 -3.857754e-03
9.802787e+11 1.991580e+00 -3.477806e-03
9.818572e+11 1.991995e+00 -3.134429e-03
9.834358e+11 1.992560e+00 -2.877195e-03
9.850143e+11 1.993275e+00 -2.796832e-03
9.865929e+11 1.994060e+00 -3.009067e-03
9.881714e+11 1.994730e+00 -3.551965e-03
9.897500e+11 1.995122e+00 -4.306209e-03
9.913285e+11 1.995204e+00 -5.100106e-03
9.929071e+11 1.995035e+00 -5.815192e-03
9.944856e+11 1.994688e+00 -6.391795e-03
9.960642e+11 1.994235e+00 -6.807283e-03
9.976427e+11 1.993733e+00 -7.061776e-03
9.992213e+11 1.993230e+00 -7.169538e-03
1.000800e+12 1.992760e+00 -7.153118e-03
1.002378e+12 1.992342e+00 -7.037931e-03
1.003957e+12 1.991988e+00 -6.848436e-03
1.005535e+12 1.991702e+00 -6.605541e-03
1.007114e+12 1.991483e+00 -6.325637e-03
1.008693e+12 1.991330e+00 -6.020759e-03
1.010271e+12 1.991239e+00 -5.699330e-03
1.011850e+12 1.991210e+00 -5.367249e-03
1.013428e+12 1.991244e+00 -5.029045e-03
1.015007e+12 1.991346e+00 -4.689332e-03
1.016585e+12 1.991524e+00 -4.354841e-03
1.018164e+12 1.991792e+00 -4.037619e-03
1.019742e+12 1.992166e+00 -3.760931e-03
1.021321e+12 1.992661e+00 -3.568666e-03
1.022899e+12 1.993269e+00 -3.533387e-03
1.024478e+12 1.993920e+00 -3.739418e-03
1.026057e+12 1.994470e+00 -4.209714e-03
1.027635e+12 1.994794e+00 -4.854475e-03
1.029214e+12 1.994858e+00 -5.537907e-03
1.030792e+12 1.994704e+00 -6.157595e-03
1.032371e+12 1.994395e+00 -6.658190e-03
1.033949e+12 1.993991e+00 -7.017787e-03
1.035528e+12 1.993546e+00 -7.235761e-03
1.037106e+12 1.993100e+00 -7.324740e-03
1.038685e+12 1.992683e+00 -7.304466e-03
1.040264e+12 1.992313e+00 -7.197170e-03
1.041842e+12 1.991999e+00 -7.024033e-03
1.043421e+12 1.991746e+00 -6.803236e-03
1.044999e+12 1.991554e+00 -6.549245e-03
1.046578e+12 1.991420e+00 -6.272908e-03
1.048156e+12 1.991345e+00 -5.982174e-03
1.049735e+12 1.991325e+00 -5.682974e-03
1.051313e+12 1.991364e+00 -5.380209e-03
1.052892e+12 1.991465e+00 -5.079066e-03
1.054470e+12 1.991635e+00 -4.786731e-03
1.056049e+12 1.991883e+00 -4.515197e-03
1.057628e+12 1.992221e+00 -4.285824e-03
1.059206e+12 1.992657e+00 -4.136256e-03
1.060785e+12 1.993179e+00 -4.124316e-03
1.062363e+12 1.993727e+00 -4.312232e-03
1.063942e+12 1.994190e+00 -4.714881e-03
1.065520e+12 1.994466e+00 -5.263470e-03
1.067099e+12 1.994524e+00 -5.848828e-03
1.068677e+12 1.994394e+00 -6.382461e-03
1.070256e+12 1.994128e+00 -6.813813e-03
1.071835e+12 1.993780e+00 -7.122564e-03
1.073413e+12 1.993396e+00 -7.308028e-03
1.074992e+12 1.993013e+00 -7.381512e-03
1.076570e+12 1.992656e+00 -7.360337e-03
1.078149e+12 1.992339e+00 -7.263673e-03
1.079727e+12 1.992073e+00 -7.109586e-03
1.081306e+12 1.991861e+00 -6.913688e-03
1.082884e+12 1.991703e+00 -6.688527e-03
1.084463e+12 1.991599e+00 -6.443982e-03
1.086041e+12 1.991548e+00 -6.187785e-03
1.087620e+12 1.991551e+00 -5.926349e-03
1.089199e+12 1.991609e+00 -5.665681e-03
1.090777e+12 1.991724e+00 -5.412403e-03
1.092356e+12 1.991902e+00 -5.175546e-03
1.093934e+12 1.992149e+00 -4.968700e-03
1.095513e+12 1.992470e+00 -4.813775e-03
1.097091e+12 1.992864e+00 -4.744994e-03
1.098670e+12 1.993308e+00 -4.807572e-03
1.100248e+12 1.993743e+00 -5.039693e-03
1.101827e+12 1.994078e+00 -5.435462e-03
1.103405e+12 1.994245e+00 -5.929352e-03
1.104984e+12 1.994226e+00 -6.431759e-03
1.106563e+12 1.994052e+00 -6.871335e-03
1.108141e+12 1.993773e+00 -7.208501e-03
1.109720e+12 1.993439e+00 -7.430512e-03
1.111298e+12 1.993091e+00 -7.542623e-03
1.112877e+12 1.992758e+00 -7.560311e-03
1.114455e+12 1.992459e+00 -7.502880e-03
1.116034e+12 1.992204e+00 -7.389452e-03
1.117612e+12 1.991996e+00 -7.236241e-03
1.119191e+12 1.991836e+00 -7.056033e-03
1.120770e+12 1.991720e+00 -6.858215e-03
1.122348e+12 1.991647e+00 -6.649456e-03
1.123927e+12 1.991617e+00 -6.434534e-03
1.125505e+12 1.991627e+00 -6.217159e-03
1.127084e+12 1.991680e+00 -6.000780e-03
1.128662e+12 1.991778e+00 -5.789595e-03
1.130241e+12 1.991926e+00 -5.589928e-03
1.131819e+12 1.992131e+00 -5.412037e-03
1.133398e+12 1.992398e+00 -5.273081e-03
1.134976e+12 1.992729e+00 -5.200313e-03
1.136555e+12 1.993108e+00 -5.230448e-03
1.138134e+12 1.993493e+00 -5.398264e-03
1.139712e+12 1.993814e+00 -5.709521e-03
1.141291e+12 1.994007e+00 -6.122829e-03
1.142869e+12 1.994045e+00 -6.568260e-03
1.144448e+12 1.993941e+00 -6.981462e-03
1.146026e+12 1.993729e+00 -7.320356e-03
1.147605e+12 1.993451e+00 -7.565152e-03
1.149183e+12 1.993142e+00 -7.712503e-03
1.150762e+12 1.992833e+00 -7.769689e-03
1.152340e+12 1.992545e+00 -7.750042e-03
1.153919e+12 1.992291e+00 -7.669157e-03
1.155498e+12 1.992081e+00 -7.542511e-03
1.157076e+12 1.991917e+00 -7.384016e-03
1.158655e+12 1.991799e+00 -7.205369e-03
1.160233e+12 1.991726e+00 -7.016058e-03
1.161812e+12 1.991697e+00 -6.823659e-03
1.163390e+12 1.991709e+00 -6.634281e-03
1.164969e+12 1.991760e+00 -6.453223e-03
1.166547e+12 1.991850e+00 -6.285553e-03
1.168126e+12 1.991978e+00 -6.137205e-03
1.169705e+12 1.992145e+00 -6.016117e-03
1.171283e+12 1.992350e+00 -5.933892e-03
1.172862e+12 1.992589e+00 -5.906624e-03
1.174440e+12 1.992846e+00 -5.953424e-03
1.176019e+12 1.993091e+00 -6.088810e-03
1.177597e+12 1.993286e+00 -6.309842e-03
1.179176e+12 1.993394e+00 -6.588673e-03
1.180754e+12 1.993401e+00 -6.881876e-03
1.182333e+12 1.993315e+00 -7.148553e-03
1.183911e+12 1.993162e+00 -7.361752e-03
1.185490e+12 1.992968e+00 -7.509731e-03
1.187069e+12 1.992758e+00 -7.592259e-03
1.188647e+12 1.992552e+00 -7.615811e-03
1.190226e+12 1.992362e+00 -7.589912e-03
1.191804e+12 1.992196e+00 -7.524686e-03
1.193383e+12 1.992058e+00 -7.429531e-03
1.194961e+12 1.991950e+00 -7.312538e-03
1.196540e+12 1.991874e+00 -7.180477e-03
1.198118e+12 1.991829e+00 -7.038962e-03
1.199697e+12 1.991816e+00 -6.892821e-03
1.201275e+12 1.991834e+00 -6.746374e-03
1.202854e+12 1.991884e+00 -6.603960e-03
1.204433e+12 1.991967e+00 -6.470382e-03
1.206011e+12 1.992084e+00 -6.351779e-03
1.207590e+12 1.992236e+00 -6.256456e-03
1.209168e+12 1.992423e+00 -6.196192e-03
1.210747e+12 1.992639e+00 -6.186577e-03
1.212325e+12 1.992870e+00 -6.245040e-03
1.213904e+12 1.993088e+00 -6.383761e-03
1.215482e+12 1.993256e+00 -6.598752e-03
1.217061e+12 1.993343e+00 -6.863965e-03
1.218640e+12 1.993336e+00 -7.139507e-03
1.220218e+12 1.993244e+00 -7.387474e-03
1.221797e+12 1.993089e+00 -7.582491e-03
1.223375e+12 1.992899e+00 -7.713705e-03
1.224954e+12 1.992699e+00 -7.781541e-03
1.226532e+12 1.992505e+00 -7.793430e-03
1.228111e+12 1.992330e+00 -7.759856e-03
1.229689e+12 1.992182e+00 -7.691743e-03
1.231268e+12 1.992063e+00 -7.598982e-03
1.232846e+12 1.991974e+00 -7.489795e-03
1.234425e+12 1.991914e+00 -7.370706e-03
1.236004e+12 1.991883e+00 -7.246787e-03
1.237582e+12 1.991878e+00 -7.122048e-03
1.239161e+12 1.991900e+00 -6.999856e-03
1.240739e+12 1.991948e+00 -6.883392e-03
1.242318e+12 1.992023e+00 -6.776243e-03
1.243896e+12 1.992124e+00 -6.683005e-03
1.245475e+12 1.992254e+00 -6.610147e-03
1.247053e+12 1.992410e+00 -6.566926e-03
1.248632e+12 1.992588e+00 -6.565374e-03
1.250210e+12 1.992776e+00 -6.618807e-03
1.251789e+12 1.992954e+00 -6.736429e-03
1.253368e+12 1.993093e+00 -6.915485e-03
1.254946e+12 1.993166e+00 -7.136527e-03
1.256525e+12 1.993163e+00 -7.368451e-03
1.258103e+12 1.993088e+00 -7.579979e-03
1.259682e+12 1.992958e+00 -7.748793e-03
1.261260e+12 1.992798e+00 -7.864309e-03
1.262839e+12 1.992625e+00 -7.925732e-03
1.264417e+12 1.992458e+00 -7.938594e-03
1.265996e+12 1.992307e+00 -7.911764e-03
1.267575e+12 1.992178e+00 -7.854598e-03
1.269153e+12 1.992074e+00 -7.775737e-03
1.270732e+12 1.991997e+00 -7.682462e-03
1.272310e+12 1.991944e+00 -7.580549e-03
1.273889e+12 1.991916e+00 -7.474413e-03
1.275467e+12 1.991911e+00 -7.367548e-03
1.277046e+12 1.991929e+00 -7.262841e-03
1.278624e+12 1.991969e+00 -7.162997e-03
1.280203e+12 1.992032e+00 -7.071146e-03
1.281781e+12 1.992117e+00 -6.991296e-03
1.283360e+12 1.992226e+00 -6.929077e-03
1.284939e+12 1.992357e+00 -6.892316e-03
1.286517e+12 1.992507e+00 -6.890911e-03
1.288096e+12 1.992663e+00 -6.935515e-03
1.289674e+12 1.992810e+00 -7.033186e-03
1.291253e+12 1.992924e+00 -7.181376e-03
1.292831e+12 1.992984e+00 -7.364338e-03
1.294410e+12 1.992980e+00 -7.556402e-03
1.295988e+12 1.992914e+00 -7.730991e-03
1.297567e+12 1.992803e+00 -7.868520e-03
1.299146e+12 1.992665e+00 -7.959495e-03
1.300724e+12 1.992520e+00 -8.003282e-03
1.302303e+12 1.992381e+00 -8.005349e-03
1.303881e+12 1.992257e+00 -7.973973e-03
1.305460e+12 1.992155e+00 -7.917969e-03
1.307038e+12 1.992076e+00 -7.845390e-03
1.308617e+12 1.992020e+00 -7.762753e-03
1.310195e+12 1.991987e+00 -7.675082e-03
1.311774e+12 1.991974e+00 -7.586131e-03
1.313352e+12 1.991980e+00 -7.498721e-03
1.314931e+12 1.992005e+00 -7.415175e-03
1.316510e+12 1.992048e+00 -7.337746e-03
1.318088e+12 1.992109e+00 -7.269074e-03
1.319667e+12 1.992188e+00 -7.212659e-03
1.321245e+12 1.992284e+00 -7.173293e-03
1.322824e+12 1.992396e+00 -7.157387e-03
1.324402e+12 1.992519e+00 -7.172583e-03
1.325981e+12 1.992643e+00 -7.226095e-03
1.327559e+12 1.992753e+00 -7.321407e-03
1.329138e+12 1.992831e+00 -7.453840e-03
1.330716e+12 1.992862e+00 -7.608689e-03
1.332295e+12 1.992840e+00 -7.764432e-03
1.333874e+12 1.992771e+00 -7.899903e-03
1.335452e+12 1.992668e+00 -8.000334e-03
1.337031e+12 1.992549e+00 -8.059762e-03
1.338609e+12 1.992429e+00 -8.079787e-03
1.340188e+12 1.992320e+00 -8.066687e-03
1.341766e+12 1.992228e+00 -8.028656e-03
1.343345e+12 1.992156e+00 -7.973730e-03
1.344923e+12 1.992105e+00 -7.908599e-03
1.346502e+12 1.992073e+00 -7.838387e-03
1.348081e+12 1.992060e+00 -7.766765e-03
1.349659e+12 1.992063e+00 -7.696295e-03
1.351238e+12 1.992081e+00 -7.628884e-03
1.352816e+12 1.992114e+00 -7.566198e-03
1.354395e+12 1.992162e+00 -7.510063e-03
1.355973e+12 1.992224e+00 -7.462852e-03
1.357552e+12 1.992301e+00 -7.427853e-03
1.359130e+12 1.992391e+00 -7.409507e-03
1.360709e+12 1.992492e+00 -7.413462e-03
1.362287e+12 1.992599e+00 -7.445927e-03
1.363866e+12 1.992702e+00 -7.511879e-03
1.365445e+12 1.992787e+00 -7.612203e-03
1.367023e+12 1.992840e+00 -7.740366e-03
1.368602e+12 1.992849e+00 -7.881809e-03
1.370180e+12 1.992813e+00 -8.017438e-03
1.371759e+12 1.992739e+00 -8.129695e-03
1.373337e+12 1.992640e+00 -8.207489e-03
1.374916e+12 1.992532e+00 -8.247722e-03
1.376494e+12 1.992428e+00 -8.253841e-03
1.378073e+12 1.992338e+00 -8.232983e-03
1.379651e+12 1.992266e+00 -8.193334e-03
1.381230e+12 1.992213e+00 -8.142240e-03
1.382809e+12 1.992179e+00 -8.085428e-03
1.384387e+12 1.992162e+00 -8.027014e-03
1.385966e+12 1.992160e+00 -7.969730e-03
1.387544e+12 1.992172e+00 -7.915438e-03
1.389123e+12 1.992197e+00 -7.865616e-03
1.390701e+12 1.992233e+00 -7.821749e-03
1.392280e+12 1.992282e+00 -7.785731e-03
1.393858e+12 1.992342e+00 -7.760137e-03
1.395437e+12 1.992413e+00 -7.748526e-03
1.397016e+12 1.992494e+00 -7.755390e-03
1.398594e+12 1.992579e+00 -7.785818e-03
1.400173e+12 1.992662e+00 -7.844450e-03
1.401751e+12 1.992731e+00 -7.933323e-03
1.403330e+12 1.992774e+00 -8.049085e-03
1.404908e+12 1.992778e+00 -8.180914e-03
1.406487e+12 1.992737e+00 -8.311543e-03
1.408065e+12 1.992654e+00 -8.421757e-03
1.409644e+12 1.992542e+00 -8.496463e-03
1.411222e+12 1.992418e+00 -8.528817e-03
1.412801e+12 1.992300e+00 -8.520934e-03
1.414380e+12 1.992200e+00 -8.481348e-03
1.415958e+12 1.992125e+00 -8.421319e-03
1.417537e+12 1.992076e+00 -8.351802e-03
1.419115e+12 1.992051e+00 -8.281157e-03
1.420694e+12 1.992044e+00 -8.214992e-03
1.422272e+12 1.992053e+00 -8.156372e-03
1.423851e+12 1.992073e+00 -8.106561e-03
1.425429e+12 1.992101e+00 -8.065755e-03
1.427008e+12 1.992134e+00 -8.033685e-03
1.428586e+12 1.992173e+00 -8.010066e-03
1.430165e+12 1.992215e+00 -7.994824e-03
1.431744e+12 1.992260e+00 -7.988402e-03
1.433322e+12 1.992308e+00 -7.991703e-03
1.434901e+12 1.992356e+00 -8.006123e-03
1.436479e+12 1.992402e+00 -8.033032e-03
1.438058e+12 1.992442e+00 -8.073414e-03
1.439636e+12 1.992472e+00 -8.126582e-03
1.441215e+12 1.992486e+00 -8.189303e-03
1.442793e+12 1.992480e+00 -8.255200e-03
1.444372e+12 1.992451e+00 -8.315505e-03
1.445951e+12 1.992405e+00 -8.361470e-03
1.447529e+12 1.992349e+00 -8.387069e-03
1.449108e+12 1.992292e+00 -8.390758e-03
1.450686e+12 1.992242e+00 -8.375311e-03
1.452265e+12 1.992206e+00 -8.346253e-03
1.453843e+12 1.992184e+00 -8.309918e-03
1.455422e+12 1.992177e+00 -8.271786e-03
1.457000e+12 1.992182e+00 -8.235977e-03
1.458579e+12 1.992197e+00 -8.205133e-03
1.460157e+12 1.992220e+00 -8.180611e-03
1.461736e+12 1.992249e+00 -8.163085e-03
1.463315e+12 1.992282e+00 -8.152731e-03
1.464893e+12 1.992317e+00 -8.149595e-03
1.466472e+12 1.992353e+00 -8.153758e-03
1.468050e+12 1.992390e+00 -8.165415e-03
1.469629e+12 1.992425e+00 -8.184911e-03
1.471207e+12 1.992458e+00 -8.212634e-03
1.472786e+12 1.992487e+00 -8.248802e-03
1.474364e+12 1.992508e+00 -8.292993e-03
1.475943e+12 1.992519e+00 -8.343743e-03
1.477521e+12 1.992515e+00 -8.397815e-03
1.479100e+12 1.992496e+00 -8.450190e-03
1.480679e+12 1.992462e+00 -8.494441e-03
1.482257e+12 1.992416e+00 -8.524368e-03
1.483836e+12 1.992365e+00 -8.535854e-03
1.485414e+12 1.992316e+00 -8.528375e-03
1.486993e+12 1.992277e+00 -8.505168e-03
1.488571e+12 1.992252e+00 -8.471921e-03
1.490150e+12 1.992243e+00 -8.434976e-03
1.491728e+12 1.992247e+00 -8.399725e-03
1.493307e+12 1.992264e+00 -8.369943e-03
1.494886e+12 1.992288e+00 -8.347751e-03
1.496464e+12 1.992318e+00 -8.334037e-03
1.498043e+12 1.992350e+00 -8.328896e-03
1.499621e+12 1.992384e+00 -8.332022e-03
1.501200e+12 1.992417e+00 -8.342954e-03
1.502778e+12 1.992448e+00 -8.361249e-03
1.504357e+12 1.992476e+00 -8.386485e-03
1.505935e+12 1.992500e+00 -8.418294e-03
1.507514e+12 1.992518e+00 -8.456163e-03
1.509092e+12 1.992528e+00 -8.499281e-03
1.510671e+12 1.992529e+00 -8.546286e-03
1.512250e+12 1.992518e+00 -8.594881e-03
1.513828e+12 1.992495e+00 -8.641706e-03
1.515407e+12 1.992458e+00 -8.682153e-03
1.516985e+12 1.992410e+00 -8.711011e-03
1.518564e+12 1.992355e+00 -8.723551e-03
1.520142e+12 1.992298e+00 -8.716997e-03
1.521721e+12 1.992249e+00 -8.691819e-03
1.523299e+12 1.992213e+00 -8.652039e-03
1.524878e+12 1.992195e+00 -8.604201e-03
1.526456e+12 1.992195e+00 -8.555541e-03
1.528035e+12 1.992211e+00 -8.512088e-03
1.529614e+12 1.992240e+00 -8.477902e-03
1.531192e+12 1.992277e+00 -8.454893e-03
1.532771e+12 1.992318e+00 -8.443424e-03
1.534349e+12 1.992359e+00 -8.442952e-03
1.535928e+12 1.992400e+00 -8.452463e-03
1.537506e+12 1.992438e+00 -8.470859e-03
1.539085e+12 1.992472e+00 -8.497111e-03
1.540663e+12 1.992500e+00 -8.530227e-03
1.542242e+12 1.992523e+00 -8.569221e-03
1.543821e+12 1.992537e+00 -8.613025e-03
1.545399e+12 1.992542e+00 -8.660291e-03
1.546978e+12 1.992537e+00 -8.709212e-03
1.548556e+12 1.992521e+00 -8.757290e-03
1.550135e+12 1.992492e+00 -8.801233e-03
1.551713e+12 1.992451e+00 -8.836955e-03
1.553292e+12 1.992401e+00 -8.859964e-03
1.554870e+12 1.992345e+00 -8.866189e-03
1.556449e+12 1.992289e+00 -8.853219e-03
1.558027e+12 1.992242e+00 -8.821414e-03
1.559606e+12 1.992209e+00 -8.774523e-03
1.561185e+12 1.992195e+00 -8.719167e-03
1.562763e+12 1.992203e+00 -8.663213e-03
1.564342e+12 1.992228e+00 -8.613827e-03
1.565920e+12 1.992267e+00 -8.575848e-03
1.567499e+12 1.992315e+00 -8.551626e-03
1.569077e+12 1.992366e+00 -8.541330e-03
1.570656e+12 1.992417e+00 -8.543891e-03
1.572234e+12 1.992465e+00 -8.557640e-03
1.573813e+12 1.992508e+00 -8.580770e-03
1.575392e+12 1.992545e+00 -8.611581e-03
1.576970e+12 1.992576e+00 -8.648547e-03
1.578549e+12 1.992598e+00 -8.690240e-03
1.580127e+12 1.992613e+00 -8.735288e-03
1.581706e+12 1.992618e+00 -8.782205e-03
1.583284e+12 1.992614e+00 -8.829328e-03
1.584863e+12 1.992599e+00 -8.874608e-03
1.586441e+12 1.992575e+00 -8.915546e-03
1.588020e+12 1.992540e+00 -8.949175e-03
1.589598e+12 1.992497e+00 -8.972259e-03
1.591177e+12 1.992449e+00 -8.981704e-03
1.592756e+12 1.992401e+00 -8.975226e-03
1.594334e+12 1.992356e+00 -8.952329e-03
1.595913e+12 1.992323e+00 -8.914997e-03
1.597491e+12 1.992306e+00 -8.867798e-03
1.599070e+12 1.992306e+00 -8.817211e-03
1.600648e+12 1.992325e+00 -8.770090e-03
1.602227e+12 1.992358e+00 -8.732087e-03
1.603805e+12 1.992402e+00 -8.706668e-03
1.605384e+12 1.992450e+00 -8.695072e-03
1.606962e+12 1.992499e+00 -8.696811e-03
1.608541e+12 1.992546e+00 -8.710525e-03
1.610120e+12 1.992588e+00 -8.734376e-03
1.611698e+12 1.992624e+00 -8.766538e-03
1.613277e+12 1.992652e+00 -8.805242e-03
1.614855e+12 1.992672e+00 -8.848823e-03
1.616434e+12 1.992683e+00 -8.895648e-03
1.618012e+12 1.992685e+00 -8.944021e-03
1.619591e+12 1.992676e+00 -8.992058e-03
1.621169e+12 1.992657e+00 -9.037585e-03
1.622748e+12 1.992629e+00 -9.078082e-03
1.624327e+12 1.992590e+00 -9.110655e-03
1.625905e+12 1.992544e+00 -9.132246e-03
1.627484e+12 1.992493e+00 -9.139865e-03
1.629062e+12 1.992442e+00 -9.131270e-03
1.630641e+12 1.992396e+00 -9.105757e-03
1.632219e+12 1.992360e+00 -9.064808e-03
1.633798e+12 1.992342e+00 -9.012648e-03
1.635376e+12 1.992343e+00 -8.955761e-03
1.636955e+12 1.992365e+00 -8.901725e-03
1.638533e+12 1.992405e+00 -8.857399e-03
1.640112e+12 1.992458e+00 -8.827436e-03
1.641691e+12 1.992518e+00 -8.813699e-03
1.643269e+12 1.992579e+00 -8.815650e-03
1.644848e+12 1.992637e+00 -8.831387e-03
1.646426e+12 1.992692e+00 -8.858430e-03
1.648005e+12 1.992740e+00 -8.894518e-03
1.649583e+12 1.992782e+00 -8.937838e-03
1.651162e+12 1.992818e+00 -8.987175e-03
1.652740e+12 1.992848e+00 -9.041914e-03
1.654319e+12 1.992872e+00 -9.101969e-03
1.655897e+12 1.992888e+00 -9.167599e-03
1.657476e+12 1.992897e+00 -9.239169e-03
1.659055e+12 1.992895e+00 -9.316797e-03
1.660633e+12 1.992879e+00 -9.399722e-03
1.662212e+12 1.992845e+00 -9.485711e-03
1.663790e+12 1.992790e+00 -9.570074e-03
1.665369e+12 1.992709e+00 -9.645439e-03
1.666947e+12 1.992604e+00 -9.701785e-03
1.668526e+12 1.992480e+00 -9.728195e-03
1.670104e+12 1.992347e+00 -9.715558e-03
1.671683e+12 1.992221e+00 -9.660063e-03
1.673262e+12 1.992120e+00 -9.565708e-03
1.674840e+12 1.992056e+00 -9.444508e-03
1.676419e+12 1.992038e+00 -9.313719e-03
1.677997e+12 1.992062e+00 -9.191133e-03
1.679576e+12 1.992120e+00 -9.090462e-03
1.681154e+12 1.992198e+00 -9.018903e-03
1.682733e+12 1.992285e+00 -8.977421e-03
1.684311e+12 1.992371e+00 -8.962757e-03
1.685890e+12 1.992449e+00 -8.969514e-03
1.687468e+12 1.992515e+00 -8.991900e-03
1.689047e+12 1.992569e+00 -9.024634e-03
1.690626e+12 1.992610e+00 -9.063399e-03
1.692204e+12 1.992640e+00 -9.104923e-03
1.693783e+12 1.992661e+00 -9.146964e-03
1.695361e+12 1.992673e+00 -9.188185e-03
1.696940e+12 1.992679e+00 -9.228013e-03
1.698518e+12 1.992680e+00 -9.266451e-03
1.700097e+12 1.992675e+00 -9.303749e-03
1.701675e+12 1.992664e+00 -9.340142e-03
1.703254e+12 1.992647e+00 -9.375278e-03
1.704832e+12 1.992622e+00 -9.407752e-03
1.706411e+12 1.992588e+00 -9.434850e-03
1.707990e+12 1.992546e+00 -9.452534e-03
1.709568e+12 1.992498e+00 -9.456423e-03
1.711147e+12 1.992449e+00 -9.443236e-03
1.712725e+12 1.992408e+00 -9.412502e-03
1.714304e+12 1.992381e+00 -9.367572e-03
1.715882e+12 1.992373e+00 -9.315272e-03
1.717461e+12 1.992387e+00 -9.264110e-03
1.719039e+12 1.992418e+00 -9.222205e-03
1.720618e+12 1.992464e+00 -9.195265e-03
1.722197e+12 1.992515e+00 -9.186068e-03
1.723775e+12 1.992566e+00 -9.194509e-03
1.725354e+12 1.992611e+00 -9.218463e-03
1.726932e+12 1.992646e+00 -9.254569e-03
1.728511e+12 1.992670e+00 -9.298969e-03
1.730089e+12 1.992681e+00 -9.347757e-03
1.731668e+12 1.992678e+00 -9.397307e-03
1.733246e+12 1.992663e+00 -9.444325e-03
1.734825e+12 1.992637e+00 -9.485898e-03
1.736403e+12 1.992600e+00 -9.519437e-03
1.737982e+12 1.992556e+00 -9.542589e-03
1.739561e+12 1.992505e+00 -9.553317e-03
1.741139e+12 1.992453e+00 -9.549906e-03
1.742718e+12 1.992402e+00 -9.531180e-03
1.744296e+12 1.992356e+00 -9.496974e-03
1.745875e+12 1.992321e+00 -9.448501e-03
1.747453e+12 1.992301e+00 -9.388795e-03
1.749032e+12 1.992300e+00 -9.322790e-03
1.750610e+12 1.992319e+00 -9.256819e-03
1.752189e+12 1.992358e+00 -9.197552e-03
1.753767e+12 1.992414e+00 -9.150762e-03
1.755346e+12 1.992480e+00 -9.120310e-03
1.756925e+12 1.992552e+00 -9.107872e-03
1.758503e+12 1.992624e+00 -9.113225e-03
1.760082e+12 1.992693e+00 -9.134808e-03
1.761660e+12 1.992754e+00 -9.170298e-03
1.763239e+12 1.992805e+00 -9.217083e-03
1.764817e+12 1.992845e+00 -9.272490e-03
1.766396e+12 1.992872e+00 -9.333871e-03
1.767974e+12 1.992886e+00 -9.398643e-03
1.769553e+12 1.992886e+00 -9.464232e-03
1.771132e+12 1.992872e+00 -9.528002e-03
1.772710e+12 1.992844e+00 -9.587135e-03
1.774289e+12 1.992803e+00 -9.638548e-03
1.775867e+12 1.992749e+00 -9.678877e-03
1.777446e+12 1.992686e+00 -9.704522e-03
1.779024e+12 1.992615e+00 -9.711968e-03
1.780603e+12 1.992543e+00 -9.698339e-03
1.782181e+12 1.992475e+00 -9.662188e-03
1.783760e+12 1.992419e+00 -9.604313e-03
1.785338e+12 1.992382e+00 -9.528513e-03
1.786917e+12 1.992370e+00 -9.441662e-03
1.788496e+12 1.992386e+00 -9.352885e-03
1.790074e+12 1.992430e+00 -9.271947e-03
1.791653e+12 1.992496e+00 -9.207242e-03
1.793231e+12 1.992577e+00 -9.164290e-03
1.794810e+12 1.992666e+00 -9.145346e-03
1.796388e+12 1.992754e+00 -9.149860e-03
1.797967e+12 1.992837e+00 -9.175532e-03
1.799545e+12 1.992910e+00 -9.219154e-03
1.801124e+12 1.992970e+00 -9.277224e-03
1.802703e+12 1.993015e+00 -9.346302e-03
1.804281e+12 1.993043e+00 -9.422956e-03
1.805860e+12 1.993052e+00 -9.503772e-03
1.807438e+12 1.993044e+00 -9.585175e-03
1.809017e+12 1.993016e+00 -9.663256e-03
1.810595e+12 1.992969e+00 -9.733672e-03
1.812174e+12 1.992904e+00 -9.791593e-03
1.813752e+12 1.992824e+00 -9.831884e-03
1.815331e+12 1.992733e+00 -9.849512e-03
1.816909e+12 1.992636e+00 -9.840213e-03
1.818488e+12 1.992542e+00 -9.801475e-03
1.820067e+12 1.992461e+00 -9.733580e-03
1.821645e+12 1.992402e+00 -9.640357e-03
1.823224e+12 1.992373e+00 -9.529518e-03
1.824802e+12 1.992381e+00 -9.412088e-03
1.826381e+12 1.992425e+00 -9.300689e-03
1.827959e+12 1.992501e+00 -9.207129e-03
1.829538e+12 1.992600e+00 -9.140055e-03
1.831116e+12 1.992712e+00 -9.103605e-03
1.832695e+12 1.992826e+00 -9.097734e-03
1.834273e+12 1.992936e+00 -9.119444e-03
1.835852e+12 1.993034e+00 -9.164346e-03
1.837431e+12 1.993118e+00 -9.227712e-03
1.839009e+12 1.993185e+00 -9.305065e-03
1.840588e+12 1.993233e+00 -9.392381e-03
1.842166e+12 1.993263e+00 -9.485967e-03
1.843745e+12 1.993273e+00 -9.582279e-03
1.845323e+12 1.993263e+00 -9.677692e-03
1.846902e+12 1.993233e+00 -9.768293e-03
1.848480e+12 1.993183e+00 -9.849723e-03
1.850059e+12 1.993115e+00 -9.917184e-03
1.851638e+12 1.993032e+00 -9.965654e-03
1.853216e+12 1.992937e+00 -9.990285e-03
1.854795e+12 1.992839e+00 -9.987192e-03
1.856373e+12 1.992744e+00 -9.954331e-03
1.857952e+12 1.992662e+00 -9.892455e-03
1.859530e+12 1.992603e+00 -9.805770e-03
1.861109e+12 1.992574e+00 -9.702204e-03
1.862687e+12 1.992581e+00 -9.592651e-03
1.864266e+12 1.992623e+00 -9.489424e-03
1.865844e+12 1.992696e+00 -9.404002e-03
1.867423e+12 1.992791e+00 -9.344856e-03
1.869002e+12 1.992898e+00 -9.316277e-03
1.870580e+12 1.993008e+00 -9.318545e-03
1.872159e+12 1.993111e+00 -9.348951e-03
1.873737e+12 1.993201e+00 -9.403214e-03
1.875316e+12 1.993273e+00 -9.476354e-03
1.876894e+12 1.993326e+00 -9.563248e-03
1.878473e+12 1.993355e+00 -9.658749e-03
1.880051e+12 1.993361e+00 -9.757658e-03
1.881630e+12 1.993343e+00 -9.854612e-03
1.883208e+12 1.993300e+00 -9.944038e-03
1.884787e+12 1.993237e+00 -1.002024e-02
1.886366e+12 1.993154e+00 -1.007757e-02
1.887944e+12 1.993057e+00 -1.011087e-02
1.889523e+12 1.992952e+00 -1.011599e-02
1.891101e+12 1.992846e+00 -1.009041e-02
1.892680e+12 1.992750e+00 -1.003386e-02
1.894258e+12 1.992672e+00 -9.948839e-03
1.895837e+12 1.992621e+00 -9.840933e-03
1.897415e+12 1.992603e+00 -9.718720e-03
1.898994e+12 1.992623e+00 -9.593294e-03
1.900573e+12 1.992680e+00 -9.476956e-03
1.902151e+12 1.992769e+00 -9.381380e-03
1.903730e+12 1.992883e+00 -9.315480e-03
1.905308e+12 1.993008e+00 -9.283951e-03
1.906887e+12 1.993135e+00 -9.287087e-03
1.908465e+12 1.993255e+00 -9.321772e-03
1.910044e+12 1.993359e+00 -9.383066e-03
1.911622e+12 1.993444e+00 -9.465323e-03
1.913201e+12 1.993506e+00 -9.563006e-03
1.914779e+12 1.993544e+00 -9.670675e-03
1.916358e+12 1.993556e+00 -9.783029e-03
1.917937e+12 1.993543e+00 -9.894590e-03
1.919515e+12 1.993502e+00 -9.999615e-03
1.921094e+12 1.993438e+00 -1.009205e-02
1.922672e+12 1.993351e+00 -1.016577e-02
1.924251e+12 1.993247e+00 -1.021496e-02
1.925829e+12 1.993132e+00 -1.023474e-02
1.927408e+12 1.993014e+00 -1.022185e-02
1.928986e+12 1.992902e+00 -1.017524e-02
1.930565e+12 1.992806e+00 -1.009664e-02
1.932143e+12 1.992736e+00 -9.990789e-03
1.933722e+12 1.992698e+00 -9.865426e-03
1.935301e+12 1.992699e+00 -9.731018e-03
1.936879e+12 1.992741e+00 -9.599848e-03
1.938458e+12 1.992820e+00 -9.484676e-03
1.940036e+12 1.992930e+00 -9.396663e-03
1.941615e+12 1.993060e+00 -9.343384e-03
1.943193e+12 1.993197e+00 -9.327639e-03
1.944772e+12 1.993331e+00 -9.347709e-03
1.946350e+12 1.993451e+00 -9.398683e-03
1.947929e+12 1.993553e+00 -9.474173e-03
1.949508e+12 1.993631e+00 -9.567428e-03
1.951086e+12 1.993685e+00 -9.672072e-03
1.952665e+12 1.993713e+00 -9.782185e-03
1.954243e+12 1.993715e+00 -9.892199e-03
1.955822e+12 1.993693e+00 -9.996785e-03
1.957400e+12 1.993648e+00 -1.009075e-02
1.958979e+12 1.993583e+00 -1.016910e-02
1.960557e+12 1.993501e+00 -1.022714e-02
1.962136e+12 1.993407e+00 -1.026090e-02
1.963714e+12 1.993308e+00 -1.026741e-02
1.965293e+12 1.993211e+00 -1.024520e-02
1.966872e+12 1.993123e+00 -1.019469e-02
1.968450e+12 1.993052e+00 -1.011848e-02
1.970029e+12 1.993005e+00 -1.002161e-02
1.971607e+12 1.992989e+00 -9.911464e-03
1.973186e+12 1.993006e+00 -9.797473e-03
1.974764e+12 1.993058e+00 -9.690400e-03
1.976343e+12 1.993141e+00 -9.600922e-03
1.977921e+12 1.993247e+00 -9.537937e-03
1.979500e+12 1.993366e+00 -9.506951e-03
1.981078e+12 1.993488e+00 -9.509272e-03
1.982657e+12 1.993603e+00 -9.542461e-03
1.984236e+12 1.993703e+00 -9.601515e-03
1.985814e+12 1.993783e+00 -9.680212e-03
1.987393e+12 1.993840e+00 -9.772141e-03
1.988971e+12 1.993873e+00 -9.871190e-03
1.990550e+12 1.993882e+00 -9.971705e-03
1.992128e+12 1.993868e+00 -1.006853e-02
1.993707e+12 1.993833e+00 -1.015694e-02
1.995285e+12 1.993780e+00 -1.023266e-02
1.996864e+12 1.993711e+00 -1.029186e-02
1.998443e+12 1.993630e+00 -1.033136e-02
2.000021e+12 1.993543e+00 -1.034875e-02
2.001600e+12 1.993455e+00 -1.034261e-02
2.003178e+12 1.993372e+00 -1.031277e-02
2.004757e+12 1.993299e+00 -1.026049e-02
2.006335e+12 1.993243e+00 -1.018868e-02
2.007914e+12 1.993209e+00 -1.010203e-02
2.009492e+12 1.993202e+00 -1.000696e-02
2.011071e+12 1.993223e+00 -9.911374e-03
2.012649e+12 1.993272e+00 -9.823975e-03
2.014228e+12 1.993346e+00 -9.753178e-03
2.015807e+12 1.993437e+00 -9.705746e-03
2.017385e+12 1.993538e+00 -9.685588e-03
2.018964e+12 1.993641e+00 -9.693262e-03
2.020542e+12 1.993736e+00 -9.726388e-03
2.022121e+12 1.993818e+00 -9.780552e-03
2.023699e+12 1.993883e+00 -9.850438e-03
2.025278e+12 1.993928e+00 -9.930598e-03
2.026856e+12 1.993954e+00 -1.001588e-02
2.028435e+12 1.993961e+00 -1.010164e-02
2.030014e+12 1.993949e+00 -1.018374e-02
2.031592e+12 1.993920e+00 -1.025851e-02
2.033171e+12 1.993877e+00 -1.032270e-02
2.034749e+12 1.993822e+00 -1.037349e-02
2.036328e+12 1.993758e+00 -1.040848e-02
2.037906e+12 1.993689e+00 -1.042579e-02
2.039485e+12 1.993619e+00 -1.042419e-02
2.041063e+12 1.993551e+00 -1.040326e-02
2.042642e+12 1.993493e+00 -1.036363e-02
2.044220e+12 1.993446e+00 -1.030716e-02
2.045799e+12 1.993417e+00 -1.023721e-02
2.047378e+12 1.993410e+00 -1.015864e-02
2.048956e+12 1.993427e+00 -1.007775e-02
2.050535e+12 1.993467e+00 -1.000168e-02
2.052113e+12 1.993529e+00 -9.937620e-03
2.053692e+12 1.993608e+00 -9.891594e-03
2.055270e+12 1.993696e+00 -9.867482e-03
2.056849e+12 1.993788e+00 -9.866421e-03
2.058427e+12 1.993876e+00 -9.887034e-03
2.060006e+12 1.993954e+00 -9.926092e-03
2.061584e+12 1.994019e+00 -9.979391e-03
2.063163e+12 1.994069e+00 -1.004252e-02
2.064742e+12 1.994102e+00 -1.011123e-02
2.066320e+12 1.994120e+00 -1.018175e-02
2.067899e+12 1.994123e+00 -1.025074e-02
2.069477e+12 1.994111e+00 -1.031531e-02
2.071056e+12 1.994086e+00 -1.037292e-02
2.072634e+12 1.994050e+00 -1.042129e-02
2.074213e+12 1.994005e+00 -1.045832e-02
2.075791e+12 1.993952e+00 -1.048215e-02
2.077370e+12 1.993895e+00 -1.049111e-02
2.078949e+12 1.993837e+00 -1.048398e-02
2.080527e+12 1.993782e+00 -1.046009e-02
2.082106e+12 1.993734e+00 -1.041981e-02
2.083684e+12 1.993698e+00 -1.036472e-02
2.085263e+12 1.993678e+00 -1.029804e-02
2.086841e+12 1.993677e+00 -1.022460e-02
2.088420e+12 1.993699e+00 -1.015066e-02
2.089998e+12 1.993741e+00 -1.008307e-02
2.091577e+12 1.993802e+00 -1.002831e-02
2.093155e+12 1.993876e+00 -9.991327e-03
2.094734e+12 1.993958e+00 -9.974799e-03
2.096313e+12 1.994040e+00 -9.978978e-03
2.097891e+12 1.994117e+00 -1.000213e-02
2.099470e+12 1.994185e+00 -1.004131e-02
2.101048e+12 1.994241e+00 -1.009297e-02
2.102627e+12 1.994284e+00 -1.015361e-02
2.104205e+12 1.994313e+00 -1.021994e-02
2.105784e+12 1.994327e+00 -1.028900e-02
2.107362e+12 1.994327e+00 -1.035817e-02
2.108941e+12 1.994314e+00 -1.042493e-02
2.110519e+12 1.994287e+00 -1.048682e-02
2.112098e+12 1.994247e+00 -1.054126e-02
2.113677e+12 1.994197e+00 -1.058542e-02
2.115255e+12 1.994136e+00 -1.061635e-02
2.116834e+12 1.994069e+00 -1.063105e-02
2.118412e+12 1.994000e+00 -1.062695e-02
2.119991e+12 1.993933e+00 -1.060248e-02
2.121569e+12 1.993874e+00 -1.055767e-02
2.123148e+12 1.993831e+00 -1.049481e-02
2.124726e+12 1.993809e+00 -1.041867e-02
2.126305e+12 1.993813e+00 -1.033625e-02
2.127884e+12 1.993842e+00 -1.025590e-02
2.129462e+12 1.993897e+00 -1.018601e-02
2.131041e+12 1.993971e+00 -1.013349e-02
2.132619e+12 1.994058e+00 -1.010272e-02
2.134198e+12 1.994150e+00 -1.009520e-02
2.135776e+12 1.994241e+00 -1.010994e-02
2.137355e+12 1.994326e+00 -1.014434e-02
2.138933e+12 1.994400e+00 -1.019495e-02
2.140512e+12 1.994461e+00 -1.025819e-02
2.142090e+12 1.994509e+00 -1.033070e-02
2.143669e+12 1.994542e+00 -1.040941e-02
2.145248e+12 1.994558e+00 -1.049150e-02
2.146826e+12 1.994559e+00 -1.057417e-02
2.148405e+12 1.994543e+00 -1.065446e-02
2.149983e+12 1.994510e+00 -1.072892e-02
2.151562e+12 1.994461e+00 -1.079352e-02
2.153140e+12 1.994396e+00 -1.084362e-02
2.154719e+12 1.994319e+00 -1.087432e-02
2.156297e+12 1.994235e+00 -1.088107e-02
2.157876e+12 1.994150e+00 -1.086067e-02
2.159454e+12 1.994074e+00 -1.081231e-02
2.161033e+12 1.994015e+00 -1.073849e-02
2.162612e+12 1.993982e+00 -1.064533e-02
2.164190e+12 1.993981e+00 -1.054203e-02
2.165769e+12 1.994012e+00 -1.043961e-02
2.167347e+12 1.994075e+00 -1.034906e-02
2.168926e+12 1.994162e+00 -1.027942e-02
2.170504e+12 1.994265e+00 -1.023642e-02
2.172083e+12 1.994374e+00 -1.022213e-02
2.173661e+12 1.994482e+00 -1.023544e-02
2.175240e+12 1.994580e+00 -1.027317e-02
2.176819e+12 1.994664e+00 -1.033102e-02
2.178397e+12 1.994731e+00 -1.040436e-02
2.179976e+12 1.994778e+00 -1.048859e-02
2.181554e+12 1.994804e+00 -1.057920e-02
2.183133e+12 1.994807e+00 -1.067164e-02
2.184711e+12 1.994788e+00 -1.076116e-02
2.186290e+12 1.994747e+00 -1.084269e-02
2.187868e+12 1.994686e+00 -1.091077e-02
2.189447e+12 1.994606e+00 -1.095986e-02
2.191025e+12 1.994515e+00 -1.098479e-02
2.192604e+12 1.994417e+00 -1.098153e-02
2.194183e+12 1.994322e+00 -1.094809e-02
2.195761e+12 1.994239e+00 -1.088520e-02
2.197340e+12 1.994176e+00 -1.079690e-02
2.198918e+12 1.994143e+00 -1.069032e-02
2.200497e+12 1.994143e+00 -1.057525e-02
2.202075e+12 1.994179e+00 -1.046289e-02
2.203654e+12 1.994249e+00 -1.036445e-02
2.205232e+12 1.994344e+00 -1.028951e-02
2.206811e+12 1.994459e+00 -1.024468e-02
2.208389e+12 1.994581e+00 -1.023296e-02
2.209968e+12 1.994701e+00 -1.025399e-02
2.211547e+12 1.994811e+00 -1.030488e-02
2.213125e+12 1.994906e+00 -1.038119e-02
2.214704e+12 1.994978e+00 -1.047776e-02
2.216282e+12 1.995026e+00 -1.058899e-02
2.217861e+12 1.995047e+00 -1.070894e-02
2.219439e+12 1.995037e+00 -1.083117e-02
2.221018e+12 1.994998e+00 -1.094857e-02
2.222596e+12 1.994930e+00 -1.105334e-02
2.224175e+12 1.994835e+00 -1.113741e-02
2.225754e+12 1.994720e+00 -1.119311e-02
2.227332e+12 1.994593e+00 -1.121430e-02
2.228911e+12 1.994464e+00 -1.119746e-02
2.230489e+12 1.994345e+00 -1.114252e-02
2.232068e+12 1.994247e+00 -1.105324e-02
2.233646e+12 1.994179e+00 -1.093684e-02
2.235225e+12 1.994149e+00 -1.080324e-02
2.236803e+12 1.994160e+00 -1.066403e-02
2.238382e+12 1.994212e+00 -1.053137e-02
2.239960e+12 1.994301e+00 -1.041674e-02
2.241539e+12 1.994420e+00 -1.032980e-02
2.243118e+12 1.994560e+00 -1.027722e-02
2.244696e+12 1.994708e+00 -1.026202e-02
2.246275e+12 1.994855e+00 -1.028372e-02
2.247853e+12 1.994991e+00 -1.033907e-02
2.249432e+12 1.995110e+00 -1.042314e-02
2.251010e+12 1.995205e+00 -1.053027e-02
2.252589e+12 1.995274e+00 -1.065457e-02
2.254167e+12 1.995312e+00 -1.078992e-02
2.255746e+12 1.995319e+00 -1.092981e-02
2.257325e+12 1.995291e+00 -1.106691e-02
2.258903e+12 1.995230e+00 -1.119292e-02
2.260482e+12 1.995136e+00 -1.129866e-02
2.262060e+12 1.995016e+00 -1.137474e-02
2.263639e+12 1.994876e+00 -1.141282e-02
2.265217e+12 1.994730e+00 -1.140720e-02
2.266796e+12 1.994589e+00 -1.135627e-02
2.268374e+12 1.994469e+00 -1.126325e-02
2.269953e+12 1.994381e+00 -1.113594e-02
2.271531e+12 1.994333e+00 -1.098571e-02
2.273110e+12 1.994332e+00 -1.082596e-02
2.274689e+12 1.994376e+00 -1.067068e-02
2.276267e+12 1.994462e+00 -1.053313e-02
2.277846e+12 1.994581e+00 -1.042452e-02
2.279424e+12 1.994725e+00 -1.035294e-02
2.281003e+12 1.994878e+00 -1.032245e-02
2.282581e+12 1.995030e+00 -1.033286e-02
2.284160e+12 1.995170e+00 -1.038031e-02
2.285738e+12 1.995288e+00 -1.045841e-02
2.287317e+12 1.995378e+00 -1.055946e-02
2.288895e+12 1.995438e+00 -1.067532e-02
2.290474e+12 1.995465e+00 -1.079786e-02
2.292053e+12 1.995460e+00 -1.091917e-02
2.293631e+12 1.995423e+00 -1.103154e-02
2.295210e+12 1.995359e+00 -1.112765e-02
2.296788e+12 1.995271e+00 -1.120086e-02
2.298367e+12 1.995167e+00 -1.124564e-02
2.299945e+12 1.995055e+00 -1.125822e-02
2.301524e+12 1.994943e+00 -1.123708e-02
2.303102e+12 1.994842e+00 -1.118333e-02
2.304681e+12 1.994759e+00 -1.110072e-02
2.306260e+12 1.994703e+00 -1.099544e-02
2.307838e+12 1.994680e+00 -1.087556e-02
2.309417e+12 1.994692e+00 -1.075055e-02
2.310995e+12 1.994740e+00 -1.063058e-02
2.312574e+12 1.994823e+00 -1.052585e-02
2.314152e+12 1.994934e+00 -1.044575e-02
2.315731e+12 1.995065e+00 -1.039779e-02
2.317309e+12 1.995207e+00 -1.038654e-02
2.318888e+12 1.995347e+00 -1.041298e-02
2.320466e+12 1.995476e+00 -1.047446e-02
2.322045e+12 1.995585e+00 -1.056542e-02
2.323624e+12 1.995667e+00 -1.067839e-02
2.325202e+12 1.995718e+00 -1.080492e-02
2.326781e+12 1.995737e+00 -1.093639e-02
2.328359e+12 1.995725e+00 -1.106434e-02
2.329938e+12 1.995683e+00 -1.118090e-02
2.331516e+12 1.995616e+00 -1.127907e-02
2.333095e+12 1.995530e+00 -1.135315e-02
2.334673e+12 1.995432e+00 -1.139903e-02
2.336252e+12 1.995329e+00 -1.141462e-02
2.337830e+12 1.995231e+00 -1.139996e-02
2.339409e+12 1.995144e+00 -1.135726e-02
2.340988e+12 1.995076e+00 -1.129063e-02
2.342566e+12 1.995032e+00 -1.120581e-02
2.344145e+12 1.995016e+00 -1.110977e-02
2.345723e+12 1.995029e+00 -1.101025e-02
2.347302e+12 1.995073e+00 -1.091547e-02
2.348880e+12 1.995145e+00 -1.083359e-02
2.350459e+12 1.995239e+00 -1.077213e-02
2.352037e+12 1.995350e+00 -1.073715e-02
2.353616e+12 1.995468e+00 -1.073232e-02
2.355195e+12 1.995584e+00 -1.075826e-02
2.356773e+12 1.995687e+00 -1.081231e-02
2.358352e+12 1.995772e+00 -1.088896e-02
2.359930e+12 1.995831e+00 -1.098073e-02
2.361509e+12 1.995863e+00 -1.107922e-02
2.363087e+12 1.995868e+00 -1.117617e-02
2.364666e+12 1.995848e+00 -1.126416e-02
2.366244e+12 1.995808e+00 -1.133712e-02
2.367823e+12 1.995752e+00 -1.139072e-02
2.369401e+12 1.995688e+00 -1.142244e-02
2.370980e+12 1.995621e+00 -1.143158e-02
2.372559e+12 1.995556e+00 -1.141898e-02
2.374137e+12 1.995501e+00 -1.138689e-02
2.375716e+12 1.995459e+00 -1.133859e-02
2.377294e+12 1.995432e+00 -1.127818e-02
2.378873e+12 1.995425e+00 -1.121040e-02
2.380451e+12 1.995437e+00 -1.114043e-02
2.382030e+12 1.995470e+00 -1.107381e-02
2.383608e+12 1.995522e+00 -1.101628e-02
2.385187e+12 1.995590e+00 -1.097336e-02
2.386765e+12 1.995670e+00 -1.094993e-02
2.388344e+12 1.995755e+00 -1.094948e-02
2.389923e+12 1.995837e+00 -1.097331e-02
2.391501e+12 1.995910e+00 -1.101992e-02
2.393080e+12 1.995965e+00 -1.108494e-02
2.394658e+12 1.995998e+00 -1.116160e-02
2.396237e+12 1.996006e+00 -1.124181e-02
2.397815e+12 1.995990e+00 -1.131744e-02
2.399394e+12 1.995954e+00 -1.138150e-02
2.400972e+12 1.995903e+00 -1.142904e-02
2.402551e+12 1.995844e+00 -1.145744e-02
2.404130e+12 1.995784e+00 -1.146629e-02
2.405708e+12 1.995726e+00 -1.145700e-02
2.407287e+12 1.995677e+00 -1.143217e-02
2.408865e+12 1.995639e+00 -1.139507e-02
2.410444e+12 1.995613e+00 -1.134923e-02
2.412022e+12 1.995603e+00 -1.129813e-02
2.413601e+12 1.995607e+00 -1.124525e-02
2.415179e+12 1.995626e+00 -1.119391e-02
2.416758e+12 1.995659e+00 -1.114745e-02
2.418336e+12 1.995705e+00 -1.110910e-02
2.419915e+12 1.995762e+00 -1.108196e-02
2.421494e+12 1.995827e+00 -1.106879e-02
2.423072e+12 1.995895e+00 -1.107159e-02
2.424651e+12 1.995963e+00 -1.109118e-02
2.426229e+12 1.996025e+00 -1.112667e-02
2.427808e+12 1.996076e+00 -1.117534e-02
2.429386e+12 1.996112e+00 -1.123272e-02
2.430965e+12 1.996132e+00 -1.129319e-02
2.432543e+12 1.996137e+00 -1.135089e-02
2.434122e+12 1.996127e+00 -1.140075e-02
2.435700e+12 1.996108e+00 -1.143912e-02
2.437279e+12 1.996085e+00 -1.146423e-02
2.438858e+12 1.996060e+00 -1.147603e-02
2.440436e+12 1.996040e+00 -1.147587e-02
2.442015e+12 1.996026e+00 -1.146597e-02
2.443593e+12 1.996021e+00 -1.144899e-02
2.445172e+12 1.996025e+00 -1.142770e-02
2.446750e+12 1.996039e+00 -1.140478e-02
2.448329e+12 1.996063e+00 -1.138284e-02
2.449907e+12 1.996095e+00 -1.136432e-02
2.451486e+12 1.996136e+00 -1.135164e-02
2.453065e+12 1.996183e+00 -1.134711e-02
2.454643e+12 1.996234e+00 -1.135280e-02
2.456222e+12 1.996285e+00 -1.137030e-02
2.457800e+12 1.996333e+00 -1.140030e-02
2.459379e+12 1.996372e+00 -1.144206e-02
2.460957e+12 1.996399e+00 -1.149298e-02
2.462536e+12 1.996409e+00 -1.154843e-02
2.464114e+12 1.996401e+00 -1.160213e-02
2.465693e+12 1.996375e+00 -1.164715e-02
2.467271e+12 1.996336e+00 -1.167743e-02
2.468850e+12 1.996290e+00 -1.168908e-02
2.470429e+12 1.996244e+00 -1.168137e-02
2.472007e+12 1.996205e+00 -1.165657e-02
2.473586e+12 1.996178e+00 -1.161920e-02
2.475164e+12 1.996165e+00 -1.157470e-02
2.476743e+12 1.996166e+00 -1.152832e-02
2.478321e+12 1.996179e+00 -1.148439e-02
2.479900e+12 1.996203e+00 -1.144600e-02
2.481478e+12 1.996235e+00 -1.141510e-02
2.483057e+12 1.996272e+00 -1.139277e-02
2.484636e+12 1.996312e+00 -1.137949e-02
2.486214e+12 1.996352e+00 -1.137541e-02
2.487793e+12 1.996392e+00 -1.138039e-02
2.489371e+12 1.996428e+00 -1.139412e-02
2.490950e+12 1.996459e+00 -1.141587e-02
2.492528e+12 1.996483e+00 -1.144441e-02
2.494107e+12 1.996497e+00 -1.147779e-02
2.495685e+12 1.996500e+00 -1.151314e-02
2.497264e+12 1.996492e+00 -1.154676e-02
2.498842e+12 1.996473e+00 -1.157451e-02
2.500421e+12 1.996446e+00 -1.159233e-02
2.502000e+12 1.996414e+00 -1.159722e-02
2.503578e+12 1.996384e+00 -1.158796e-02
2.505157e+12 1.996360e+00 -1.156555e-02
2.506735e+12 1.996347e+00 -1.153322e-02
2.508314e+12 1.996349e+00 -1.149566e-02
2.509892e+12 1.996367e+00 -1.145821e-02
2.511471e+12 1.996399e+00 -1.142585e-02
2.513049e+12 1.996442e+00 -1.140254e-02
2.514628e+12 1.996494e+00 -1.139093e-02
2.516206e+12 1.996550e+00 -1.139242e-02
2.517785e+12 1.996608e+00 -1.140732e-02
2.519364e+12 1.996663e+00 -1.143518e-02
2.520942e+12 1.996713e+00 -1.147494e-02
2.522521e+12 1.996755e+00 -1.152505e-02
2.524099e+12 1.996786e+00 -1.158339e-02
2.525678e+12 1.996804e+00 -1.164717e-02
2.527256e+12 1.996807e+00 -1.171272e-02
2.528835e+12 1.996794e+00 -1.177551e-02
2.530413e+12 1.996764e+00 -1.183017e-02
2.531992e+12 1.996721e+00 -1.187102e-02
2.533571e+12 1.996668e+00 -1.189283e-02
2.535149e+12 1.996611e+00 -1.189183e-02
2.536728e+12 1.996558e+00 -1.186669e-02
2.538306e+12 1.996518e+00 -1.181913e-02
2.539885e+12 1.996497e+00 -1.175390e-02
2.541463e+12 1.996500e+00 -1.167807e-02
2.543042e+12 1.996530e+00 -1.159998e-02
2.544620e+12 1.996585e+00 -1.152788e-02
2.546199e+12 1.996662e+00 -1.146888e-02
2.547777e+12 1.996754e+00 -1.142815e-02
2.549356e+12 1.996857e+00 -1.140878e-02
2.550935e+12 1.996963e+00 -1.141190e-02
2.552513e+12 1.997066e+00 -1.143713e-02
2.554092e+12 1.997162e+00 -1.148301e-02
2.555670e+12 1.997246e+00 -1.154734e-02
2.557249e+12 1.997313e+00 -1.162724e-02
2.558827e+12 1.997359e+00 -1.171908e-02
2.560406e+12 1.997381e+00 -1.181820e-02
2.561984e+12 1.997376e+00 -1.191868e-02
2.563563e+12 1.997343e+00 -1.201316e-02
2.565141e+12 1.997281e+00 -1.209317e-02
2.566720e+12 1.997196e+00 -1.214986e-02
2.568299e+12 1.997093e+00 -1.217541e-02
2.569877e+12 1.996984e+00 -1.216455e-02
2.571456e+12 1.996881e+00 -1.211599e-02
2.573034e+12 1.996794e+00 -1.203295e-02
2.574613e+12 1.996736e+00 -1.192283e-02
2.576191e+12 1.996713e+00 -1.179602e-02
2.577770e+12 1.996727e+00 -1.166433e-02
2.579348e+12 1.996778e+00 -1.153947e-02
2.580927e+12 1.996862e+00 -1.143176e-02
2.582506e+12 1.996972e+00 -1.134924e-02
2.584084e+12 1.997100e+00 -1.129731e-02
2.585663e+12 1.997236e+00 -1.127868e-02
2.587241e+12 1.997373e+00 -1.129382e-02
2.588820e+12 1.997503e+00 -1.134148e-02
2.590398e+12 1.997619e+00 -1.141922e-02
2.591977e+12 1.997714e+00 -1.152360e-02
2.593555e+12 1.997783e+00 -1.165011e-02
2.595134e+12 1.997819e+00 -1.179272e-02
2.596712e+12 1.997818e+00 -1.194334e-02
2.598291e+12 1.997776e+00 -1.209151e-02
2.599870e+12 1.997693e+00 -1.222457e-02
2.601448e+12 1.997574e+00 -1.232898e-02
2.603027e+12 1.997429e+00 -1.239253e-02
2.604605e+12 1.997272e+00 -1.240709e-02
2.606184e+12 1.997122e+00 -1.237074e-02
2.607762e+12 1.996993e+00 -1.228820e-02
2.609341e+12 1.996901e+00 -1.216970e-02
2.610919e+12 1.996853e+00 -1.202858e-02
2.612498e+12 1.996853e+00 -1.187903e-02
2.614076e+12 1.996898e+00 -1.173432e-02
2.615655e+12 1.996986e+00 -1.160578e-02
2.617234e+12 1.997109e+00 -1.150243e-02
2.618812e+12 1.997259e+00 -1.143073e-02
2.620391e+12 1.997428e+00 -1.139473e-02
2.621969e+12 1.997607e+00 -1.139634e-02
2.623548e+12 1.997790e+00 -1.143594e-02
2.625126e+12 1.997968e+00 -1.151305e-02
2.626705e+12 1.998136e+00 -1.162703e-02
2.628283e+12 1.998288e+00 -1.177744e-02
2.629862e+12 1.998415e+00 -1.196403e-02
2.631441e+12 1.998508e+00 -1.218593e-02
2.633019e+12 1.998554e+00 -1.243991e-02
2.634598e+12 1.998537e+00 -1.271751e-02
2.636176e+12 1.998440e+00 -1.300097e-02
2.637755e+12 1.998248e+00 -1.325996e-02
2.639333e+12 1.997967e+00 -1.345264e-02
2.640912e+12 1.997622e+00 -1.353591e-02
2.642490e+12 1.997265e+00 -1.348408e-02
2.644069e+12 1.996957e+00 -1.330405e-02
2.645647e+12 1.996744e+00 -1.303326e-02
2.647226e+12 1.996644e+00 -1.272197e-02
2.648805e+12 1.996651e+00 -1.241519e-02
2.650383e+12 1.996744e+00 -1.214408e-02
2.651962e+12 1.999924e+00 9.570482e-03
2.653540e+12 1.997092e+00 -1.176886e-02
2.655119e+12 1.997303e+00 -1.167286e-02
2.656697e+12 1.997515e+00 -1.163458e-02
2.658276e+12 1.997714e+00 -1.164767e-02
2.659854e+12 1.997891e+00 -1.170418e-02
2.661433e+12 1.998037e+00 -1.179531e-02
2.663011e+12 1.998148e+00 -1.191201e-02
2.664590e+12 1.998219e+00 -1.204511e-02
2.666169e+12 1.998249e+00 -1.218526e-02
2.667747e+12 1.998236e+00 -1.232271e-02
2.669326e+12 1.998183e+00 -1.244728e-02
2.670904e+12 1.998092e+00 -1.254855e-02
2.672483e+12 1.997972e+00 -1.261665e-02
2.674061e+12 1.997831e+00 -1.264344e-02
2.675640e+12 1.997684e+00 -1.262403e-02
2.677218e+12 1.997545e+00 -1.255799e-02
2.678797e+12 1.997429e+00 -1.244994e-02
2.680376e+12 1.997347e+00 -1.230903e-02
2.681954e+12 1.997308e+00 -1.214772e-02
2.683533e+12 1.997316e+00 -1.198012e-02
2.685111e+12 1.997371e+00 -1.182047e-02
2.686690e+12 1.997468e+00 -1.168188e-02
2.688268e+12 1.997600e+00 -1.157560e-02
2.689847e+12 1.999865e+00 9.409878e-03
2.691425e+12 1.997926e+00 -1.149116e-02
2.693004e+12 1.998093e+00 -1.152012e-02
2.694582e+12 1.998248e+00 -1.159502e-02
2.696161e+12 1.998376e+00 -1.171017e-02
2.697740e+12 1.998468e+00 -1.185684e-02
2.699318e+12 1.998518e+00 -1.202392e-02
2.700897e+12 1.998520e+00 -1.219856e-02
2.702475e+12 1.998474e+00 -1.236685e-02
2.704054e+12 1.998384e+00 -1.251474e-02
2.705632e+12 1.998257e+00 -1.262929e-02
2.707211e+12 1.998106e+00 -1.270033e-02
2.708789e+12 1.997945e+00 -1.272194e-02
2.710368e+12 1.997791e+00 -1.269344e-02
2.711947e+12 1.997657e+00 -1.261937e-02
2.713525e+12 1.997556e+00 -1.250850e-02
2.715104e+12 1.997497e+00 -1.237223e-02
2.716682e+12 1.997484e+00 -1.222299e-02
2.718261e+12 1.997517e+00 -1.207301e-02
2.719839e+12 1.997595e+00 -1.193376e-02
2.721418e+12 1.997714e+00 -1.181556e-02
2.722996e+12 1.997866e+00 -1.172764e-02
2.724575e+12 1.998045e+00 -1.167795e-02
2.726153e+12 1.998240e+00 -1.167271e-02
2.727732e+12 1.999823e+00 9.291062e-03
2.729311e+12 1.998626e+00 -1.180759e-02
2.730889e+12 1.998790e+00 -1.194481e-02
2.732468e+12 1.998915e+00 -1.211961e-02
2.734046e+12 1.998990e+00 -1.231989e-02
2.735625e+12 1.999008e+00 -1.252976e-02
2.737203e+12 1.998966e+00 -1.273058e-02
2.738782e+12 1.998868e+00 -1.290278e-02
2.740360e+12 1.998724e+00 -1.302857e-02
2.741939e+12 1.998552e+00 -1.309506e-02
2.743517e+12 1.998374e+00 -1.309677e-02
2.745096e+12 1.998208e+00 -1.303637e-02
2.746675e+12 1.998073e+00 -1.292336e-02
2.748253e+12 1.997980e+00 -1.277134e-02
2.749832e+12 1.997934e+00 -1.259508e-02
2.751410e+12 1.997937e+00 -1.240839e-02
2.752989e+12 1.997988e+00 -1.222315e-02
2.754567e+12 1.998083e+00 -1.204924e-02
2.756146e+12 1.998217e+00 -1.189504e-02
2.757724e+12 1.998386e+00 -1.176816e-02
2.759303e+12 1.998585e+00 -1.167602e-02
2.760882e+12 1.998808e+00 -1.162623e-02
2.762460e+12 1.999046e+00 -1.162647e-02
2.764039e+12 1.999289e+00 -1.168399e-02
2.765617e+12 1.999732e+00 9.171665e-03
2.767196e+12 1.999730e+00 -1.199149e-02
2.768774e+12 1.999889e+00 -1.224307e-02
2.770353e+12 1.999975e+00 -1.255080e-02
2.771931e+12 1.999963e+00 -1.289538e-02
2.773510e+12 1.999831e+00 -1.324285e-02
2.775088e+12 1.999572e+00 -1.354381e-02
2.776667e+12 1.999205e+00 -1.374160e-02
2.778246e+12 1.998784e+00 -1.379240e-02
2.779824e+12 1.998378e+00 -1.368723e-02
2.781403e+12 1.998053e+00 -1.345692e-02
2.782981e+12 1.997841e+00 -1.315475e-02
2.784560e+12 1.997744e+00 -1.283312e-02
2.786138e+12 1.997744e+00 -1.252993e-02
2.787717e+12 1.997819e+00 -1.226682e-02
2.789295e+12 1.997945e+00 -1.205338e-02
2.790874e+12 1.998107e+00 -1.189227e-02
2.792452e+12 1.998291e+00 -1.178299e-02
2.794031e+12 1.998485e+00 -1.172403e-02
2.795610e+12 1.998681e+00 -1.171394e-02
2.797188e+12 1.998871e+00 -1.175122e-02
2.798767e+12 1.999046e+00 -1.183390e-02
2.800345e+12 1.999197e+00 -1.195868e-02
2.801924e+12 2.000916e+00 9.076380e-03
2.803502e+12 1.999665e+00 9.079156e-03
2.805081e+12 1.999407e+00 -1.251514e-02
2.806659e+12 1.999371e+00 -1.272155e-02
2.808238e+12 1.999278e+00 -1.291059e-02
2.809817e+12 1.999134e+00 -1.306300e-02
2.811395e+12 1.998951e+00 -1.316136e-02
2.812974e+12 1.998751e+00 -1.319372e-02
2.814552e+12 1.998558e+00 -1.315691e-02
2.816131e+12 1.998395e+00 -1.305763e-02
2.817709e+12 1.998281e+00 -1.291090e-02
2.819288e+12 1.998227e+00 -1.273627e-02
2.820866e+12 1.998233e+00 -1.255374e-02
2.822445e+12 1.998297e+00 -1.238070e-02
2.824023e+12 1.998410e+00 -1.223061e-02
2.825602e+12 1.998563e+00 -1.211300e-02
2.827181e+12 1.998744e+00 -1.203426e-02
2.828759e+12 1.998945e+00 -1.199857e-02
2.830338e+12 1.999154e+00 -1.200856e-02
2.831916e+12 1.999361e+00 -1.206546e-02
2.833495e+12 1.999553e+00 -1.216883e-02
2.835073e+12 1.999720e+00 -1.231583e-02
2.836652e+12 1.999846e+00 -1.250021e-02
2.838230e+12 1.999921e+00 -1.271149e-02
2.839809e+12 2.000875e+00 8.993950e-03
2.841387e+12 1.999714e+00 9.002905e-03
2.842966e+12 1.999762e+00 -1.333470e-02
2.844545e+12 1.999588e+00 -1.346736e-02
2.846123e+12 1.999379e+00 -1.352990e-02
2.847702e+12 1.999160e+00 -1.351326e-02
2.849280e+12 1.998958e+00 -1.341971e-02
2.850859e+12 1.998798e+00 -1.326209e-02
2.852437e+12 1.998696e+00 -1.306042e-02
2.854016e+12 1.998657e+00 -1.283705e-02
2.855594e+12 1.998682e+00 -1.261272e-02
2.857173e+12 1.998762e+00 -1.240423e-02
2.858752e+12 1.998889e+00 -1.222385e-02
2.860330e+12 1.999051e+00 -1.207992e-02
2.861909e+12 1.999239e+00 -1.197788e-02
2.863487e+12 1.999442e+00 -1.192136e-02
2.865066e+12 1.999652e+00 -1.191291e-02
2.866644e+12 1.999858e+00 -1.195424e-02
2.868223e+12 2.000048e+00 -1.204599e-02
2.869801e+12 2.000213e+00 -1.218683e-02
2.871380e+12 2.000336e+00 -1.237223e-02
2.872958e+12 2.000404e+00 -1.259312e-02
2.874537e+12 2.000405e+00 -1.283459e-02
2.876116e+12 2.000329e+00 -1.307548e-02
2.877694e+12 2.000840e+00 8.895961e-03
2.879273e+12 1.999719e+00 8.902991e-03
2.880851e+12 1.999686e+00 -1.352905e-02
2.882430e+12 1.999405e+00 -1.351694e-02
2.884008e+12 1.999148e+00 -1.341408e-02
2.885587e+12 1.998945e+00 -1.323707e-02
2.887165e+12 1.998815e+00 -1.301249e-02
2.888744e+12 1.998767e+00 -1.276991e-02
2.890322e+12 1.998797e+00 -1.253616e-02
2.891901e+12 1.998894e+00 -1.233207e-02
2.893480e+12 1.999043e+00 -1.217179e-02
2.895058e+12 1.999229e+00 -1.206370e-02
2.896637e+12 1.999438e+00 -1.201185e-02
2.898215e+12 1.999655e+00 -1.201749e-02
2.899794e+12 1.999868e+00 -1.207996e-02
2.901372e+12 2.000065e+00 -1.219701e-02
2.902951e+12 2.000233e+00 -1.236449e-02
2.904529e+12 2.000359e+00 -1.257545e-02
2.906108e+12 2.000430e+00 -1.281908e-02
2.907687e+12 2.000437e+00 -1.307971e-02
2.909265e+12 2.000370e+00 -1.333665e-02
2.910844e+12 2.000230e+00 -1.356523e-02
2.912422e+12 2.000027e+00 -1.373982e-02
2.914001e+12 1.999782e+00 -1.383839e-02
2.915579e+12 2.000757e+00 8.810737e-03
2.917158e+12 1.999773e+00 8.805303e-03
2.918736e+12 1.999082e+00 -1.360692e-02
2.920315e+12 1.998951e+00 -1.338912e-02
2.921893e+12 1.998900e+00 -1.313844e-02
2.923472e+12 1.998928e+00 -1.287988e-02
2.925051e+12 1.999031e+00 -1.263530e-02
2.926629e+12 1.999197e+00 -1.242191e-02
2.928208e+12 1.999415e+00 -1.225215e-02
2.929786e+12 1.999668e+00 -1.213421e-02
2.931365e+12 1.999945e+00 -1.207296e-02
2.932943e+12 2.000231e+00 -1.207095e-02
2.934522e+12 2.000513e+00 -1.212896e-02
2.936100e+12 2.000777e+00 -1.224618e-02
2.937679e+12 2.001009e+00 -1.241964e-02
2.939257e+12 2.001194e+00 -1.264318e-02
2.940836e+12 2.001315e+00 -1.290615e-02
2.942415e+12 2.001362e+00 -1.319224e-02
2.943993e+12 2.001321e+00 -1.347919e-02
2.945572e+12 2.001192e+00 -1.373996e-02
2.947150e+12 2.000983e+00 -1.394598e-02
2.948729e+12 2.000715e+00 -1.407219e-02
2.950307e+12 2.000415e+00 -1.410262e-02
2.951886e+12 2.000120e+00 -1.403404e-02
2.953464e+12 2.000826e+00 8.703210e-03
2.955043e+12 1.999714e+00 8.694625e-03
2.956622e+12 1.999529e+00 -1.337472e-02
2.958200e+12 1.999477e+00 -1.307983e-02
2.959779e+12 1.999504e+00 -1.278613e-02
2.961357e+12 1.999602e+00 -1.251280e-02
2.962936e+12 1.999762e+00 -1.227585e-02
2.964514e+12 1.999975e+00 -1.208858e-02
2.966093e+12 2.000229e+00 -1.196243e-02
2.967671e+12 2.000509e+00 -1.190758e-02
2.969250e+12 2.000802e+00 -1.193326e-02
2.970828e+12 2.001087e+00 -1.204701e-02
2.972407e+12 2.001338e+00 -1.225241e-02
2.973986e+12 2.001523e+00 -1.254476e-02
2.975564e+12 2.001609e+00 -1.290549e-02
2.977143e+12 2.001565e+00 -1.329771e-02
2.978721e+12 2.001379e+00 -1.366738e-02
2.980300e+12 2.001068e+00 -1.395427e-02
2.981878e+12 2.000676e+00 -1.411124e-02
2.983457e+12 2.000270e+00 -1.412150e-02
2.985035e+12 1.999906e+00 -1.400131e-02
2.986614e+12 1.999624e+00 -1.378745e-02
2.988193e+12 1.999440e+00 -1.352103e-02
2.989771e+12 1.999352e+00 -1.323680e-02
2.991350e+12 2.000819e+00 8.569214e-03
2.992928e+12 1.999706e+00 8.556016e-03
2.994507e+12 1.998609e+00 8.551222e-03
2.996085e+12 1.999736e+00 -1.231688e-02
2.997664e+12 1.999959e+00 -1.218982e-02
2.999242e+12 2.000214e+00 -1.211342e-02
