0,2.1377
1.9333e-14,2.154
3.8667e-14,2.1959
5.8e-14,2.2512
7.7333e-14,2.3014
9.6667e-14,2.3504
1.16e-13,2.4005
1.3533e-13,2.4511
1.5467e-13,2.4915
1.74e-13,2.5235
1.9333e-13,2.5403
2.1267e-13,2.5823
2.32e-13,2.64
2.5133e-13,2.6942
2.7067e-13,2.7292
2.9e-13,2.7591
3.0933e-13,2.8138
3.2867e-13,2.8801
3.48e-13,2.9575
3.6733e-13,3.0077
3.8667e-13,3.0476
4.06e-13,3.0787
4.2533e-13,3.1129
4.4467e-13,3.159
4.64e-13,3.2083
4.8333e-13,3.2579
5.0267e-13,3.3094
5.22e-13,3.3678
5.4133e-13,3.4254
5.6067e-13,3.4873
5.8e-13,3.5656
5.9933e-13,3.6316
6.1867e-13,3.6649
6.38e-13,3.6802
6.5733e-13,3.7336
6.7667e-13,3.8191
6.96e-13,3.9021
7.1533e-13,3.9655
7.3467e-13,4.0272
7.54e-13,4.1013
7.7333e-13,4.19
7.9267e-13,4.2849
8.12e-13,4.3548
8.3133e-13,4.4098
8.5067e-13,4.4636
8.7e-13,4.5268
8.8933e-13,4.5826
9.0867e-13,4.6501
9.28e-13,4.7341
9.4733e-13,4.8246
9.6667e-13,4.9088
9.86e-13,4.9985
1.0053e-12,5.0918
1.0247e-12,5.1837
1.044e-12,5.2523
1.0633e-12,5.3194
1.0827e-12,5.3964
1.102e-12,5.5017
1.1213e-12,5.6273
1.1407e-12,5.7545
1.16e-12,5.8757
1.1793e-12,5.9495
1.1987e-12,5.9993
1.218e-12,6.0577
1.2373e-12,6.1497
1.2567e-12,6.265
1.276e-12,6.355
1.2953e-12,6.415
1.3147e-12,6.4603
1.334e-12,6.5385
1.3533e-12,6.6209
1.3727e-12,6.6944
1.392e-12,6.7327
1.4113e-12,6.8106
1.4307e-12,6.9174
1.45e-12,7.032
1.4693e-12,7.1153
1.4887e-12,7.1697
1.508e-12,7.2494
1.5273e-12,7.3457
1.5467e-12,7.465
1.566e-12,7.5506
1.5853e-12,7.6278
1.6047e-12,7.6951
1.624e-12,7.7649
1.6433e-12,7.8249
1.6627e-12,7.8748
1.682e-12,7.9209
1.7013e-12,7.9614
1.7207e-12,8.0132
1.74e-12,8.0745
1.7593e-12,8.1502
1.7787e-12,8.2121
1.798e-12,8.2677
1.8173e-12,8.3159
1.8367e-12,8.3615
1.856e-12,8.3983
1.8753e-12,8.4552
1.8947e-12,8.5194
1.914e-12,8.5872
1.9333e-12,8.6277
1.9527e-12,8.6735
1.972e-12,8.7431
1.9913e-12,8.8386
2.0107e-12,8.9094
2.03e-12,8.9321
2.0493e-12,8.9435
2.0687e-12,8.9806
2.088e-12,9.0759
2.1073e-12,9.163
2.1267e-12,9.2266
2.146e-12,9.2578
2.1653e-12,9.2823
2.1847e-12,9.3276
2.204e-12,9.3884
2.2233e-12,9.4871
2.2427e-12,9.5814
2.262e-12,9.6641
2.2813e-12,9.7236
2.3007e-12,9.7736
2.32e-12,9.8262
2.3393e-12,9.8696
2.3587e-12,9.9045
2.378e-12,9.9248
2.3973e-12,9.971
2.4167e-12,10.027
2.436e-12,10.095
2.4553e-12,10.157
2.4747e-12,10.226
2.494e-12,10.292
2.5133e-12,10.349
2.5327e-12,10.389
2.552e-12,10.416
2.5713e-12,10.432
2.5907e-12,10.415
2.61e-12,10.428
2.6293e-12,10.471
2.6487e-12,10.543
2.668e-12,10.611
2.6873e-12,10.64
2.7067e-12,10.645
2.726e-12,10.647
2.7453e-12,10.685
2.7647e-12,10.736
2.784e-12,10.768
2.8033e-12,10.772
2.8227e-12,10.774
2.842e-12,10.81
2.8613e-12,10.873
2.8807e-12,10.947
2.9e-12,11.007
2.9193e-12,11.034
2.9387e-12,11.054
2.958e-12,11.071
2.9773e-12,11.099
2.9967e-12,11.13
3.016e-12,11.163
3.0353e-12,11.198
3.0547e-12,11.214
3.074e-12,11.241
3.0933e-12,11.277
3.1127e-12,11.332
3.132e-12,11.368
3.1513e-12,11.404
3.1707e-12,11.442
3.19e-12,11.482
3.2093e-12,11.525
3.2287e-12,11.555
3.248e-12,11.579
3.2673e-12,11.604
3.2867e-12,11.688
3.306e-12,11.771
3.3253e-12,11.843
3.3447e-12,11.897
3.364e-12,11.97
3.3833e-12,12.052
3.4027e-12,12.137
3.422e-12,12.214
3.4413e-12,12.294
3.4607e-12,12.373
3.48e-12,12.449
3.4993e-12,12.528
3.5187e-12,12.624
3.538e-12,12.717
3.5573e-12,12.802
3.5767e-12,12.87
3.596e-12,12.944
3.6153e-12,13.021
3.6347e-12,13.108
3.654e-12,13.204
3.6733e-12,13.299
3.6927e-12,13.399
3.712e-12,13.505
3.7313e-12,13.598
3.7507e-12,13.68
3.77e-12,13.762
3.7893e-12,13.868
3.8087e-12,13.979
3.828e-12,14.077
3.8473e-12,14.157
3.8667e-12,14.232
3.886e-12,14.319
3.9053e-12,14.418
3.9247e-12,14.521
3.944e-12,14.627
3.9633e-12,14.716
3.9827e-12,14.789
4.002e-12,14.845
4.0213e-12,14.908
4.0407e-12,15.003
4.06e-12,15.098
4.0793e-12,15.185
4.0987e-12,15.241
4.118e-12,15.319
4.1373e-12,15.401
4.1567e-12,15.485
4.176e-12,15.554
4.1953e-12,15.627
4.2147e-12,15.699
4.234e-12,15.769
4.2533e-12,15.826
4.2727e-12,15.878
4.292e-12,15.927
4.3113e-12,15.968
4.3307e-12,16.013
4.35e-12,16.064
4.3693e-12,16.117
4.3887e-12,16.166
4.408e-12,16.209
4.4273e-12,16.253
4.4467e-12,16.297
4.466e-12,16.334
4.4853e-12,16.37
4.5047e-12,16.407
4.524e-12,16.445
4.5433e-12,16.482
4.5627e-12,16.521
4.582e-12,16.561
4.6013e-12,16.599
4.6207e-12,16.634
4.64e-12,16.658
4.6593e-12,16.689
4.6787e-12,16.743
4.698e-12,16.82
4.7173e-12,16.884
4.7367e-12,16.913
4.756e-12,16.92
4.7753e-12,16.924
4.7947e-12,16.985
4.814e-12,17.061
4.8333e-12,17.152
4.8527e-12,17.218
4.872e-12,17.265
4.8913e-12,17.319
4.9107e-12,17.391
4.93e-12,17.483
4.9493e-12,17.542
4.9687e-12,17.593
4.988e-12,17.655
5.0073e-12,17.757
5.0267e-12,17.863
5.046e-12,17.955
5.0653e-12,18.022
5.0847e-12,18.049
5.104e-12,18.078
5.1233e-12,18.114
5.1427e-12,18.182
5.162e-12,18.248
5.1813e-12,18.306
5.2007e-12,18.356
5.22e-12,18.406
5.2393e-12,18.46
5.2587e-12,18.509
5.278e-12,18.553
5.2973e-12,18.592
5.3167e-12,18.626
5.336e-12,18.667
5.3553e-12,18.71
5.3747e-12,18.737
5.394e-12,18.725
5.4133e-12,18.709
5.4327e-12,18.704
5.452e-12,18.747
5.4713e-12,18.743
5.4907e-12,18.701
5.51e-12,18.596
5.5293e-12,18.514
5.5487e-12,18.466
5.568e-12,18.421
5.5873e-12,18.358
5.6067e-12,18.248
5.626e-12,18.119
5.6453e-12,17.989
5.6647e-12,17.867
5.684e-12,17.73
5.7033e-12,17.581
5.7227e-12,17.422
5.742e-12,17.26
5.7613e-12,17.081
5.7807e-12,16.893
5.8e-12,16.697
5.8193e-12,16.466
5.8387e-12,16.204
5.858e-12,15.942
5.8773e-12,15.671
5.8967e-12,15.383
5.916e-12,15.103
5.9353e-12,14.841
5.9547e-12,14.586
5.974e-12,14.316
5.9933e-12,14.018
6.0127e-12,13.695
6.032e-12,13.326
6.0513e-12,12.925
6.0707e-12,12.552
6.09e-12,12.195
6.1093e-12,11.835
6.1287e-12,11.408
6.148e-12,10.975
6.1673e-12,10.553
6.1867e-12,10.146
6.206e-12,9.7153
6.2253e-12,9.2618
6.2447e-12,8.7875
6.264e-12,8.3049
6.2833e-12,7.8091
6.3027e-12,7.2913
6.322e-12,6.7575
6.3413e-12,6.1921
6.3607e-12,5.6153
6.38e-12,5.0355
6.3993e-12,4.439
6.4187e-12,3.8256
6.438e-12,3.1741
6.4573e-12,2.5299
6.4767e-12,1.8837
6.496e-12,1.2139
6.5153e-12,0.48375
6.5347e-12,-0.25223
6.554e-12,-0.99691
6.5733e-12,-1.7496
6.5927e-12,-2.5255
6.612e-12,-3.325
6.6313e-12,-4.1412
6.6507e-12,-5.0091
6.67e-12,-5.93
6.6893e-12,-6.8596
6.7087e-12,-7.8011
6.728e-12,-8.7486
6.7473e-12,-9.734
6.7667e-12,-10.779
6.786e-12,-11.856
6.8053e-12,-12.976
6.8247e-12,-14.103
6.844e-12,-15.247
6.8633e-12,-16.438
6.8827e-12,-17.678
6.902e-12,-18.936
6.9213e-12,-20.213
6.9407e-12,-21.502
6.96e-12,-22.864
6.9793e-12,-24.283
6.9987e-12,-25.718
7.018e-12,-27.184
7.0373e-12,-28.688
7.0567e-12,-30.215
7.076e-12,-31.788
7.0953e-12,-33.389
7.1147e-12,-35.067
7.134e-12,-36.776
7.1533e-12,-38.51
7.1727e-12,-40.31
7.192e-12,-42.203
7.2113e-12,-44.131
7.2307e-12,-46.104
7.25e-12,-48.103
7.2693e-12,-50.125
7.2887e-12,-52.187
7.308e-12,-54.285
7.3273e-12,-56.485
7.3467e-12,-58.741
7.366e-12,-61.016
7.3853e-12,-63.348
7.4047e-12,-65.739
7.424e-12,-68.22
7.4433e-12,-70.78
7.4627e-12,-73.376
7.482e-12,-76.043
7.5013e-12,-78.792
7.5207e-12,-81.591
7.54e-12,-84.475
7.5593e-12,-87.412
7.5787e-12,-90.404
7.598e-12,-93.493
7.6173e-12,-96.637
7.6367e-12,-99.903
7.656e-12,-103.26
7.6753e-12,-106.66
7.6947e-12,-110.16
7.714e-12,-113.73
7.7333e-12,-117.4
7.7527e-12,-121.17
7.772e-12,-124.97
7.7913e-12,-128.87
7.8107e-12,-132.93
7.83e-12,-137.07
7.8493e-12,-141.33
7.8687e-12,-145.66
7.888e-12,-150.07
7.9073e-12,-154.62
7.9267e-12,-159.26
7.946e-12,-164.05
7.9653e-12,-168.97
7.9847e-12,-173.95
8.004e-12,-179.08
8.0233e-12,-184.34
8.0427e-12,-189.74
8.062e-12,-195.32
8.0813e-12,-200.99
8.1007e-12,-206.85
8.12e-12,-212.87
8.1393e-12,-218.99
8.1587e-12,-225.31
8.178e-12,-231.8
8.1973e-12,-238.43
8.2167e-12,-245.25
8.236e-12,-252.18
8.2553e-12,-259.37
8.2747e-12,-266.85
8.294e-12,-274.46
8.3133e-12,-282.32
8.3327e-12,-290.37
8.352e-12,-298.63
8.3713e-12,-307.24
8.3907e-12,-316.06
8.41e-12,-325.17
8.4293e-12,-334.55
8.4487e-12,-344.09
8.468e-12,-354.01
8.4873e-12,-364.32
8.5067e-12,-374.87
8.526e-12,-385.78
8.5453e-12,-396.91
8.5647e-12,-408.46
8.584e-12,-420.43
8.6033e-12,-432.6
8.6227e-12,-445.2
8.642e-12,-458.28
8.6613e-12,-471.64
8.6807e-12,-485.47
8.7e-12,-499.61
8.7193e-12,-514.29
8.7387e-12,-529.51
8.758e-12,-545.01
8.7773e-12,-561.01
8.7967e-12,-577.56
8.816e-12,-594.44
8.8353e-12,-611.91
8.8547e-12,-629.8
8.874e-12,-648.28
8.8933e-12,-667.37
8.9127e-12,-686.77
8.932e-12,-706.73
8.9513e-12,-727.31
8.9707e-12,-748.22
8.99e-12,-769.74
9.0093e-12,-791.68
9.0287e-12,-814
9.048e-12,-836.65
9.0673e-12,-859.45
9.0867e-12,-882.52
9.106e-12,-905.91
9.1253e-12,-929.28
9.1447e-12,-952.52
9.164e-12,-975.5
9.1833e-12,-997.96
9.2027e-12,-1019.7
9.222e-12,-1041.1
9.2413e-12,-1061.1
9.2607e-12,-1079.3
9.28e-12,-1096.5
9.2993e-12,-1111.1
9.3187e-12,-1123.6
9.338e-12,-1133.1
9.3573e-12,-1138.6
9.3767e-12,-1141.9
9.396e-12,-1139.5
9.4153e-12,-1130.6
9.4347e-12,-1117.9
9.454e-12,-1097.3
9.4733e-12,-1069.6
9.4927e-12,-1033.3
9.512e-12,-985.28
9.5313e-12,-931.33
9.5507e-12,-862.01
9.57e-12,-775.65
9.5893e-12,-680.36
9.6087e-12,-565.47
9.628e-12,-433.59
9.6473e-12,-283.55
9.6667e-12,-109.22
9.686e-12,76.983
9.7053e-12,292.07
9.7247e-12,534.75
9.744e-12,789.78
9.7633e-12,1069.6
9.7827e-12,1368.7
9.802e-12,1681.1
9.8213e-12,2007.7
9.8407e-12,2340
9.86e-12,2673
9.8793e-12,2996.9
9.8987e-12,3310.3
9.918e-12,3595.5
9.9373e-12,3849.9
9.9567e-12,4063.9
9.976e-12,4217.6
9.9953e-12,4339.4
1.0015e-11,4376.2
1.0034e-11,4328.9
1.0053e-11,4240.4
1.0073e-11,4067.4
1.0092e-11,3821.9
1.0111e-11,3522.3
1.0131e-11,3157.4
1.015e-11,2763.3
1.0169e-11,2327.3
1.0189e-11,1868.1
1.0208e-11,1407.2
1.0227e-11,954.5
1.0247e-11,520.86
1.0266e-11,119.83
1.0285e-11,-232.66
1.0305e-11,-559.15
1.0324e-11,-819.02
1.0343e-11,-1015.2
1.0363e-11,-1181.5
1.0382e-11,-1289.8
1.0401e-11,-1351.4
1.0421e-11,-1381.2
1.044e-11,-1372.4
1.0459e-11,-1345.8
1.0479e-11,-1292.4
1.0498e-11,-1220.6
1.0517e-11,-1142.8
1.0537e-11,-1055.1
1.0556e-11,-961.03
1.0575e-11,-864.62
1.0595e-11,-766.61
1.0614e-11,-668.32
1.0633e-11,-572.42
1.0653e-11,-480.08
1.0672e-11,-390.36
1.0691e-11,-307.12
1.0711e-11,-230.61
1.073e-11,-161.3
1.0749e-11,-101.94
1.0769e-11,-47.602
1.0788e-11,-4.5432
1.0807e-11,28.65
1.0826e-11,57.447
1.0845e-11,78.069
1.0865e-11,92.398
1.0884e-11,102.41
1.0903e-11,107.44
1.0923e-11,110.14
1.0942e-11,109.11
1.0961e-11,105.51
1.0981e-11,100.97
1.1e-11,94.839
1.1019e-11,87.532
1.1039e-11,79.566
1.1058e-11,70.966
1.1077e-11,62.105
1.1097e-11,52.994
1.1116e-11,43.837
1.1135e-11,34.721
1.1155e-11,25.785
1.1174e-11,17.166
1.1193e-11,9.1254
1.1213e-11,1.9684
1.1232e-11,-4.6838
1.1251e-11,-9.9492
1.1271e-11,-13.746
1.129e-11,-16.774
1.1309e-11,-18.312
1.1329e-11,-18.656
1.1348e-11,-18.091
1.1367e-11,-16.434
1.1387e-11,-14.244
1.1406e-11,-11.167
1.1425e-11,-7.4379
1.1445e-11,-3.4426
1.1464e-11,1.0072
1.1483e-11,5.7714
1.1503e-11,10.682
1.1522e-11,15.578
1.1541e-11,20.392
1.1561e-11,24.667
1.158e-11,28.265
1.1599e-11,31.479
1.1619e-11,33.906
1.1638e-11,35.684
1.1657e-11,37.015
1.1677e-11,38.016
1.1696e-11,38.935
1.1715e-11,40.009
1.1735e-11,41.42
1.1754e-11,43.028
1.1773e-11,45.024
1.1793e-11,47.289
1.1812e-11,49.743
1.1831e-11,52.339
1.1851e-11,54.978
1.187e-11,57.608
1.1889e-11,60.245
1.1909e-11,62.875
1.1928e-11,65.454
1.1947e-11,67.953
1.1967e-11,70.23
1.1986e-11,72.189
1.2005e-11,73.946
1.2025e-11,75.138
1.2044e-11,75.638
1.2063e-11,75.778
1.2083e-11,75.269
1.2102e-11,74.323
1.2121e-11,72.914
1.2141e-11,71.031
1.216e-11,68.929
1.2179e-11,66.431
1.2199e-11,63.522
1.2218e-11,60.43
1.2237e-11,57.074
1.2257e-11,53.588
1.2276e-11,50.15
1.2295e-11,46.901
1.2315e-11,43.809
1.2334e-11,41.163
1.2353e-11,39.056
1.2373e-11,37.29
1.2392e-11,36.101
1.2411e-11,35.284
1.2431e-11,34.905
1.245e-11,34.882
1.2469e-11,35
1.2489e-11,35.32
1.2508e-11,35.807
1.2527e-11,36.333
1.2547e-11,36.879
1.2566e-11,37.413
1.2585e-11,37.88
1.2605e-11,38.289
1.2624e-11,38.682
1.2643e-11,39.075
1.2663e-11,39.481
1.2682e-11,39.911
1.2701e-11,40.37
1.2721e-11,40.843
1.274e-11,41.27
1.2759e-11,41.684
1.2779e-11,42.084
1.2798e-11,42.428
1.2817e-11,42.632
1.2837e-11,42.745
1.2856e-11,42.77
1.2875e-11,42.763
1.2895e-11,42.703
1.2914e-11,42.594
1.2933e-11,42.468
1.2953e-11,42.331
1.2972e-11,42.222
1.2991e-11,42.185
1.3011e-11,42.231
1.303e-11,42.318
1.3049e-11,42.59
1.3069e-11,43.103
1.3088e-11,43.693
1.3107e-11,44.391
1.3127e-11,45.12
1.3146e-11,45.78
1.3165e-11,46.285
1.3185e-11,46.688
1.3204e-11,46.745
1.3223e-11,46.371
1.3243e-11,45.792
1.3262e-11,44.805
1.3281e-11,43.503
1.3301e-11,41.852
1.332e-11,39.8
1.3339e-11,37.576
1.3359e-11,35.135
1.3378e-11,32.535
1.3397e-11,29.913
1.3417e-11,27.279
1.3436e-11,24.675
1.3455e-11,22.263
1.3475e-11,20.146
1.3494e-11,18.181
1.3513e-11,16.51
1.3533e-11,15.12
1.3552e-11,13.887
1.3571e-11,12.964
1.3591e-11,12.258
1.361e-11,11.908
1.3629e-11,11.879
1.3649e-11,12.001
1.3668e-11,12.412
1.3687e-11,13.109
1.3707e-11,13.956
1.3726e-11,15.013
1.3745e-11,16.179
1.3765e-11,17.434
1.3784e-11,18.759
1.3803e-11,20.07
1.3823e-11,21.248
1.3842e-11,22.147
1.3861e-11,22.681
1.3881e-11,22.656
1.39e-11,22.327
1.3919e-11,21.266
1.3939e-11,19.517
1.3958e-11,17.436
1.3977e-11,14.722
1.3997e-11,11.528
1.4016e-11,8.0149
1.4035e-11,4.1646
1.4055e-11,0.17784
1.4074e-11,-3.9077
1.4093e-11,-7.9386
1.4113e-11,-11.834
1.4132e-11,-15.388
1.4151e-11,-18.623
1.4171e-11,-21.392
1.419e-11,-23.627
1.4209e-11,-25.591
1.4229e-11,-27.011
1.4248e-11,-27.853
1.4267e-11,-28.411
1.4287e-11,-28.497
1.4306e-11,-28.297
1.4325e-11,-27.836
1.4345e-11,-27.159
1.4364e-11,-26.42
1.4383e-11,-25.663
1.4403e-11,-25.017
1.4422e-11,-24.512
1.4441e-11,-24.232
1.4461e-11,-24.08
1.448e-11,-24.163
1.4499e-11,-24.486
1.4519e-11,-24.93
1.4538e-11,-25.609
1.4557e-11,-26.47
1.4577e-11,-27.456
1.4596e-11,-28.619
1.4615e-11,-29.867
1.4635e-11,-31.192
1.4654e-11,-32.537
1.4673e-11,-33.866
1.4693e-11,-35.141
1.4712e-11,-36.353
1.4731e-11,-37.475
1.4751e-11,-38.47
1.477e-11,-39.403
1.4789e-11,-40.242
1.4809e-11,-41.018
1.4828e-11,-41.771
1.4847e-11,-42.469
1.4867e-11,-43.117
1.4886e-11,-43.697
1.4905e-11,-44.269
1.4925e-11,-44.845
1.4944e-11,-45.428
1.4963e-11,-45.932
1.4983e-11,-46.378
1.5002e-11,-46.755
1.5021e-11,-47.113
1.5041e-11,-47.473
1.506e-11,-47.824
1.5079e-11,-48.18
1.5099e-11,-48.568
1.5118e-11,-49.008
1.5137e-11,-49.504
1.5157e-11,-50.092
1.5176e-11,-50.732
1.5195e-11,-51.545
1.5215e-11,-52.575
1.5234e-11,-53.688
1.5253e-11,-54.928
1.5273e-11,-56.21
1.5292e-11,-57.457
1.5311e-11,-58.605
1.5331e-11,-59.683
1.535e-11,-60.41
1.5369e-11,-60.616
1.5389e-11,-60.523
1.5408e-11,-59.801
1.5427e-11,-58.625
1.5447e-11,-56.976
1.5466e-11,-54.806
1.5485e-11,-52.422
1.5505e-11,-49.696
1.5524e-11,-46.767
1.5543e-11,-43.907
1.5563e-11,-41.233
1.5582e-11,-38.719
1.5601e-11,-36.557
1.5621e-11,-34.875
1.564e-11,-33.435
1.5659e-11,-32.518
1.5679e-11,-31.999
1.5698e-11,-31.654
1.5717e-11,-31.559
1.5737e-11,-31.582
1.5756e-11,-31.698
1.5775e-11,-31.793
1.5795e-11,-31.84
1.5814e-11,-31.748
1.5833e-11,-31.522
1.5853e-11,-31.129
1.5872e-11,-30.53
1.5891e-11,-29.849
1.5911e-11,-29.096
1.593e-11,-28.277
1.5949e-11,-27.44
1.5969e-11,-26.578
1.5988e-11,-25.707
1.6007e-11,-24.839
1.6027e-11,-23.959
1.6046e-11,-23.058
1.6065e-11,-22.069
1.6085e-11,-21.008
1.6104e-11,-19.901
1.6123e-11,-18.701
1.6143e-11,-17.443
1.6162e-11,-16.167
1.6181e-11,-14.927
1.6201e-11,-13.728
1.622e-11,-12.665
1.6239e-11,-11.771
1.6259e-11,-11.148
1.6278e-11,-10.907
1.6297e-11,-10.857
1.6317e-11,-11.211
1.6336e-11,-11.918
1.6355e-11,-12.718
1.6375e-11,-13.661
1.6394e-11,-14.66
1.6413e-11,-15.542
1.6433e-11,-16.239
1.6452e-11,-16.81
1.6471e-11,-17.008
1.6491e-11,-16.762
1.651e-11,-16.291
1.6529e-11,-15.448
1.6549e-11,-14.382
1.6568e-11,-13.146
1.6587e-11,-11.841
1.6607e-11,-10.533
1.6626e-11,-9.2716
1.6645e-11,-8.1273
1.6665e-11,-7.1353
1.6684e-11,-6.3625
1.6703e-11,-5.7053
1.6723e-11,-5.3374
1.6742e-11,-5.2702
1.6761e-11,-5.3235
1.6781e-11,-5.5924
1.68e-11,-6.0082
1.6819e-11,-6.5736
1.6839e-11,-7.2546
1.6858e-11,-7.9727
1.6877e-11,-8.7197
1.6897e-11,-9.5217
1.6916e-11,-10.326
1.6935e-11,-11.105
1.6955e-11,-11.85
1.6974e-11,-12.514
1.6993e-11,-13.127
1.7013e-11,-13.719
1.7032e-11,-14.27
1.7051e-11,-14.781
1.7071e-11,-15.291
1.709e-11,-15.814
1.7109e-11,-16.345
1.7129e-11,-16.839
1.7148e-11,-17.195
1.7167e-11,-17.473
1.7187e-11,-17.602
1.7206e-11,-17.63
1.7225e-11,-17.459
1.7245e-11,-17.024
1.7264e-11,-16.434
1.7283e-11,-15.507
1.7303e-11,-14.272
1.7322e-11,-12.905
1.7341e-11,-11.345
1.7361e-11,-9.6839
1.738e-11,-7.9748
1.7399e-11,-6.3375
1.7419e-11,-4.8068
1.7438e-11,-3.5473
1.7457e-11,-2.5478
1.7477e-11,-1.8107
1.7496e-11,-1.4317
1.7515e-11,-1.2499
1.7535e-11,-1.444
1.7554e-11,-1.9787
1.7573e-11,-2.5825
1.7593e-11,-3.2748
1.7612e-11,-3.991
1.7631e-11,-4.6559
1.7651e-11,-5.1744
1.767e-11,-5.5749
1.7689e-11,-5.7012
1.7709e-11,-5.5632
1.7728e-11,-5.2757
1.7747e-11,-4.7981
1.7767e-11,-4.2292
1.7786e-11,-3.5403
1.7805e-11,-2.8398
1.7825e-11,-2.1945
1.7844e-11,-1.69
1.7863e-11,-1.3122
1.7883e-11,-1.1313
1.7902e-11,-1.195
1.7921e-11,-1.383
1.7941e-11,-1.7731
1.796e-11,-2.3362
1.7979e-11,-2.9453
1.7999e-11,-3.6147
1.8018e-11,-4.3098
1.8037e-11,-5.0741
1.8057e-11,-5.9076
1.8076e-11,-6.7846
1.8095e-11,-7.7808
1.8115e-11,-8.9537
1.8134e-11,-10.364
1.8153e-11,-12.11
1.8173e-11,-14.041
1.8192e-11,-16.38
1.8211e-11,-19.11
1.8231e-11,-21.972
1.825e-11,-25.042
1.8269e-11,-28.204
1.8289e-11,-31.235
1.8308e-11,-34
1.8327e-11,-36.563
1.8347e-11,-38.608
1.8366e-11,-40.121
1.8385e-11,-41.147
1.8405e-11,-41.445
1.8424e-11,-41.366
1.8443e-11,-40.614
1.8463e-11,-39.341
1.8482e-11,-37.902
1.8501e-11,-36.211
1.8521e-11,-34.397
1.854e-11,-32.618
1.8559e-11,-31.014
1.8579e-11,-29.547
1.8598e-11,-28.419
1.8617e-11,-27.591
1.8637e-11,-26.938
1.8656e-11,-26.556
1.8675e-11,-26.313
1.8695e-11,-26.231
1.8714e-11,-26.158
1.8733e-11,-26.057
1.8753e-11,-25.91
1.8772e-11,-25.751
1.8791e-11,-25.541
1.8811e-11,-25.247
1.883e-11,-24.925
1.8849e-11,-24.597
1.8869e-11,-24.317
1.8888e-11,-24.125
1.8907e-11,-24.061
1.8927e-11,-24.062
1.8946e-11,-24.187
1.8965e-11,-24.449
1.8985e-11,-24.768
1.9004e-11,-25.155
1.9023e-11,-25.546
1.9043e-11,-25.78
1.9062e-11,-25.832
1.9081e-11,-25.786
1.9101e-11,-25.531
1.912e-11,-25.045
1.9139e-11,-24.386
1.9159e-11,-23.532
1.9178e-11,-22.601
1.9197e-11,-21.597
1.9217e-11,-20.528
1.9236e-11,-19.477
1.9255e-11,-18.506
1.9275e-11,-17.626
1.9294e-11,-16.889
1.9313e-11,-16.281
1.9333e-11,-15.725
1.9352e-11,-15.235
1.9371e-11,-14.779
1.9391e-11,-14.29
1.941e-11,-13.743
1.9429e-11,-13.16
1.9449e-11,-12.498
1.9468e-11,-11.76
1.9487e-11,-11.001
1.9507e-11,-10.216
1.9526e-11,-9.4253
1.9545e-11,-8.7133
1.9565e-11,-8.1402
1.9584e-11,-7.6553
1.9603e-11,-7.3698
1.9623e-11,-7.2947
1.9642e-11,-7.3472
1.9661e-11,-7.5833
1.9681e-11,-7.9129
1.97e-11,-8.3939
1.9719e-11,-8.9391
1.9739e-11,-9.4873
1.9758e-11,-10.019
1.9777e-11,-10.521
1.9797e-11,-10.945
1.9816e-11,-11.274
1.9835e-11,-11.552
1.9855e-11,-11.73
1.9874e-11,-11.826
1.9893e-11,-11.93
1.9913e-11,-12.072
1.9932e-11,-12.247
1.9951e-11,-12.458
1.9971e-11,-12.736
1.999e-11,-13.069
2.0009e-11,-13.493
2.0029e-11,-13.959
2.0048e-11,-14.427
2.0067e-11,-14.877
2.0087e-11,-15.303
2.0106e-11,-15.66
2.0125e-11,-15.932
2.0145e-11,-16.1
2.0164e-11,-16.049
2.0183e-11,-15.855
2.0203e-11,-15.338
2.0222e-11,-14.6
2.0241e-11,-13.749
2.0261e-11,-12.704
2.028e-11,-11.532
2.0299e-11,-10.338
2.0319e-11,-9.204
2.0338e-11,-8.1464
2.0357e-11,-7.3159
2.0377e-11,-6.721
2.0396e-11,-6.3339
2.0415e-11,-6.2811
2.0435e-11,-6.4122
2.0454e-11,-6.944
2.0473e-11,-7.799
2.0493e-11,-8.7476
2.0512e-11,-9.8454
2.0531e-11,-11.033
2.0551e-11,-12.245
2.057e-11,-13.386
2.0589e-11,-14.461
2.0609e-11,-15.379
2.0628e-11,-16.166
2.0647e-11,-16.811
2.0667e-11,-17.23
2.0686e-11,-17.529
2.0705e-11,-17.653
2.0725e-11,-17.689
2.0744e-11,-17.709
2.0763e-11,-17.704
2.0783e-11,-17.686
2.0802e-11,-17.715
2.0821e-11,-17.813
2.0841e-11,-17.941
2.086e-11,-18.122
2.0879e-11,-18.34
2.0899e-11,-18.551
2.0918e-11,-18.745
2.0937e-11,-18.921
2.0957e-11,-19.016
2.0976e-11,-18.999
2.0995e-11,-18.93
2.1015e-11,-18.75
2.1034e-11,-18.491
2.1053e-11,-18.116
2.1073e-11,-17.662
2.1092e-11,-17.149
2.1111e-11,-16.517
2.1131e-11,-15.804
2.115e-11,-15.072
2.1169e-11,-14.288
2.1189e-11,-13.46
2.1208e-11,-12.522
2.1227e-11,-11.516
2.1247e-11,-10.511
2.1266e-11,-9.4985
2.1285e-11,-8.4762
2.1305e-11,-7.4089
2.1324e-11,-6.3217
2.1343e-11,-5.2466
2.1363e-11,-4.1903
2.1382e-11,-3.132
2.1401e-11,-2.0411
2.1421e-11,-0.9483
2.144e-11,0.12262
2.1459e-11,1.1248
2.1479e-11,2.0745
2.1498e-11,2.9754
2.1517e-11,3.7761
2.1537e-11,4.5092
2.1556e-11,5.0822
2.1575e-11,5.4667
2.1595e-11,5.7149
2.1614e-11,5.6906
2.1633e-11,5.4774
2.1653e-11,4.9985
2.1672e-11,4.2092
2.1691e-11,3.2506
2.1711e-11,1.9853
2.173e-11,0.50947
2.1749e-11,-1.1047
2.1769e-11,-2.8477
2.1788e-11,-4.6307
2.1807e-11,-6.41
2.1827e-11,-8.1329
2.1846e-11,-9.7908
2.1865e-11,-11.32
2.1885e-11,-12.77
2.1904e-11,-13.964
2.1923e-11,-14.933
2.1943e-11,-15.816
2.1962e-11,-16.534
2.1981e-11,-17.116
2.2001e-11,-17.474
2.202e-11,-17.588
2.2039e-11,-17.598
2.2059e-11,-17.451
2.2078e-11,-17.181
2.2097e-11,-16.779
2.2117e-11,-16.152
2.2136e-11,-15.399
2.2155e-11,-14.389
2.2175e-11,-13.13
2.2194e-11,-11.75
2.2213e-11,-10.154
2.2233e-11,-8.4326
2.2252e-11,-6.5987
2.2271e-11,-4.6914
2.2291e-11,-2.7904
2.231e-11,-0.95895
2.2329e-11,0.77148
2.2349e-11,2.2605
2.2368e-11,3.3829
2.2387e-11,4.2979
2.2407e-11,4.8107
2.2426e-11,4.9582
2.2445e-11,4.8251
2.2465e-11,4.2512
2.2484e-11,3.4498
2.2503e-11,2.2775
2.2523e-11,0.78286
2.2542e-11,-0.82691
2.2561e-11,-2.639
2.2581e-11,-4.5722
2.26e-11,-6.5525
2.2619e-11,-8.469
2.2639e-11,-10.326
2.2658e-11,-12.044
2.2677e-11,-13.632
2.2697e-11,-15.027
2.2716e-11,-16.157
2.2735e-11,-17.148
2.2755e-11,-17.885
2.2774e-11,-18.396
2.2793e-11,-18.782
2.2813e-11,-18.951
2.2832e-11,-19.002
2.2851e-11,-18.802
2.2871e-11,-18.407
2.289e-11,-17.89
2.2909e-11,-17.113
2.2929e-11,-16.145
2.2948e-11,-14.962
2.2967e-11,-13.565
2.2987e-11,-12.084
2.3006e-11,-10.464
2.3025e-11,-8.7417
2.3045e-11,-7.0144
2.3064e-11,-5.3904
2.3083e-11,-3.861
2.3103e-11,-2.6133
2.3122e-11,-1.6774
2.3141e-11,-0.95792
2.3161e-11,-0.57949
2.318e-11,-0.37571
2.3199e-11,-0.50059
2.3219e-11,-0.91109
2.3238e-11,-1.3985
2.3257e-11,-1.9814
2.3277e-11,-2.5905
2.3296e-11,-3.1444
2.3315e-11,-3.5754
2.3335e-11,-3.9155
2.3354e-11,-4.0454
2.3373e-11,-3.9965
2.3393e-11,-3.8296
2.3412e-11,-3.5384
2.3431e-11,-3.1953
2.3451e-11,-2.8041
2.347e-11,-2.4633
2.3489e-11,-2.212
2.3509e-11,-2.1095
2.3528e-11,-2.0932
2.3547e-11,-2.3035
2.3567e-11,-2.7614
2.3586e-11,-3.3291
2.3605e-11,-4.0897
2.3625e-11,-4.9623
2.3644e-11,-5.9398
2.3663e-11,-6.987
2.3683e-11,-8.0282
2.3702e-11,-8.9938
2.3721e-11,-9.8501
2.3741e-11,-10.536
2.376e-11,-11
2.3779e-11,-11.335
2.3799e-11,-11.405
2.3818e-11,-11.227
2.3837e-11,-10.906
2.3857e-11,-10.416
2.3876e-11,-9.8508
2.3895e-11,-9.1498
2.3915e-11,-8.3475
2.3934e-11,-7.5249
2.3953e-11,-6.6456
2.3973e-11,-5.7208
2.3992e-11,-4.7075
2.4011e-11,-3.6853
2.4031e-11,-2.6739
2.405e-11,-1.6765
2.4069e-11,-0.67128
2.4089e-11,0.27255
2.4108e-11,1.0835
2.4127e-11,1.8032
2.4147e-11,2.3189
2.4166e-11,2.6469
2.4185e-11,2.7262
2.4205e-11,2.4229
2.4224e-11,1.9049
2.4243e-11,0.99099
2.4263e-11,-0.2303
2.4282e-11,-1.6446
2.4301e-11,-3.3481
2.4321e-11,-5.1917
2.434e-11,-7.147
2.4359e-11,-9.1053
2.4379e-11,-11.001
2.4398e-11,-12.739
2.4417e-11,-14.36
2.4437e-11,-15.686
2.4456e-11,-16.655
2.4475e-11,-17.409
2.4495e-11,-17.737
2.4514e-11,-17.77
2.4533e-11,-17.475
2.4553e-11,-16.769
2.4572e-11,-15.854
2.4591e-11,-14.584
2.4611e-11,-13.109
2.463e-11,-11.567
2.4649e-11,-9.9494
2.4669e-11,-8.3064
2.4688e-11,-6.6861
2.4707e-11,-5.1882
2.4727e-11,-3.8264
2.4746e-11,-2.6611
2.4765e-11,-1.5919
2.4785e-11,-0.72335
2.4804e-11,-0.10592
2.4823e-11,0.40714
2.4843e-11,0.75837
2.4862e-11,1.0361
2.4881e-11,1.1985
2.4901e-11,1.2537
2.492e-11,1.259
2.4939e-11,1.1807
2.4959e-11,1.0556
2.4978e-11,0.92176
2.4997e-11,0.72297
2.5017e-11,0.4986
2.5036e-11,0.27388
2.5055e-11,0.11074
2.5075e-11,-0.0008118
2.5094e-11,-0.043121
2.5113e-11,-0.034773
2.5133e-11,0.11043
2.5152e-11,0.37572
2.5171e-11,0.69596
2.5191e-11,1.072
2.521e-11,1.4595
2.5229e-11,1.7832
2.5249e-11,2.0182
2.5268e-11,2.1566
2.5287e-11,2.0944
2.5307e-11,1.909
2.5326e-11,1.3991
2.5345e-11,0.50883
2.5365e-11,-0.56071
2.5384e-11,-1.9449
2.5403e-11,-3.5274
2.5423e-11,-5.3524
2.5442e-11,-7.3436
2.5461e-11,-9.3368
2.5481e-11,-11.232
2.55e-11,-13.004
2.5519e-11,-14.5
2.5539e-11,-15.588
2.5558e-11,-16.414
2.5577e-11,-16.666
2.5597e-11,-16.385
2.5616e-11,-15.678
2.5635e-11,-14.409
2.5655e-11,-12.866
2.5674e-11,-10.904
2.5693e-11,-8.6423
2.5713e-11,-6.2943
2.5732e-11,-3.8768
2.5751e-11,-1.4565
2.5771e-11,0.81428
2.579e-11,2.8399
2.5809e-11,4.6517
2.5829e-11,6.0436
2.5848e-11,7.1824
2.5867e-11,7.8835
2.5887e-11,8.2129
2.5906e-11,8.392
2.5925e-11,8.2773
2.5945e-11,7.9517
2.5964e-11,7.3269
2.5983e-11,6.4526
2.6003e-11,5.4531
2.6022e-11,4.1895
2.6041e-11,2.692
2.6061e-11,0.90685
2.608e-11,-1.185
2.6099e-11,-3.4227
2.6119e-11,-5.9162
2.6138e-11,-8.6028
2.6157e-11,-11.332
2.6177e-11,-13.997
2.6196e-11,-16.556
2.6215e-11,-18.741
2.6235e-11,-20.518
2.6254e-11,-21.841
2.6273e-11,-22.351
2.6293e-11,-22.404
2.6312e-11,-21.594
2.6331e-11,-20.023
2.6351e-11,-18.074
2.637e-11,-15.527
2.6389e-11,-12.703
2.6409e-11,-9.6215
2.6428e-11,-6.464
2.6447e-11,-3.4138
2.6467e-11,-0.64983
2.6486e-11,1.9036
2.6505e-11,3.9205
2.6525e-11,5.3212
2.6544e-11,6.393
2.6563e-11,6.8852
2.6583e-11,7.0249
2.6602e-11,6.8158
2.6621e-11,6.2911
2.6641e-11,5.646
2.666e-11,4.8621
2.6679e-11,4.0493
2.6699e-11,3.3581
2.6718e-11,2.7869
2.6737e-11,2.2784
2.6757e-11,1.8977
2.6776e-11,1.6475
2.6795e-11,1.4855
2.6815e-11,1.3625
2.6834e-11,1.234
2.6853e-11,1.065
2.6873e-11,0.87628
2.6892e-11,0.61423
2.6911e-11,0.20508
2.6931e-11,-0.29167
2.695e-11,-0.91176
2.6969e-11,-1.5574
2.6989e-11,-2.1786
2.7008e-11,-2.7797
2.7027e-11,-3.372
2.7047e-11,-3.9106
2.7066e-11,-4.3514
2.7085e-11,-4.733
2.7105e-11,-5.0295
2.7124e-11,-5.2868
2.7143e-11,-5.5187
2.7163e-11,-5.7591
2.7182e-11,-5.9804
2.7201e-11,-6.1595
2.7221e-11,-6.3107
2.724e-11,-6.4947
2.7259e-11,-6.6951
2.7279e-11,-6.8681
2.7298e-11,-6.9699
2.7317e-11,-7.019
2.7337e-11,-6.9772
2.7356e-11,-6.7978
2.7375e-11,-6.5307
2.7395e-11,-6.0999
2.7414e-11,-5.5613
2.7433e-11,-4.863
2.7453e-11,-4.0404
2.7472e-11,-3.1535
2.7491e-11,-2.1481
2.7511e-11,-1.0532
2.753e-11,-0.0052479
2.7549e-11,0.98115
2.7569e-11,1.9405
2.7588e-11,2.8518
2.7607e-11,3.6951
2.7627e-11,4.399
2.7646e-11,4.9204
2.7665e-11,5.3463
2.7685e-11,5.5921
2.7704e-11,5.6463
2.7723e-11,5.496
2.7743e-11,5.0497
2.7762e-11,4.4376
2.7781e-11,3.5028
2.7801e-11,2.3077
2.782e-11,0.92914
2.7839e-11,-0.72093
2.7859e-11,-2.5007
2.7878e-11,-4.4508
2.7897e-11,-6.5097
2.7917e-11,-8.5555
2.7936e-11,-10.521
2.7955e-11,-12.414
2.7975e-11,-14.075
2.7994e-11,-15.493
2.8013e-11,-16.727
2.8033e-11,-17.607
2.8052e-11,-18.285
2.8071e-11,-18.563
2.8091e-11,-18.455
2.811e-11,-18.125
2.8129e-11,-17.428
2.8149e-11,-16.556
2.8168e-11,-15.431
2.8187e-11,-14.023
2.8207e-11,-12.509
2.8226e-11,-10.846
2.8245e-11,-9.1281
2.8265e-11,-7.4478
2.8284e-11,-5.834
2.8303e-11,-4.2859
2.8323e-11,-2.9107
2.8342e-11,-1.6673
2.8361e-11,-0.73885
2.8381e-11,-0.099662
2.84e-11,0.39059
2.8419e-11,0.56622
2.8439e-11,0.52681
2.8458e-11,0.21166
2.8477e-11,-0.34514
2.8497e-11,-0.97634
2.8516e-11,-1.6994
2.8535e-11,-2.4609
2.8555e-11,-3.1911
2.8574e-11,-3.8442
2.8593e-11,-4.42
2.8613e-11,-4.8046
2.8632e-11,-5.0318
2.8651e-11,-5.0423
2.8671e-11,-4.7778
2.869e-11,-4.3866
2.8709e-11,-3.7958
2.8729e-11,-3.0934
2.8748e-11,-2.3452
2.8767e-11,-1.5964
2.8787e-11,-0.87708
2.8806e-11,-0.26466
2.8825e-11,0.22725
2.8845e-11,0.52396
2.8864e-11,0.57021
2.8883e-11,0.48885
2.8903e-11,0.1781
2.8922e-11,-0.29897
2.8941e-11,-0.89172
2.8961e-11,-1.577
2.898e-11,-2.2908
2.8999e-11,-3.0207
2.9019e-11,-3.7339
2.9038e-11,-4.4036
2.9057e-11,-5.0089
2.9077e-11,-5.5623
2.9096e-11,-5.98
2.9115e-11,-6.2858
2.9135e-11,-6.5054
2.9154e-11,-6.6104
2.9173e-11,-6.6472
2.9193e-11,-6.525
2.9212e-11,-6.2268
2.9231e-11,-5.7592
2.9251e-11,-5.0471
2.927e-11,-4.1971
2.9289e-11,-3.0703
2.9309e-11,-1.743
2.9328e-11,-0.2989
2.9347e-11,1.2957
2.9367e-11,2.9365
2.9386e-11,4.5393
2.9405e-11,6.0377
2.9425e-11,7.3414
2.9444e-11,8.3108
2.9463e-11,9.0791
2.9483e-11,9.4245
2.9502e-11,9.391
2.9521e-11,9.0366
2.9541e-11,8.2097
2.956e-11,7.1462
2.9579e-11,5.7039
2.9599e-11,3.9571
2.9618e-11,2.0201
2.9637e-11,-0.16187
2.9657e-11,-2.4337
2.9676e-11,-4.7418
2.9695e-11,-7.0115
2.9715e-11,-9.2188
2.9734e-11,-11.298
2.9753e-11,-13.264
2.9773e-11,-14.845
2.9792e-11,-16.026
2.9811e-11,-16.873
2.9831e-11,-17.141
2.985e-11,-17.082
2.9869e-11,-16.378
2.9889e-11,-15.129
2.9908e-11,-13.544
2.9927e-11,-11.493
2.9947e-11,-9.2372
2.9966e-11,-6.7116
2.9985e-11,-4.0155
3.0005e-11,-1.3565
3.0024e-11,1.1414
3.0043e-11,3.5014
3.0063e-11,5.4923
3.0082e-11,7.1247
3.0101e-11,8.444
3.0121e-11,9.2476
3.014e-11,9.7694
3.0159e-11,9.763
3.0179e-11,9.386
3.0198e-11,8.8141
3.0217e-11,7.9556
3.0237e-11,6.9639
3.0256e-11,5.7931
3.0275e-11,4.5411
3.0295e-11,3.327
3.0314e-11,2.1838
3.0333e-11,1.0962
3.0353e-11,0.18011
3.0372e-11,-0.53591
3.0391e-11,-1.0933
3.0411e-11,-1.4262
3.043e-11,-1.6356
3.0449e-11,-1.6047
3.0469e-11,-1.3906
3.0488e-11,-1.0425
3.0507e-11,-0.49066
3.0527e-11,0.17118
3.0546e-11,1.0125
3.0565e-11,1.9362
3.0585e-11,2.8782
3.0604e-11,3.8197
3.0623e-11,4.7223
3.0643e-11,5.4611
3.0662e-11,6.0377
3.0681e-11,6.4346
3.0701e-11,6.5531
3.072e-11,6.4909
3.0739e-11,6.0361
3.0759e-11,5.2506
3.0778e-11,4.2654
3.0797e-11,3.1056
3.0817e-11,1.8916
3.0836e-11,0.6372
3.0855e-11,-0.60597
3.0875e-11,-1.6596
3.0894e-11,-2.4304
3.0913e-11,-3.0398
3.0933e-11,-3.3263
3.0952e-11,-3.3433
3.0971e-11,-3.0688
3.0991e-11,-2.4858
3.101e-11,-1.7974
3.1029e-11,-1.0053
3.1049e-11,-0.16884
3.1068e-11,0.62853
3.1087e-11,1.2921
3.1107e-11,1.8491
3.1126e-11,2.1816
3.1145e-11,2.3651
3.1165e-11,2.3637
3.1184e-11,2.1753
3.1203e-11,1.9294
3.1223e-11,1.6317
3.1242e-11,1.3184
3.1261e-11,1.0024
3.1281e-11,0.72749
3.13e-11,0.49901
3.1319e-11,0.33679
3.1339e-11,0.17978
3.1358e-11,-0.022126
3.1377e-11,-0.23917
3.1397e-11,-0.51302
3.1416e-11,-0.94995
3.1435e-11,-1.5134
3.1455e-11,-2.2489
3.1474e-11,-3.0996
3.1493e-11,-3.9865
3.1513e-11,-4.9343
3.1532e-11,-5.9193
3.1551e-11,-6.7722
3.1571e-11,-7.3687
3.159e-11,-7.8004
3.1609e-11,-7.9038
3.1629e-11,-7.8228
3.1648e-11,-7.2973
3.1667e-11,-6.3312
3.1687e-11,-5.163
3.1706e-11,-3.667
3.1725e-11,-2.0291
3.1745e-11,-0.33724
3.1764e-11,1.3356
3.1783e-11,2.8978
3.1803e-11,4.218
3.1822e-11,5.3721
3.1841e-11,6.0888
3.1861e-11,6.3547
3.188e-11,6.3506
3.1899e-11,5.939
3.1919e-11,5.3298
3.1938e-11,4.4431
3.1957e-11,3.4065
3.1977e-11,2.3861
3.1996e-11,1.4219
3.2015e-11,0.51013
3.2035e-11,-0.2537
3.2054e-11,-0.85663
3.2073e-11,-1.2719
3.2093e-11,-1.4651
3.2112e-11,-1.5629
3.2131e-11,-1.5196
3.2151e-11,-1.3633
3.217e-11,-1.1033
3.2189e-11,-0.79727
3.2209e-11,-0.49056
3.2228e-11,-0.1648
3.2247e-11,0.22748
3.2267e-11,0.69934
3.2286e-11,1.2378
3.2305e-11,1.8154
3.2325e-11,2.458
3.2344e-11,3.1296
3.2363e-11,3.8371
3.2383e-11,4.5732
3.2402e-11,5.2794
3.2421e-11,5.903
3.2441e-11,6.4736
3.246e-11,6.8508
3.2479e-11,6.96
3.2499e-11,6.9265
3.2518e-11,6.6304
3.2537e-11,6.1911
3.2557e-11,5.5295
3.2576e-11,4.7092
3.2595e-11,3.8482
3.2615e-11,2.945
3.2634e-11,2.0462
3.2653e-11,1.2717
3.2673e-11,0.69092
3.2692e-11,0.29373
3.2711e-11,0.17233
3.2731e-11,0.20242
3.275e-11,0.54462
3.2769e-11,1.1801
3.2789e-11,1.9622
3.2808e-11,2.8902
3.2827e-11,3.8714
3.2847e-11,4.9208
3.2866e-11,6.0246
3.2885e-11,7.0818
3.2905e-11,7.9897
3.2924e-11,8.8004
3.2943e-11,9.446
3.2963e-11,9.986
3.2982e-11,10.314
3.3001e-11,10.419
3.3021e-11,10.443
3.304e-11,10.286
3.3059e-11,9.939
3.3079e-11,9.3205
3.3098e-11,8.8373
3.3117e-11,8.4457
3.3137e-11,8.0182
3.3156e-11,7.4332
3.3175e-11,6.0323
3.3195e-11,4.6095
3.3214e-11,3.8957
3.3233e-11,3.6414
3.3253e-11,3.2091
3.3272e-11,2.1729
3.3291e-11,1.8482
3.3311e-11,1.6271
3.333e-11,1.0415
3.3349e-11,0.21248
3.3369e-11,-0.4119
3.3388e-11,-0.50939
3.3407e-11,-0.39908
3.3427e-11,-0.047911
3.3446e-11,0.44468
3.3465e-11,1.2117
3.3485e-11,2.1489
3.3504e-11,3.2645
3.3523e-11,4.6099
3.3543e-11,6.0434
3.3562e-11,7.5621
3.3581e-11,9.0951
3.3601e-11,10.511
3.362e-11,11.739
3.3639e-11,12.832
3.3659e-11,13.633
3.3678e-11,14.246
3.3697e-11,14.411
3.3717e-11,14.114
3.3736e-11,13.585
3.3755e-11,12.634
3.3775e-11,11.46
3.3794e-11,9.9488
3.3813e-11,8.2305
3.3833e-11,6.5038
3.3852e-11,4.7978
3.3871e-11,3.1408
3.3891e-11,1.6883
3.391e-11,0.46698
3.3929e-11,-0.43655
3.3949e-11,-0.88326
3.3968e-11,-1.0819
3.3987e-11,-0.84224
3.4007e-11,-0.3069
3.4026e-11,0.48727
3.4045e-11,1.5063
3.4065e-11,2.5719
3.4084e-11,3.6374
3.4103e-11,4.6686
3.4123e-11,5.5421
3.4142e-11,6.2156
3.4161e-11,6.7466
3.4181e-11,7.0228
3.42e-11,7.1631
3.4219e-11,7.0825
3.4239e-11,6.8296
3.4258e-11,6.4919
3.4277e-11,6.0254
3.4297e-11,5.5076
3.4316e-11,4.9592
3.4335e-11,4.3892
3.4355e-11,3.7677
3.4374e-11,3.0569
3.4393e-11,2.2774
3.4413e-11,1.365
3.4432e-11,0.37223
3.4451e-11,-0.71734
3.4471e-11,-1.9455
3.449e-11,-3.23
3.4509e-11,-4.5694
3.4529e-11,-5.9163
3.4548e-11,-7.2019
3.4567e-11,-8.3591
3.4587e-11,-9.3557
3.4606e-11,-10.035
3.4625e-11,-10.517
3.4645e-11,-10.613
3.4664e-11,-10.393
3.4683e-11,-9.9721
3.4703e-11,-9.2616
3.4722e-11,-8.4263
3.4741e-11,-7.465
3.4761e-11,-6.4731
3.478e-11,-5.5809
3.4799e-11,-4.835
3.4819e-11,-4.1802
3.4838e-11,-3.7281
3.4857e-11,-3.4293
3.4877e-11,-3.3246
3.4896e-11,-3.3639
3.4915e-11,-3.4431
3.4935e-11,-3.5329
3.4954e-11,-3.5874
3.4973e-11,-3.4577
3.4993e-11,-3.158
3.5012e-11,-2.7419
3.5031e-11,-2.1108
3.5051e-11,-1.3349
3.507e-11,-0.27021
3.5089e-11,0.96205
3.5109e-11,2.2764
3.5128e-11,3.664
3.5147e-11,5.0332
3.5167e-11,6.3063
3.5186e-11,7.5084
3.5205e-11,8.6227
3.5225e-11,9.6663
3.5244e-11,10.64
3.5263e-11,11.442
3.5283e-11,12.13
3.5302e-11,12.666
3.5321e-11,13.127
3.5341e-11,13.47
3.536e-11,13.565
3.5379e-11,13.505
3.5399e-11,13.178
3.5418e-11,12.645
3.5437e-11,11.866
3.5457e-11,10.786
3.5476e-11,9.5719
3.5495e-11,8.1772
3.5515e-11,6.702
3.5534e-11,5.2588
3.5553e-11,3.9132
3.5573e-11,2.6863
3.5592e-11,1.7559
3.5611e-11,1.0344
3.5631e-11,0.77221
3.565e-11,0.90946
3.5669e-11,1.3402
3.5689e-11,2.1803
3.5708e-11,3.2024
3.5727e-11,4.4681
3.5747e-11,5.8798
3.5766e-11,7.3522
3.5785e-11,8.8146
3.5805e-11,10.225
3.5824e-11,11.484
3.5843e-11,12.636
3.5863e-11,13.521
3.5881e-11,14.191
3.5901e-11,14.761
3.592e-11,15.132
3.5939e-11,15.391
3.5959e-11,15.46
3.5978e-11,15.422
3.5997e-11,15.323
3.6017e-11,15.095
3.6036e-11,14.787
3.6055e-11,14.354
3.6075e-11,13.87
3.6094e-11,13.325
3.6113e-11,12.673
3.6133e-11,11.98
3.6152e-11,11.251
3.6171e-11,10.518
3.6191e-11,9.77
3.621e-11,9.0244
3.6229e-11,8.3346
3.6249e-11,7.7525
3.6268e-11,7.2512
3.6287e-11,6.9489
3.6307e-11,6.797
3.6326e-11,6.7876
3.6345e-11,6.9502
3.6365e-11,7.2166
3.6384e-11,7.6789
3.6403e-11,8.2429
3.6423e-11,8.8726
3.6442e-11,9.5132
3.6461e-11,10.144
3.6481e-11,10.759
3.65e-11,11.355
3.6519e-11,11.851
3.6539e-11,12.216
3.6558e-11,12.452
3.6577e-11,12.558
3.6597e-11,12.612
3.6616e-11,12.566
3.6635e-11,12.449
3.6655e-11,12.218
3.6674e-11,11.893
3.6693e-11,11.545
3.6713e-11,11.164
3.6732e-11,10.764
3.6751e-11,10.312
3.6771e-11,9.8382
3.679e-11,9.4017
3.6809e-11,9.0306
3.6829e-11,8.7064
3.6848e-11,8.5009
3.6867e-11,8.3974
3.6887e-11,8.476
3.6906e-11,8.7407
3.6925e-11,9.0899
3.6945e-11,9.5723
3.6964e-11,10.119
3.6983e-11,10.789
3.7003e-11,11.551
3.7022e-11,12.23
3.7041e-11,12.73
3.7061e-11,13.117
3.708e-11,13.26
3.7099e-11,13.192
3.7119e-11,12.791
3.7138e-11,12.063
3.7157e-11,11.179
3.7177e-11,9.9937
3.7196e-11,8.6439
3.7215e-11,7.1036
3.7235e-11,5.4833
3.7254e-11,3.917
3.7273e-11,2.467
3.7293e-11,1.0906
3.7312e-11,-0.1244
3.7331e-11,-1.1993
3.7351e-11,-2.0542
3.737e-11,-2.6355
3.7389e-11,-3.0884
3.7409e-11,-3.3389
3.7428e-11,-3.5009
3.7447e-11,-3.4885
3.7467e-11,-3.3058
3.7486e-11,-3.0406
3.7505e-11,-2.6427
3.7525e-11,-2.194
3.7544e-11,-1.7075
3.7563e-11,-1.2059
3.7583e-11,-0.64729
3.7602e-11,-0.057961
3.7621e-11,0.52393
3.7641e-11,1.1046
3.766e-11,1.7004
3.7679e-11,2.3636
3.7699e-11,3.0767
3.7718e-11,3.7731
3.7737e-11,4.419
3.7757e-11,5.0266
3.7776e-11,5.5407
3.7795e-11,5.9724
3.7815e-11,6.3197
3.7834e-11,6.5384
3.7853e-11,6.6462
3.7873e-11,6.5297
3.7892e-11,6.2956
3.7911e-11,5.9088
3.7931e-11,5.4528
3.795e-11,4.9399
3.7969e-11,4.3254
3.7989e-11,3.6637
3.8008e-11,2.9459
3.8027e-11,2.2085
3.8047e-11,1.5123
3.8066e-11,0.85382
3.8085e-11,0.20999
3.8105e-11,-0.39778
3.8124e-11,-0.97301
3.8143e-11,-1.4242
3.8163e-11,-1.7668
3.8182e-11,-2.068
3.8201e-11,-2.3036
3.8221e-11,-2.4805
3.824e-11,-2.5269
3.8259e-11,-2.4997
3.8279e-11,-2.4164
3.8298e-11,-2.2321
3.8317e-11,-1.9811
3.8337e-11,-1.6164
3.8356e-11,-1.2033
3.8375e-11,-0.74411
3.8395e-11,-0.23811
3.8414e-11,0.3508
3.8433e-11,1.0258
3.8453e-11,1.7395
3.8472e-11,2.496
3.8491e-11,3.2596
3.8511e-11,4.0114
3.853e-11,4.776
3.8549e-11,5.5042
3.8569e-11,6.1414
3.8588e-11,6.713
3.8607e-11,7.1553
3.8627e-11,7.5129
3.8646e-11,7.7245
3.8665e-11,7.6965
3.8685e-11,7.5602
3.8704e-11,7.2502
3.8723e-11,6.8472
3.8743e-11,6.2964
3.8762e-11,5.6814
3.8781e-11,5.0389
3.8801e-11,4.4255
3.882e-11,3.8734
3.8839e-11,3.4388
3.8859e-11,3.0322
3.8878e-11,2.6586
3.8897e-11,2.3679
3.8917e-11,2.0997
3.8936e-11,1.8735
3.8955e-11,1.6593
3.8975e-11,1.3855
3.8994e-11,1.0064
3.9013e-11,0.52912
3.9033e-11,-0.054176
3.9052e-11,-0.7004
3.9071e-11,-1.4689
3.9091e-11,-2.3036
3.911e-11,-3.1172
3.9129e-11,-3.8167
3.9149e-11,-4.3897
3.9168e-11,-4.7315
3.9187e-11,-4.9186
3.9207e-11,-4.7723
3.9226e-11,-4.3959
3.9245e-11,-3.7081
3.9265e-11,-2.7182
3.9284e-11,-1.6132
3.9303e-11,-0.3034
3.9323e-11,1.1041
3.9342e-11,2.5843
3.9361e-11,4.0421
3.9381e-11,5.3613
3.94e-11,6.4638
3.9419e-11,7.4156
3.9439e-11,8.0627
3.9458e-11,8.539
3.9477e-11,8.7455
3.9497e-11,8.747
3.9516e-11,8.6591
3.9535e-11,8.4526
3.9555e-11,8.2139
3.9574e-11,7.9792
