6.5413,2.0152
6.5607,2.042
6.58,2.066
6.5993,2.0954
6.6187,2.1177
6.638,2.1396
6.6573,2.1641
6.6767,2.2097
6.696,2.2591
6.7153,2.3016
6.7347,2.322
6.754,2.3365
6.7733,2.3683
6.7927,2.4148
6.812,2.4616
6.8313,2.4811
6.8507,2.4904
6.87,2.5044
6.8893,2.5471
6.9087,2.6006
6.928,2.6427
6.9473,2.6654
6.9667,2.6764
6.986,2.6959
7.0053,2.7458
7.0247,2.809
7.044,2.8706
7.0633,2.8976
7.0827,2.9266
7.102,2.962
7.1213,2.9961
7.1407,3.0237
7.16,3.0615
7.1793,3.1093
7.1987,3.1417
7.218,3.1805
7.2373,3.2274
7.2567,3.2908
7.276,3.3393
7.2953,3.3799
7.3147,3.4283
7.334,3.4935
7.3533,3.5625
7.3727,3.6051
7.392,3.6378
7.4113,3.6642
7.4307,3.7251
7.45,3.8
7.4693,3.8791
7.4887,3.9381
7.508,3.9885
7.5273,4.036
7.5467,4.0829
7.566,4.1237
7.5853,4.1883
7.6047,4.2545
7.624,4.323
7.6433,4.3945
7.6627,4.4936
7.682,4.5861
7.7013,4.6632
7.7207,4.6987
7.74,4.7731
7.7593,4.8522
7.7787,4.9233
7.798,4.9665
7.8173,5.0176
7.8367,5.0913
7.856,5.1831
7.8753,5.3042
7.8947,5.4136
7.914,5.5074
7.9333,5.5498
7.9527,5.5889
7.972,5.6481
7.9913,5.737
8.0107,5.8393
8.03,5.926
8.0493,6.0033
8.0687,6.0834
8.088,6.2044
8.1073,6.2866
8.1267,6.3491
8.146,6.3825
8.1653,6.4118
8.1847,6.4383
8.204,6.4946
8.2233,6.5718
8.2427,6.6526
8.262,6.6937
8.2813,6.7323
8.3007,6.7801
8.32,6.847
8.3393,6.9183
8.3587,6.9805
8.378,7.0313
8.3973,7.0785
8.4167,7.1494
8.436,7.226
8.4553,7.3002
8.4747,7.3581
8.494,7.4087
8.5133,7.4504
8.5327,7.4887
8.552,7.5431
8.5713,7.6072
8.5907,7.6704
8.61,7.7137
8.6293,7.7505
8.6487,7.7881
8.668,7.8246
8.6873,7.8565
8.7067,7.9163
8.726,8.0086
8.7453,8.1114
8.7647,8.1913
8.784,8.2614
8.8033,8.3339
8.8227,8.411
8.842,8.482
8.8613,8.5604
8.8807,8.6488
8.9,8.7435
8.9193,8.8327
8.9387,8.9094
8.958,8.9812
8.9773,9.0477
8.9967,9.1142
9.016,9.1773
9.0353,9.245
9.0547,9.3209
9.074,9.4093
9.0933,9.4693
9.1127,9.5175
9.132,9.5538
9.1513,9.6238
9.1707,9.7013
9.19,9.769
9.2093,9.8072
9.2287,9.8209
9.248,9.8597
9.2673,9.9149
9.2867,9.9777
9.306,10.03
9.3253,10.084
9.3447,10.131
9.364,10.151
9.3833,10.163
9.4027,10.187
9.422,10.222
9.4413,10.245
9.4607,10.262
9.48,10.289
9.4993,10.34
9.5187,10.389
9.538,10.405
9.5573,10.389
9.5767,10.36
9.596,10.344
9.6153,10.368
9.6347,10.401
9.654,10.429
9.6733,10.416
9.6927,10.402
9.712,10.409
9.7313,10.445
9.7507,10.506
9.77,10.513
9.7893,10.492
9.8087,10.441
9.828,10.502
9.8473,10.578
9.8667,10.643
9.886,10.659
9.9053,10.69
9.9247,10.75
9.944,10.825
9.9633,10.879
9.9827,10.91
10.002,10.941
10.021,10.988
10.041,11.061
10.06,11.134
10.079,11.193
10.099,11.239
10.118,11.305
10.137,11.403
10.157,11.5
10.176,11.578
10.195,11.641
10.215,11.713
10.234,11.811
10.253,11.929
10.273,12.06
10.292,12.175
10.311,12.278
10.331,12.359
10.35,12.448
10.369,12.547
10.389,12.655
10.408,12.762
10.427,12.871
10.447,12.975
10.466,13.077
10.485,13.194
10.505,13.315
10.524,13.421
10.543,13.505
10.563,13.59
10.582,13.679
10.601,13.766
10.621,13.851
10.64,13.921
10.659,13.969
10.679,14.026
10.698,14.11
10.717,14.211
10.737,14.281
10.756,14.313
10.775,14.327
10.795,14.383
10.814,14.468
10.833,14.547
10.853,14.585
10.872,14.624
10.891,14.682
10.911,14.743
10.93,14.789
10.949,14.815
10.969,14.827
10.988,14.84
11.007,14.873
11.027,14.935
11.046,14.982
11.065,15.011
11.085,15.037
11.104,15.078
11.123,15.118
11.143,15.152
11.162,15.162
11.181,15.188
11.201,15.224
11.22,15.27
11.239,15.304
11.259,15.345
11.278,15.39
11.297,15.436
11.317,15.491
11.336,15.576
11.355,15.654
11.375,15.703
11.394,15.725
11.413,15.763
11.433,15.824
11.452,15.903
11.471,15.974
11.491,16.042
11.51,16.113
11.529,16.196
11.549,16.276
11.568,16.357
11.587,16.426
11.607,16.476
11.626,16.526
11.645,16.605
11.665,16.694
11.684,16.779
11.703,16.844
11.723,16.9
11.742,16.954
11.761,17.025
11.781,17.106
11.8,17.163
11.819,17.201
11.839,17.207
11.858,17.234
11.877,17.271
11.897,17.308
11.916,17.308
11.935,17.291
11.955,17.278
11.974,17.274
11.993,17.276
12.013,17.276
12.032,17.266
12.051,17.232
12.071,17.189
12.09,17.158
12.109,17.116
12.129,17.059
12.148,16.958
12.167,16.87
12.187,16.786
12.206,16.702
12.225,16.579
12.245,16.432
12.264,16.273
12.283,16.124
12.303,16.016
12.322,15.884
12.341,15.726
12.361,15.501
12.38,15.27
12.399,15.058
12.419,14.863
12.438,14.66
12.457,14.415
12.477,14.163
12.496,13.914
12.515,13.688
12.535,13.433
12.554,13.158
12.573,12.854
12.593,12.539
12.612,12.234
12.631,11.941
12.651,11.652
12.67,11.34
12.689,10.996
12.709,10.643
12.728,10.279
12.747,9.9161
12.767,9.5377
12.786,9.1297
12.805,8.7035
12.825,8.2705
12.844,7.8287
12.863,7.3797
12.883,6.9092
12.902,6.411
12.921,5.8983
12.941,5.3743
12.96,4.8487
12.979,4.2753
12.999,3.662
13.018,3.0403
13.037,2.417
13.057,1.7878
13.076,1.1373
13.095,0.44625
13.115,-0.27925
13.134,-1.0437
13.153,-1.849
13.173,-2.6683
13.192,-3.5051
13.211,-4.3616
13.231,-5.2324
13.25,-6.1234
13.269,-7.0222
13.289,-7.9506
13.308,-8.9274
13.327,-9.9302
13.347,-10.977
13.366,-12.018
13.385,-13.06
13.405,-14.128
13.424,-15.249
13.443,-16.416
13.463,-17.608
13.482,-18.806
13.501,-20.021
13.521,-21.302
13.54,-22.613
13.559,-23.969
13.579,-25.325
13.598,-26.693
13.617,-28.109
13.637,-29.558
13.656,-31.079
13.675,-32.645
13.695,-34.223
13.714,-35.826
13.733,-37.494
13.753,-39.222
13.772,-41.002
13.791,-42.796
13.811,-44.644
13.83,-46.567
13.849,-48.523
13.869,-50.535
13.888,-52.578
13.907,-54.634
13.927,-56.746
13.946,-58.919
13.965,-61.194
13.985,-63.53
14.004,-65.891
14.023,-68.305
14.043,-70.814
14.062,-73.381
14.081,-76.038
14.101,-78.745
14.12,-81.51
14.139,-84.348
14.159,-87.228
14.178,-90.213
14.197,-93.315
14.217,-96.447
14.236,-99.65
14.255,-102.92
14.275,-106.31
14.294,-109.81
14.313,-113.35
14.333,-116.95
14.352,-120.7
14.371,-124.5
14.391,-128.42
14.41,-132.39
14.429,-136.45
14.449,-140.66
14.468,-144.94
14.487,-149.4
14.507,-153.95
14.526,-158.56
14.545,-163.29
14.565,-168.16
14.584,-173.18
14.603,-178.36
14.623,-183.62
14.642,-188.99
14.661,-194.54
14.681,-200.19
14.7,-206.06
14.719,-212.09
14.739,-218.25
14.758,-224.58
14.777,-231
14.797,-237.68
14.816,-244.63
14.835,-251.68
14.855,-258.95
14.874,-266.4
14.893,-274.06
14.913,-282.02
14.932,-290.18
14.951,-298.63
14.971,-307.35
14.99,-316.22
15.009,-325.43
15.029,-335.02
15.048,-344.83
15.067,-354.95
15.087,-365.27
15.106,-375.98
15.125,-387.09
15.145,-398.42
15.164,-410.17
15.183,-422.38
15.203,-434.84
15.222,-447.71
15.241,-460.87
15.261,-474.54
15.28,-488.73
15.299,-503.17
15.319,-518.06
15.338,-533.44
15.357,-549.12
15.377,-565.32
15.396,-581.89
15.415,-598.93
15.435,-616.45
15.454,-634.2
15.473,-652.38
15.493,-670.99
15.512,-689.82
15.531,-709.07
15.551,-728.6
15.57,-748.28
15.589,-768.05
15.609,-787.84
15.628,-807.58
15.647,-827.24
15.667,-846.72
15.686,-865.72
15.705,-884.22
15.725,-901.79
15.744,-918.17
15.763,-933.9
15.783,-947.88
15.802,-959.54
15.821,-969.8
15.841,-977.03
15.86,-981.67
15.879,-982.84
15.899,-979.34
15.918,-973.39
15.937,-961.07
15.957,-941.53
15.976,-918.2
15.995,-886.52
16.015,-847.5
16.034,-799.99
16.053,-741.12
16.073,-676.59
16.092,-598.22
16.111,-505.24
16.131,-405.01
16.15,-289.35
16.169,-160.71
16.189,-19.503
16.208,137.71
16.227,302.56
16.247,484.07
16.266,680.38
16.285,882.52
16.305,1095.3
16.324,1315
16.343,1537.7
16.363,1761.6
16.382,1985.3
16.401,2201.3
16.421,2404.4
16.44,2598
16.459,2769.3
16.479,2918.2
16.498,3041.7
16.517,3128.4
16.537,3195.8
16.556,3215.1
16.575,3187.8
16.595,3137.6
16.614,3041
16.633,2904.4
16.653,2736.7
16.672,2531
16.691,2307.5
16.711,2053.9
16.73,1779.5
16.749,1499.5
16.769,1213.3
16.788,927.56
16.807,651.33
16.827,391.22
16.846,140.43
16.865,-81.553
16.885,-272.55
16.904,-446.9
16.923,-587.2
16.943,-697.91
16.962,-784.86
16.981,-841.3
17.001,-882.72
17.02,-896.86
17.039,-889.58
17.059,-874.15
17.078,-844.21
17.097,-803.75
17.117,-757.76
17.136,-706.05
17.155,-652.09
17.175,-596.12
17.194,-539.52
17.213,-483.18
17.233,-428.01
17.252,-374.51
17.271,-323.19
17.291,-274.98
17.31,-228.4
17.329,-185.99
17.349,-147.8
17.368,-111.92
17.387,-80.728
17.407,-53.578
17.426,-29.876
17.445,-10.569
17.465,6.5182
17.484,19.334
17.503,28.626
17.523,36.446
17.542,41.62
17.561,44.756
17.581,46.517
17.6,46.741
17.619,46.241
17.639,44.595
17.658,42.105
17.677,39.302
17.697,35.988
17.716,32.366
17.735,28.648
17.755,24.863
17.774,21.069
17.793,17.514
17.813,14.425
17.832,11.604
17.851,9.3243
17.871,7.5371
17.89,6.2891
17.909,5.723
17.929,5.5073
17.948,5.9913
17.967,7.0014
17.987,8.2223
18.006,9.8101
18.025,11.689
18.045,13.729
18.064,15.892
18.083,18.092
18.103,20.277
18.122,22.415
18.141,24.517
18.161,26.51
18.18,28.358
18.199,30.069
18.219,31.676
18.238,33.244
18.257,34.755
18.277,36.274
18.296,37.852
18.315,39.542
18.335,41.311
18.354,43.18
18.373,45.19
18.393,47.27
18.412,49.452
18.431,51.723
18.451,54.001
18.47,56.256
18.489,58.454
18.509,60.471
18.528,62.236
18.547,63.85
18.567,65.102
18.586,65.914
18.605,66.463
18.625,66.525
18.644,66.235
18.663,65.538
18.683,64.406
18.702,63.062
18.721,61.333
18.741,59.279
18.76,57.093
18.779,54.704
18.799,52.203
18.818,49.702
18.837,47.246
18.857,44.833
18.876,42.553
18.895,40.47
18.915,38.557
18.934,36.944
18.953,35.534
18.973,34.443
18.992,33.696
19.011,33.107
19.031,32.79
19.05,32.736
19.069,32.806
19.089,33.036
19.108,33.344
19.127,33.732
19.147,34.158
19.166,34.596
19.185,35.043
19.205,35.491
19.224,35.92
19.243,36.312
19.263,36.677
19.282,36.987
19.301,37.291
19.321,37.593
19.34,37.887
19.359,38.15
19.379,38.42
19.398,38.694
19.417,38.968
19.437,39.227
19.456,39.451
19.475,39.656
19.495,39.838
19.514,40.039
19.533,40.248
19.553,40.447
19.572,40.633
19.591,40.788
19.611,40.911
19.63,41.017
19.649,41.075
19.669,41.078
19.688,40.982
19.707,40.753
19.727,40.451
19.746,39.973
19.765,39.27
19.785,38.461
19.804,37.442
19.823,36.255
19.843,34.864
19.862,33.226
19.881,31.474
19.901,29.555
19.92,27.539
19.939,25.497
19.959,23.412
19.978,21.31
19.997,19.301
20.017,17.45
20.036,15.695
20.055,14.181
20.075,12.935
20.094,11.817
20.113,10.941
20.133,10.233
20.152,9.8226
20.171,9.7026
20.191,9.705
20.21,9.8906
20.229,10.214
20.249,10.637
20.268,11.187
20.287,11.796
20.307,12.373
20.326,12.906
20.345,13.394
20.365,13.754
20.384,13.934
20.403,13.908
20.423,13.58
20.442,13.088
20.461,12.243
20.481,11.04
20.5,9.6364
20.519,7.8276
20.539,5.6958
20.558,3.355
20.577,0.79624
20.597,-1.8569
20.616,-4.6395
20.635,-7.4874
20.655,-10.301
20.674,-13.002
20.693,-15.57
20.713,-17.911
20.732,-19.972
20.751,-21.874
20.771,-23.423
20.79,-24.596
20.809,-25.567
20.829,-26.192
20.848,-26.59
20.867,-26.791
20.887,-26.795
20.906,-26.714
20.925,-26.517
20.945,-26.301
20.964,-26.094
20.983,-25.931
21.003,-25.808
21.022,-25.848
21.041,-26.031
21.061,-26.287
21.08,-26.687
21.099,-27.202
21.119,-27.79
21.138,-28.5
21.157,-29.278
21.177,-30.149
21.196,-31.033
21.215,-31.918
21.235,-32.809
21.254,-33.712
21.273,-34.591
21.293,-35.418
21.312,-36.217
21.331,-36.955
21.351,-37.65
21.37,-38.326
21.389,-38.939
21.409,-39.48
21.428,-39.946
21.447,-40.402
21.467,-40.861
21.486,-41.324
21.505,-41.722
21.525,-42.105
21.544,-42.483
21.563,-42.874
21.583,-43.261
21.602,-43.668
21.621,-44.09
21.641,-44.552
21.66,-45.03
21.679,-45.538
21.699,-46.082
21.718,-46.642
21.737,-47.193
21.757,-47.769
21.776,-48.349
21.795,-48.922
21.815,-49.481
21.834,-49.984
21.853,-50.356
21.873,-50.654
21.892,-50.791
21.911,-50.725
21.931,-50.53
21.95,-50.072
21.969,-49.431
21.989,-48.588
22.008,-47.462
22.027,-46.202
22.047,-44.676
22.066,-43.008
22.085,-41.318
22.105,-39.59
22.124,-37.836
22.143,-36.14
22.163,-34.585
22.182,-33.116
22.201,-31.847
22.221,-30.767
22.24,-29.852
22.259,-29.17
22.279,-28.597
22.298,-28.17
22.317,-27.828
22.337,-27.5
22.356,-27.18
22.375,-26.854
22.395,-26.476
22.414,-26.033
22.433,-25.56
22.453,-25
22.472,-24.323
22.491,-23.604
22.511,-22.8
22.53,-21.939
22.549,-21.048
22.569,-20.161
22.588,-19.284
22.607,-18.427
22.627,-17.576
22.646,-16.75
22.665,-15.963
22.685,-15.201
22.704,-14.5
22.723,-13.884
22.743,-13.317
22.762,-12.849
22.781,-12.461
22.801,-12.142
22.82,-11.932
22.839,-11.783
22.859,-11.796
22.878,-11.919
22.897,-12.079
22.917,-12.316
22.936,-12.613
22.955,-12.897
22.975,-13.134
22.994,-13.342
23.013,-13.485
23.033,-13.518
23.052,-13.455
23.071,-13.227
23.091,-12.898
23.11,-12.373
23.129,-11.73
23.149,-11.063
23.168,-10.387
23.187,-9.6852
23.207,-9.0077
23.226,-8.4058
23.245,-7.855
23.265,-7.4521
23.284,-7.1968
23.303,-7.0353
23.323,-7.0755
23.342,-7.2848
23.361,-7.6049
23.381,-8.0265
23.4,-8.4945
23.419,-9.0519
23.439,-9.6994
23.458,-10.372
23.477,-11.052
23.497,-11.708
23.516,-12.306
23.535,-12.888
23.555,-13.466
23.574,-14.017
23.593,-14.497
23.613,-14.899
23.632,-15.238
23.651,-15.555
23.671,-15.801
23.69,-15.928
23.709,-15.988
23.729,-15.925
23.748,-15.784
23.767,-15.554
23.787,-15.179
23.806,-14.722
23.825,-14.122
23.845,-13.43
23.864,-12.704
23.883,-11.916
23.903,-11.087
23.922,-10.181
23.941,-9.2913
23.961,-8.4451
23.98,-7.7118
23.999,-7.0797
24.019,-6.5648
24.038,-6.1868
24.057,-5.8809
24.077,-5.7239
24.096,-5.7706
24.115,-5.8894
24.135,-6.1052
24.154,-6.3532
24.173,-6.654
24.193,-7.002
24.212,-7.3418
24.231,-7.6012
24.251,-7.7685
24.27,-7.8734
24.289,-7.8759
24.309,-7.816
24.328,-7.5942
24.347,-7.2729
24.367,-6.932
24.386,-6.5673
24.405,-6.1822
24.425,-5.8093
24.444,-5.4886
24.463,-5.2114
24.483,-5.0473
24.502,-4.9964
24.521,-5.0027
24.541,-5.1189
24.56,-5.3112
24.579,-5.6836
24.599,-6.1914
24.618,-6.7693
24.637,-7.4845
24.657,-8.3182
24.676,-9.2408
24.695,-10.326
24.715,-11.503
24.734,-12.815
24.753,-14.262
24.773,-15.819
24.792,-17.551
24.811,-19.365
24.831,-21.157
24.85,-22.928
24.869,-24.669
24.889,-26.304
24.908,-27.781
24.927,-29.073
24.947,-30.081
24.966,-30.933
24.985,-31.467
25.005,-31.712
25.024,-31.807
25.043,-31.609
25.063,-31.203
25.082,-30.634
25.101,-29.973
25.121,-29.288
25.14,-28.593
25.159,-27.863
25.179,-27.17
25.198,-26.58
25.217,-26.058
25.237,-25.658
25.256,-25.309
25.275,-24.98
25.295,-24.709
25.314,-24.51
25.333,-24.352
25.353,-24.188
25.372,-24.015
25.391,-23.829
25.411,-23.632
25.43,-23.462
25.449,-23.334
25.469,-23.223
25.488,-23.059
25.507,-22.853
25.527,-22.684
25.546,-22.577
25.565,-22.497
25.585,-22.369
25.604,-22.22
25.623,-22.047
25.643,-21.791
25.662,-21.433
25.681,-21.029
25.701,-20.557
25.72,-20.047
25.739,-19.445
25.759,-18.754
25.778,-18.034
25.797,-17.27
25.817,-16.488
25.836,-15.719
25.855,-14.972
25.875,-14.242
25.894,-13.565
25.913,-12.947
25.933,-12.352
25.952,-11.788
25.971,-11.24
25.991,-10.738
26.01,-10.277
26.029,-9.8241
26.049,-9.3826
26.068,-8.9469
26.087,-8.5348
26.107,-8.153
26.126,-7.7993
26.145,-7.5346
26.165,-7.3682
26.184,-7.244
26.203,-7.1972
26.223,-7.1959
26.242,-7.3367
26.261,-7.5652
26.281,-7.8117
26.3,-8.0883
26.319,-8.3911
26.339,-8.7294
26.358,-9.0916
26.377,-9.4533
26.397,-9.7845
26.416,-10.101
26.435,-10.411
26.455,-10.678
26.474,-10.909
26.493,-11.116
26.513,-11.354
26.532,-11.58
26.551,-11.771
26.571,-11.932
26.59,-12.079
26.609,-12.187
26.629,-12.274
26.648,-12.33
26.667,-12.366
26.687,-12.347
26.706,-12.232
26.725,-12.063
26.745,-11.772
26.764,-11.384
26.783,-10.959
26.803,-10.473
26.822,-9.9497
26.841,-9.4157
26.861,-8.8815
26.88,-8.361
26.899,-7.9007
26.919,-7.5284
26.938,-7.2496
26.957,-7.1295
26.977,-7.1023
26.996,-7.287
27.015,-7.6091
27.035,-7.9804
27.054,-8.4733
27.073,-9.0904
27.093,-9.8281
27.112,-10.591
27.131,-11.348
27.151,-12.084
27.17,-12.806
27.189,-13.493
27.209,-14.097
27.228,-14.645
27.247,-15.071
27.267,-15.401
27.286,-15.681
27.305,-15.871
27.325,-16.002
27.344,-16.11
27.363,-16.224
27.383,-16.334
27.402,-16.42
27.421,-16.468
27.441,-16.502
27.46,-16.54
27.479,-16.581
27.499,-16.603
27.518,-16.603
27.537,-16.567
27.557,-16.453
27.576,-16.281
27.595,-16.056
27.615,-15.765
27.634,-15.419
27.653,-14.968
27.673,-14.456
27.692,-13.919
27.711,-13.33
27.731,-12.704
27.75,-11.995
27.769,-11.214
27.789,-10.425
27.808,-9.6231
27.827,-8.8163
27.847,-7.9609
27.866,-7.0664
27.885,-6.1723
27.905,-5.2782
27.924,-4.3738
27.943,-3.4686
27.963,-2.6011
27.982,-1.7587
28.001,-0.95609
28.021,-0.16458
28.04,0.57874
28.059,1.2286
28.079,1.8162
28.098,2.2647
28.117,2.5419
28.137,2.7463
28.156,2.7948
28.175,2.7251
28.195,2.4299
28.214,1.9699
28.233,1.4306
28.253,0.74092
28.272,-0.083393
28.291,-1.0366
28.311,-2.1348
28.33,-3.2903
28.349,-4.4794
28.369,-5.6924
28.388,-6.8955
28.407,-8.0531
28.427,-9.1736
28.446,-10.196
28.465,-11.081
28.485,-11.877
28.504,-12.502
28.523,-13.014
28.543,-13.365
28.562,-13.5
28.581,-13.518
28.601,-13.33
28.62,-13.012
28.639,-12.587
28.659,-11.98
28.678,-11.274
28.697,-10.424
28.717,-9.4398
28.736,-8.3991
28.755,-7.2567
28.775,-6.0573
28.794,-4.8541
28.813,-3.6771
28.833,-2.508
28.852,-1.3693
28.871,-0.29773
28.891,0.62706
28.91,1.3689
28.929,2.0033
28.949,2.3934
28.968,2.5366
28.987,2.5002
29.007,2.182
29.026,1.7166
29.045,1.0021
29.065,0.050938
29.084,-1.0037
29.103,-2.2383
29.123,-3.5756
29.142,-4.9805
29.161,-6.4027
29.181,-7.8033
29.2,-9.1305
29.219,-10.387
29.239,-11.546
29.258,-12.533
29.277,-13.419
29.297,-14.108
29.316,-14.628
29.335,-15.031
29.355,-15.215
29.374,-15.277
29.393,-15.089
29.413,-14.737
29.432,-14.313
29.451,-13.739
29.471,-13.052
29.49,-12.242
29.509,-11.343
29.529,-10.407
29.548,-9.4077
29.567,-8.358
29.587,-7.2935
29.606,-6.2692
29.625,-5.2903
29.645,-4.4494
29.664,-3.6797
29.683,-2.9589
29.703,-2.3654
29.722,-1.858
29.741,-1.5534
29.761,-1.4269
29.78,-1.3615
29.799,-1.3955
29.819,-1.4841
29.838,-1.6445
29.857,-1.858
29.877,-2.0713
29.896,-2.2531
29.915,-2.3985
29.935,-2.5287
29.954,-2.6388
29.973,-2.73
29.993,-2.7622
30.012,-2.77
30.031,-2.7904
30.051,-2.8434
30.07,-2.9198
30.089,-3.0939
30.108,-3.3367
30.127,-3.6267
30.147,-4.0226
30.166,-4.4981
30.185,-5.0394
30.205,-5.5749
30.224,-6.0926
30.243,-6.5862
30.263,-7.0864
30.282,-7.5468
30.301,-7.9179
30.321,-8.2274
30.34,-8.3925
30.359,-8.4057
30.379,-8.2979
30.398,-8.0184
30.417,-7.6518
30.437,-7.1608
30.456,-6.573
30.475,-5.9384
30.495,-5.2443
30.514,-4.5291
30.533,-3.7879
30.553,-3.0331
30.572,-2.306
30.591,-1.648
30.611,-1.0449
30.63,-0.54195
30.649,-0.18141
30.669,0.10503
30.688,0.25647
30.707,0.30292
30.727,0.19961
30.746,-0.10473
30.765,-0.51308
30.785,-1.1019
30.804,-1.8502
30.823,-2.7183
30.843,-3.7708
30.862,-4.9153
30.881,-6.1289
30.901,-7.3088
30.92,-8.4529
30.939,-9.5367
30.959,-10.59
30.978,-11.515
30.997,-12.246
31.017,-12.842
31.036,-13.169
31.055,-13.323
31.075,-13.277
31.094,-12.943
31.113,-12.46
31.133,-11.732
31.152,-10.855
31.171,-9.8727
31.191,-8.7822
31.21,-7.6494
31.229,-6.48
31.249,-5.3031
31.268,-4.1775
31.287,-3.1267
31.307,-2.1149
31.326,-1.2001
31.345,-0.43052
31.365,0.25948
31.384,0.80102
31.403,1.2558
31.423,1.5885
31.442,1.8072
31.461,1.9763
31.481,2.0783
31.5,2.1585
31.519,2.2381
31.539,2.2872
31.558,2.3217
31.577,2.347
31.597,2.3815
31.616,2.429
31.635,2.4882
31.655,2.5483
31.674,2.5956
31.693,2.6341
31.713,2.669
31.732,2.683
31.751,2.6744
31.771,2.5853
31.79,2.402
31.809,2.1597
31.829,1.807
31.848,1.3907
31.867,0.80269
31.887,0.047122
31.906,-0.76576
31.925,-1.6745
31.945,-2.6465
31.964,-3.7136
31.983,-4.8638
32.003,-6.0199
32.022,-7.1284
32.041,-8.1586
32.061,-9.0274
32.08,-9.6693
32.099,-10.174
32.119,-10.395
32.138,-10.354
32.157,-10.095
32.177,-9.5331
32.196,-8.8058
32.215,-7.7608
32.235,-6.4565
32.254,-5.0641
32.273,-3.5557
32.293,-1.9969
32.312,-0.4108
32.331,1.1118
32.351,2.5499
32.37,3.7991
32.389,4.9203
32.409,5.7156
32.428,6.2205
32.447,6.5766
32.467,6.6227
32.486,6.4378
32.505,6.0051
32.525,5.3478
32.544,4.5574
32.563,3.4959
32.583,2.2488
32.602,0.87949
32.621,-0.58528
32.641,-2.0882
32.66,-3.6416
32.679,-5.2209
32.699,-6.7473
32.718,-8.164
32.737,-9.5033
32.757,-10.654
32.776,-11.604
32.795,-12.341
32.815,-12.713
32.834,-12.879
32.853,-12.643
32.873,-12.055
32.892,-11.244
32.911,-10.049
32.931,-8.652
32.95,-7.0285
32.969,-5.2483
32.989,-3.4486
33.008,-1.6402
33.027,0.15939
33.047,1.8301
33.066,3.2626
33.085,4.535
33.105,5.4954
33.124,6.2427
33.143,6.7244
33.163,6.9341
33.182,7.0078
33.201,6.8631
33.221,6.5882
33.24,6.2618
33.259,5.8756
33.279,5.4529
33.298,4.9811
33.317,4.5255
33.337,4.1151
33.356,3.7367
33.375,3.3788
33.395,3.0688
33.414,2.7626
33.433,2.4246
33.453,2.0616
33.472,1.6861
33.491,1.2611
33.511,0.78385
33.53,0.26776
33.549,-0.29695
33.569,-0.88183
33.588,-1.461
33.607,-2.0345
33.627,-2.5758
33.646,-3.0716
33.665,-3.5455
33.685,-3.967
33.704,-4.3017
33.723,-4.6065
33.743,-4.8466
33.762,-5.0392
33.781,-5.1525
33.801,-5.2033
33.82,-5.1971
33.839,-5.0946
33.859,-4.9422
33.878,-4.6987
33.897,-4.3523
33.917,-3.9595
33.936,-3.4876
33.955,-2.958
33.975,-2.3543
33.994,-1.6613
34.013,-0.92539
34.033,-0.11978
34.052,0.73472
34.071,1.6168
34.091,2.4726
34.11,3.2949
34.129,4.0408
34.149,4.7321
34.168,5.3287
34.187,5.766
34.207,6.1067
34.226,6.265
34.245,6.2845
34.265,6.1311
34.284,5.7467
34.303,5.245
34.323,4.5539
34.342,3.7135
34.361,2.7534
34.381,1.612
34.4,0.38541
34.419,-0.92642
34.439,-2.2967
34.458,-3.6683
34.477,-5.0182
34.497,-6.3397
34.516,-7.5496
34.535,-8.6188
34.555,-9.5785
34.574,-10.329
34.593,-10.954
34.613,-11.294
34.632,-11.352
34.651,-11.276
34.671,-10.948
34.69,-10.48
34.709,-9.7745
34.729,-8.8868
34.748,-7.9199
34.767,-6.8213
34.787,-5.6601
34.806,-4.4891
34.825,-3.3416
34.845,-2.2329
34.864,-1.214
34.883,-0.25544
34.903,0.57493
34.922,1.2545
34.941,1.8544
34.961,2.2882
34.98,2.6068
34.999,2.7497
35.019,2.7596
35.038,2.7243
35.057,2.6018
35.077,2.4047
35.096,2.1468
35.115,1.885
35.135,1.6347
35.154,1.4161
35.173,1.2245
35.193,1.0977
35.212,1.0634
35.231,1.0848
35.251,1.2045
35.27,1.3764
35.289,1.5727
35.309,1.7888
35.328,2.0086
35.347,2.2277
35.367,2.44
35.386,2.5887
35.405,2.6463
35.425,2.6527
35.444,2.5584
35.463,2.3946
35.483,2.1713
35.502,1.8483
35.521,1.4797
35.541,1.0649
35.56,0.65289
35.579,0.25091
35.599,-0.12022
35.618,-0.45449
35.637,-0.68345
35.657,-0.83451
35.676,-0.90338
35.695,-0.80488
35.715,-0.60586
35.734,-0.23614
35.753,0.22871
35.773,0.78201
35.792,1.4621
35.811,2.2014
35.831,3.0332
35.85,3.9581
35.869,4.9211
35.889,5.8783
35.908,6.8185
35.927,7.7302
35.947,8.6152
35.966,9.3751
35.985,9.9327
36.005,10.374
36.024,10.576
36.043,10.57
36.063,10.392
36.082,9.934
36.101,9.3171
36.121,8.3986
36.14,7.2515
36.159,5.9701
36.179,4.506
36.198,2.9687
36.217,1.3983
36.237,-0.14188
36.256,-1.6269
36.275,-3.0079
36.295,-4.3077
36.314,-5.3611
36.333,-6.1392
36.353,-6.7061
36.372,-6.9558
36.391,-7.0287
36.411,-6.7242
36.43,-6.0727
36.449,-5.2226
36.469,-4.1
36.488,-2.8476
36.507,-1.378
36.527,0.24499
36.546,1.8975
36.565,3.5375
36.585,5.1347
36.604,6.5745
36.623,7.8922
36.643,9.0781
36.662,9.9958
36.681,10.748
36.701,11.177
36.72,11.329
36.739,11.304
36.759,11.056
36.778,10.696
36.797,10.135
36.817,9.4449
36.836,8.7506
36.855,8.0487
36.875,7.3501
36.894,6.6921
36.913,6.1054
36.933,5.6111
36.952,5.2645
36.971,5.0016
36.991,4.8853
37.01,4.8822
37.029,4.9873
37.049,5.2534
37.068,5.5938
37.087,6.0114
37.107,6.4535
37.126,6.9083
37.145,7.3669
37.165,7.8102
37.184,8.185
37.203,8.5026
37.223,8.7449
37.242,8.8532
37.261,8.8823
37.281,8.7583
37.3,8.4998
37.319,8.1458
37.339,7.7057
37.358,7.23
37.377,6.7027
37.397,6.159
37.416,5.6329
37.435,5.1499
37.455,4.7086
37.474,4.366
37.493,4.0927
37.513,3.9384
37.532,3.9614
37.551,4.0617
37.571,4.2576
37.59,4.4971
37.609,4.7995
37.629,5.1612
37.648,5.5092
37.667,5.7719
37.687,5.9669
37.706,6.1079
37.725,6.1923
37.745,6.2355
37.764,6.17
37.783,6.004
37.803,5.7368
37.822,5.4144
37.841,5.0645
37.861,4.6608
37.88,4.2234
37.899,3.8008
37.919,3.3772
37.938,2.9451
37.957,2.5093
37.977,2.0853
37.996,1.6547
38.015,1.219
38.035,0.79797
38.054,0.40104
38.073,0.01074
38.093,-0.29791
38.112,-0.4645
38.131,-0.56479
38.151,-0.54727
38.17,-0.46781
38.189,-0.2348
38.209,0.1569
38.228,0.63092
38.247,1.2439
38.267,1.9254
38.286,2.7146
38.305,3.5733
38.325,4.4146
38.344,5.2111
38.363,5.9634
38.383,6.5379
38.402,6.922
38.421,7.1904
38.441,7.2752
38.46,7.258
38.479,7.0545
38.499,6.7271
38.518,6.345
38.537,5.8547
38.557,5.3122
38.576,4.7375
38.595,4.1962
38.615,3.7074
38.634,3.3252
38.653,3.0103
38.673,2.8192
38.692,2.7083
38.711,2.7199
38.731,2.8625
38.75,3.0435
38.769,3.265
38.789,3.5209
38.808,3.8397
38.827,4.1966
38.847,4.5491
38.866,4.8739
38.885,5.1783
38.905,5.4672
38.924,5.7467
38.943,6.0026
38.963,6.1879
38.982,6.319
39.001,6.3693
39.021,6.3774
39.04,6.3455
39.059,6.222
39.079,6.0415
39.098,5.76
39.117,5.4098
39.137,5.0429
39.156,4.6303
39.175,4.1988
39.195,3.8288
39.214,3.5545
39.233,3.3054
39.253,3.1429
39.272,3.0578
39.291,3.1635
39.311,3.378
39.33,3.6562
39.349,4.0442
39.369,4.489
39.388,5.003
39.407,5.5381
39.427,6.0592
39.446,6.5639
39.465,7.0514
39.485,7.4877
39.504,7.87
39.523,8.0871
39.543,8.1443
39.562,8.1525
39.581,8.021
39.601,7.7135
39.62,7.1106
39.639,6.6418
39.659,6.2916
39.678,5.9344
39.697,5.4181
39.717,4.0503
39.736,2.709
39.755,2.1246
39.775,2.047
39.794,1.8136
39.813,1.0026
39.833,0.86835
39.852,0.83382
39.871,0.41362
39.891,-0.27199
39.91,-0.8474
39.929,-0.95835
39.949,-0.90667
39.968,-0.71541
39.987,-0.45692
40.007,-0.071912
40.026,0.38555
40.045,0.92262
40.065,1.5511
40.084,2.2134
40.103,2.8963
40.123,3.5633
40.142,4.1581
40.161,4.6767
40.181,5.1378
40.2,5.4486
40.219,5.6513
40.239,5.613
40.258,5.3707
40.277,4.995
40.297,4.3762
40.316,3.6311
40.335,2.705
40.355,1.6528
40.374,0.56044
40.393,-0.57586
40.413,-1.7149
40.432,-2.8072
40.451,-3.8459
40.471,-4.7582
40.49,-5.4682
40.509,-6.0767
40.529,-6.5154
40.548,-6.831
40.567,-6.9481
40.587,-6.8716
40.606,-6.7305
40.625,-6.5083
40.645,-6.2477
40.664,-5.9873
40.683,-5.7171
40.703,-5.4803
40.722,-5.3703
40.741,-5.3609
40.761,-5.5123
40.78,-5.7557
40.799,-6.1058
40.819,-6.6466
40.838,-7.2937
40.857,-8.076
40.877,-8.9048
40.896,-9.7679
40.915,-10.742
40.935,-11.774
40.954,-12.871
40.973,-13.978
40.993,-15.098
41.012,-16.244
41.031,-17.385
41.051,-18.489
41.07,-19.557
41.089,-20.594
41.109,-21.646
41.128,-22.656
41.147,-23.558
41.167,-24.383
41.186,-25.07
41.205,-25.633
41.225,-26.125
41.244,-26.516
41.263,-26.853
41.283,-27.102
41.302,-27.301
41.321,-27.467
41.341,-27.599
41.36,-27.742
41.379,-27.955
41.399,-28.232
41.418,-28.597
41.437,-29.038
41.457,-29.526
41.476,-30.089
41.495,-30.684
41.515,-31.307
41.534,-31.936
41.553,-32.535
41.573,-33.072
41.592,-33.567
41.611,-33.968
41.631,-34.309
41.65,-34.603
41.669,-34.832
41.689,-35.047
41.708,-35.272
41.727,-35.519
41.747,-35.818
41.766,-36.194
41.785,-36.647
41.805,-37.25
41.824,-37.946
41.843,-38.846
41.863,-39.932
41.882,-41.154
41.901,-42.619
41.921,-44.212
41.94,-45.971
41.959,-47.808
41.979,-49.756
41.998,-51.869
42.017,-54.06
42.037,-56.33
42.056,-58.609
42.075,-60.845
42.095,-63.102
42.114,-65.329
42.133,-67.41
42.153,-69.36
42.172,-71.036
42.191,-72.549
42.211,-73.911
42.23,-74.978
42.249,-75.859
42.269,-76.423
42.288,-76.803
42.307,-76.984
42.327,-76.847
42.346,-76.538
42.365,-75.964
42.385,-75.277
42.404,-74.354
42.423,-73.137
42.443,-71.745
42.462,-70.035
42.481,-68.141
42.501,-65.843
42.52,-63.183
42.539,-60.127
42.559,-56.505
42.578,-52.538
42.597,-47.841
42.617,-42.657
42.636,-36.725
42.655,-29.876
42.675,-22.508
42.694,-14.182
42.713,-5.358
42.733,4.4214
42.752,15.082
42.771,26.351
42.791,38.509
42.81,51.121
42.829,64.539
42.849,78.485
42.868,92.855
42.887,107.66
42.907,122.58
42.926,137.57
42.945,152.56
42.965,167.19
42.984,181.28
43.003,194.79
43.023,207.2
43.042,218.91
43.061,229
43.081,237.69
43.1,244.74
43.119,249.5
43.139,252.91
43.158,253.74
43.177,253
43.197,249.72
43.216,243.69
43.235,236.2
43.255,226.13
43.274,214.71
43.293,201.11
43.313,185.86
43.332,169.48
43.351,151.72
43.371,133.44
43.39,114.58
43.409,95.463
43.429,76.5
43.448,58.008
43.467,40.027
43.487,23.176
43.506,7.045
43.525,-7.3928
43.545,-20.247
43.564,-31.771
43.583,-41.245
43.603,-49.607
43.622,-55.895
43.641,-60.803
43.661,-64.203
43.68,-65.903
43.699,-66.782
43.719,-66.273
43.738,-65.101
43.757,-62.996
43.777,-60.185
43.796,-57.061
43.815,-53.524
43.835,-49.828
43.854,-45.957
43.873,-42.033
43.893,-38.163
43.912,-34.343
43.931,-30.596
43.951,-27.03
43.97,-23.573
43.989,-20.302
44.009,-17.206
44.028,-14.226
44.047,-11.471
44.067,-8.8591
44.086,-6.502
44.105,-4.2595
44.125,-2.1373
44.144,-0.28314
44.163,1.4334
44.183,2.9424
44.202,4.3642
44.221,5.6025
44.241,6.6475
44.26,7.5653
44.279,8.3058
44.299,8.9541
44.318,9.4298
44.337,9.8018
44.357,10.046
44.376,10.091
44.395,10.063
44.415,9.9349
44.434,9.759
44.453,9.4483
44.473,9.0453
44.492,8.6068
44.511,8.0941
44.531,7.5492
44.55,6.9714
44.569,6.379
44.589,5.7685
44.608,5.1451
44.627,4.5492
44.647,4.0257
44.666,3.5452
44.685,3.1224
44.705,2.766
44.724,2.4681
44.743,2.263
44.763,2.1259
44.782,2.118
44.801,2.1695
44.821,2.2719
44.84,2.4356
44.859,2.6544
44.879,2.981
44.898,3.3617
44.917,3.7985
44.937,4.2656
44.956,4.7777
44.975,5.3826
44.995,6.0207
45.014,6.6654
45.033,7.2884
45.053,7.9115
45.072,8.5499
45.091,9.1573
45.111,9.705
45.13,10.211
45.149,10.625
45.169,10.97
45.188,11.228
45.207,11.358
45.227,11.411
45.246,11.338
45.265,11.209
45.285,10.989
45.304,10.661
45.323,10.241
45.343,9.733
45.362,9.2059
45.381,8.6586
45.401,8.0838
45.42,7.4696
45.439,6.8412
45.459,6.231
45.478,5.6467
45.497,5.064
45.517,4.4598
45.536,3.8742
45.555,3.3375
45.575,2.8159
45.594,2.2993
45.613,1.8082
45.633,1.3417
45.652,0.94735
45.671,0.63877
45.691,0.40217
45.71,0.29568
45.729,0.27068
45.749,0.39748
45.768,0.61524
45.787,0.99415
45.807,1.5225
45.826,2.1032
45.845,2.8304
45.865,3.6539
45.884,4.5887
45.903,5.5281
45.923,6.4593
45.942,7.3746
45.961,8.2524
45.981,9.0313
46,9.7473
46.019,10.294
46.039,10.707
46.058,11.049
46.077,11.277
46.097,11.451
46.116,11.539
