0.0000000000030006217656481	0.0273612409590162815000000
0.0000000000030202483828835	0.0269575363379068976000000
0.0000000000030402691854990	0.0248705392163132873000000
0.0000000000030602836302858	0.0228104773696939482000000
0.0000000000030799166053499	0.0224372777596712550000000
0.0000000000031001281428268	0.0203064702463840834000000
0.0000000000031199454949236	0.0220923115114143899000000
0.0000000000031399662975391	0.0224139122188680082000000
0.0000000000031599807423260	0.0223843807714651025000000
0.0000000000031801922798029	0.0243136604941881565000000
0.0000000000032002130824184	0.0269056129139663668000000
0.0000000000032204246198954	0.0256117460934116060000000
0.0000000000032402419719921	0.0253031262422389637000000
0.0000000000032600656819176	0.0238810734681411986000000
0.0000000000032800864845331	0.0239102803941335929000000
0.0000000000032999101944586	0.0201211685268434005000000
0.0000000000033199246392454	0.0234254454226457444000000
0.0000000000033401361767223	0.0234754217182381458000000
0.0000000000033601506215092	0.0252758664446581897000000
0.0000000000033801714241247	0.0268997715287737776000000
0.0000000000034001858689115	0.0269127523847573838000000
0.0000000000034200095788370	0.0228971245834933383000000
0.0000000000034402211163139	0.0223856788570638496000000
0.0000000000034602355611008	0.0211440599802865219000000
0.0000000000034802563637163	0.0239180689077304332000000
0.0000000000035000800736418	0.0239660980749153013000000
0.0000000000035202916111187	0.0239245593357287588000000
0.0000000000035401153210442	0.0223603661878624925000000
0.0000000000035601297658310	0.0234484864420419041000000
0.0000000000035801442106178	0.0264516074758578135000000
0.0000000000035999679205433	0.0219758083287878436000000
0.0000000000036201794580202	0.0206689606504259875000000
0.0000000000036402002606358	0.0215390025242528059000000
0.0000000000036602147054226	0.0234650370334390790000000
0.0000000000036800384153481	0.0247572812477770132000000
0.0000000000037000528601349	0.0214750718084289749000000
0.0000000000037202643976118	0.0243487088053738129000000
0.0000000000037402852002274	0.0224301382888713978000000
0.0000000000037602996450142	0.0207770262766919095000000
0.0000000000037801233549396	0.0194497337496622284000000
0.0000000000037999470648651	0.0202207965967221501000000
0.0000000000038201586023420	0.0211833270697050491000000
0.0000000000038401730471289	0.0229026414472928604000000
0.0000000000038601938497444	0.0238826960751409648000000
0.0000000000038802082945312	0.0219173944767734052000000
0.0000000000039000320044567	0.0262416421302567593000000
0.0000000000039200464492435	0.0243331317781801636000000
0.0000000000039402579867205	0.0243655839181664488000000
0.0000000000039602787893360	0.0247095766020011542000000
0.0000000000039802932341228	0.0248354909051336850000000
0.0000000000040001169440483	0.0235159868932312034000000
0.0000000000040199406539738	0.0215406251312545115000000
0.0000000000040401521914507	0.0233650844422548139000000
0.0000000000040601666362375	0.0238888619817396418000000
0.0000000000040801874388531	0.0220621310212088181000000
0.0000000000041000111487785	0.0248111518001472749000000
0.0000000000041202226862555	0.0223467362890595739000000
0.0000000000041402371310423	0.0228617517508932500000000
0.0000000000041602515758291	0.0231619340458687518000000
0.0000000000041802723784447	0.0215581492868598679000000
0.0000000000042002868232315	0.0224330589814707194000000
0.0000000000042201105331570	0.0224255949892701381000000
0.0000000000042399342430824	0.0215542550300597859000000
0.0000000000042601457805593	0.0224210516896692635000000
0.0000000000042801602253462	0.0256490660543830969000000
0.0000000000043001810279617	0.0228267034396928137000000
0.0000000000043200047378872	0.0239235857715282621000000
0.0000000000043402162753641	0.0228964755406943950000000
0.0000000000043600336274609	0.0228789513850926433000000
0.0000000000043802451649378	0.0234588711268407905000000
0.0000000000044000688748632	0.0223509550672587425000000
0.0000000000044200896774788	0.0224272175962704420000000
0.0000000000044401041222656	0.0215302404464491892000000
0.0000000000044599278321911	0.0220118302041969090000000
0.0000000000044801393696680	0.0215250481040474076000000
0.0000000000044999630795935	0.0211288074744787960000000
0.0000000000045199775243803	0.0206809679422334039000000
0.0000000000045401890618572	0.0206008111563764258000000
0.0000000000045600127717827	0.0219946305699930504000000
0.0000000000045802243092596	0.0227867873074938214000000
0.0000000000046000480191851	0.0234507580918406136000000
0.0000000000046204502915234	0.0211817044627040027000000
0.0000000000046400832665874	0.0219550389591833400000000
0.0000000000046602948040644	0.0202603882075491348000000
0.0000000000046799214212997	0.0211531465794905643000000
0.0000000000047001329587767	0.0224609678218741851000000
0.0000000000047205415889437	0.0220205922819976668000000
0.0000000000047401682061790	0.0215500362518578140000000
0.0000000000047599919161045	0.0210768840504541762000000
0.0000000000047800063608913	0.0224577226078724462000000
0.0000000000048002178983683	0.0211654783926964359000000
0.0000000000048202387009838	0.0234312868078449810000000
0.0000000000048402531457706	0.0233598920998562797000000
0.0000000000048600768556961	0.0211482787584892362000000
0.0000000000048802883931730	0.0223746451294637855000000
0.0000000000049001121030985	0.0215123917694406350000000
0.0000000000049201265478853	0.0241708710782413683000000
0.0000000000049401409926722	0.0238310971725565861000000
0.0000000000049601617952877	0.0239690187675137868000000
0.0000000000049801762400745	0.0239385137559243941000000
0.0000000000050001970426901	0.0235289677492277992000000
0.0000000000050202114874769	0.0227884099144947776000000
0.0000000000050402322900925	0.0239235857715289768000000
0.0000000000050602467348793	0.0223980106702666472000000
0.0000000000050802611796661	0.0211365959880835848000000
0.0000000000050998941547302	0.0228763552138941950000000
0.0000000000051201056922071	0.0223545248026594187000000
0.0000000000051401201369940	0.0211677500424970813000000
0.0000000000051601345817808	0.0194643372126774433000000
0.0000000000051801553843964	0.0194283153372438941000000
0.0000000000052001698291832	0.0193825578197995008000000
0.0000000000052201906317987	0.0207228312028593653000000
0.0000000000052400143417242	0.0211388676378843517000000
0.0000000000052602258792011	0.0193799616485960703000000
0.0000000000052802403239880	0.0194107911816253920000000
0.0000000000053000640339134	0.0179796518059435750000000
0.0000000000053202755713903	0.0175619927635412322000000
0.0000000000053400992813158	0.0185209535018486110000000
0.0000000000053601137261026	0.0202892706121707324000000
0.0000000000053801345287182	0.0203337300440036457000000
0.0000000000054001489735050	0.0207582040354800518000000
0.0000000000054201634182919	0.0211297810386806353000000
0.0000000000054401842209074	0.0180906381248904548000000
0.0000000000054601986656942	0.0167743793244732355000000
0.0000000000054802194683098	0.0182746417589349994000000
0.0000000000055000368204065	0.0180195679381964825000000
0.0000000000055202483578835	0.0207358120588657276000000
0.0000000000055402691604990	0.0219842458851907674000000
0.0000000000055600928704245	0.0207007637476441797000000
0.0000000000055801073152113	0.0203162058883909480000000
0.0000000000055999310251368	0.0206764246426300244000000
0.0000000000056201425626137	0.0211622331786940378000000
0.0000000000056399662725391	0.0190989261159069459000000
0.0000000000056601778100161	0.0150226128038171303000000
0.0000000000056801922548029	0.0110297014870542991000000
0.0000000000057002130574184	0.0060190910505589761300000
0.0000000000057202275022053	-0.0000916469462898399270000
0.0000000000057400512121307	-0.0102634457901551717000000
0.0000000000057602627496077	-0.0176544207541606615000000
0.0000000000057800864595331	-0.0297373262048712360000000
0.0000000000058001009043199	-0.0450245560666778788000000
0.0000000000058201217069355	-0.0608835927223789902000000
0.0000000000058401361517223	-0.0828864687948513423000000
0.0000000000058599598616478	-0.1042594489635646770000000
0.0000000000058797835715733	-0.1325447354365598130000000
0.0000000000059005736714630	-0.1608384597451650300000000
0.0000000000059202066465271	-0.1952425982139915080000000
0.0000000000059400303564526	-0.2339359368379443360000000
0.0000000000059600448012394	-0.2794916062815461790000000
0.0000000000059800592460262	-0.3341721704512032880000000
0.0000000000060002707835031	-0.3883289582983184270000000
0.0000000000060202915861187	-0.4550801007687436120000000
0.0000000000060401152960442	-0.5230955810482883490000000
0.0000000000060599326481409	-0.5937757095961209150000000
0.0000000000060799534507565	-0.6757670376206169610000000
0.0000000000061001649882334	-0.7526974565381183700000000
0.0000000000061201794330202	-0.8314974475946472760000000
0.0000000000061402002356358	-0.9098489538750151870000000
0.0000000000061600239455612	-0.9739065876253281130000000
0.0000000000061802354830381	-1.0155268027845600900000000
0.0000000000062000528351349	-1.0523444243533344200000000
0.0000000000062202643726118	-1.0535373656745177200000000
0.0000000000062402851752274	-1.0173898811149459900000000
0.0000000000062601088851528	-0.9338560844256836860000000
0.0000000000062801233299396	-0.7979652874606071310000000
0.0000000000063001377747265	-0.6083658709937926900000000
0.0000000000063201585773420	-0.3491371522545119730000000
0.0000000000063401730221289	-0.0308059751926760550000000
0.0000000000063601938247444	0.3172204997793027780000000
0.0000000000063800175346699	0.7144671116951895050000000
0.0000000000064002290721468	1.0918202400100232000000000
0.0000000000064200464242435	1.4682257899577917400000000
0.0000000000064402579617205	1.8314791807809143200000000
0.0000000000064602787643360	2.1679771338858158100000000
0.0000000000064799053815714	2.4337625531040543100000000
0.0000000000064999261841869	2.6139434359588942200000000
0.0000000000065199406289738	2.7177510927382098000000000
0.0000000000065401521664507	2.7238842274437216000000000
0.0000000000065601666112375	2.6557463650495285400000000
0.0000000000065801874138531	2.4847948702828666100000000
0.0000000000066002018586399	2.2190350788807071700000000
0.0000000000066200255685654	1.8621539228483901000000000
0.0000000000066404341987324	1.4483556685583627300000000
0.0000000000066602515508291	1.0356283896858766700000000
0.0000000000066802723534447	0.5995781093309873190000000
0.0000000000067000960633701	0.1551791843816117400000000
0.0000000000067201105081570	-0.2791557265991993500000000
0.0000000000067401313107725	-0.6672983246424636360000000
0.0000000000067601457555594	-0.9813851869880753080000000
0.0000000000067801602003462	-1.2148401770071761700000000
0.0000000000068001810029617	-1.3610342543669860000000000
0.0000000000068201954477486	-1.4317374657568970900000000
0.0000000000068402162503641	-1.4284701815008391500000000
0.0000000000068602306951509	-1.3663710130517392500000000
0.0000000000068802451399378	-1.2472508005340821000000000
0.0000000000069002659425533	-1.1126093808259143200000000
0.0000000000069202803873402	-0.9359210150540017150000000
0.0000000000069401040972656	-0.7486948082092954590000000
0.0000000000069603156347425	-0.5745033524060211280000000
0.0000000000069803364373581	-0.4240169068957809760000000
0.0000000000070001537894548	-0.3008470638621590920000000
0.0000000000070201745920704	-0.2100917250201082000000000
0.0000000000070401890368572	-0.1645331361048147370000000
0.0000000000070602098394728	-0.1562130559616538850000000
0.0000000000070800271915695	-0.1793504596421536260000000
0.0000000000071002387290464	-0.2284830032877247510000000
0.0000000000071202595316620	-0.2972520153870877310000000
0.0000000000071402739764488	-0.3772712144620313230000000
0.0000000000071602947790644	-0.4588507156104173480000000
0.0000000000071801184889898	-0.5313153853929221130000000
0.0000000000071999358410866	-0.5835360832821220310000000
0.0000000000072201473785635	-0.6134673487483497390000000
0.0000000000072399710884890	-0.6175082902985284950000000
0.0000000000072601826259659	-0.5933255982996964440000000
0.0000000000072800063358913	-0.5427765102504920060000000
0.0000000000073002178733683	-0.4658830956630240490000000
0.0000000000073202386759838	-0.3697935912770165530000000
0.0000000000073402531207706	-0.2610922146068168080000000
0.0000000000073600768306961	-0.1497291180251682230000000
0.0000000000073802883681730	-0.0334855484350359695000000
0.0000000000074001120780985	0.0696210664106003546000000
0.0000000000074201265228853	0.1564873301018309680000000
0.0000000000074401409676722	0.2224842709398927860000000
0.0000000000074601617702877	0.2665997077517195950000000
0.0000000000074801762150745	0.2852480044001527440000000
0.0000000000075001970176901	0.2840897875924685570000000
0.0000000000075202114624769	0.2622511212349641910000000
0.0000000000075402322650925	0.2274403615203828000000000
0.0000000000075602467098793	0.1779102850219599070000000
0.0000000000075802611546661	0.1255620642299625780000000
0.0000000000076000848645916	0.0691670609778052836000000
0.0000000000076201056672071	0.0157998415584160272000000
0.0000000000076401201119940	-0.0291502669832621568000000
0.0000000000076601345567808	-0.0624542763382877966000000
0.0000000000076801553593964	-0.0854680366161940514000000
0.0000000000077001698041832	-0.0969788110770138517000000
0.0000000000077199935141086	-0.0956492468524418743000000
0.0000000000077404021442757	-0.0796685144903752918000000
0.0000000000077602258542011	-0.0579895108057299699000000
0.0000000000077802402989880	-0.0340862375563398129000000
0.0000000000078002547437748	-0.0064094296090029126800000
0.0000000000078200784537002	0.0270350969524126884000000
0.0000000000078400992563158	0.0586431566155952988000000
0.0000000000078601137011026	0.0833437781314112780000000
0.0000000000078801345037182	0.1009970929207412160000000
0.0000000000079001489485050	0.1180798990253908300000000
0.0000000000079201633932918	0.1302429607755177520000000
0.0000000000079397963683559	0.1352467560994726480000000
0.0000000000079601986406942	0.1343468582833608200000000
0.0000000000079800223506197	0.1311263080015661050000000
0.0000000000080000367954065	0.1267618198134569110000000
0.0000000000080200575980221	0.1183651533288478110000000
0.0000000000080402691354990	0.1103183208882945460000000
0.0000000000080604806729759	0.1047365529334283590000000
0.0000000000080799165553499	0.1014033937050705800000000
0.0000000000080999310001368	0.0944884918524017681000000
0.0000000000081201425376137	0.0892721349653275570000000
0.0000000000081401569824005	0.0806048175591672217000000
0.0000000000081601777850161	0.0706884172814931794000000
0.0000000000081801922298029	0.0571549014895560079000000
0.0000000000082000159397284	0.0428980274520215157000000
0.0000000000082200303845152	0.0238077316317561113000000
0.0000000000082402419219921	0.0018863109991795953800000
0.0000000000082602627246077	-0.0191345628773496521000000
0.0000000000082802771693945	-0.0404958598415873922000000
0.0000000000082999101444586	-0.0618597531182852392000000
0.0000000000083199245892454	-0.0824279200418947672000000
0.0000000000083401361267223	-0.0986981255181573619000000
0.0000000000083601505715092	-0.1075831972749871910000000
0.0000000000083801713741247	-0.1097957842705409030000000
0.0000000000083999950840502	-0.1034812466158499120000000
0.0000000000084202066215271	-0.0855962225734433896000000
0.0000000000084402210663139	-0.0580505208304242862000000
0.0000000000084602355111008	-0.0207393212203832132000000
0.0000000000084802563137163	0.0208737336539278583000000
0.0000000000085002707585031	0.0658154039995096363000000
0.0000000000085202915611187	0.1136083187641400430000000
0.0000000000085399181783541	0.1521929385595565120000000
0.0000000000085601297158310	0.1859288839769731030000000
0.0000000000085797563330664	0.2136813038582905670000000
0.0000000000086001649632334	0.2308835334046215330000000
0.0000000000086201794080202	0.2372207869853120710000000
0.0000000000086402002106358	0.2293083066069839250000000
0.0000000000086602146554226	0.2121154881754330480000000
0.0000000000086800383653481	0.1831195023300193350000000
0.0000000000087006377303764	0.1463340293934965730000000
0.0000000000087202643476118	0.1029627189991700330000000
0.0000000000087400880575373	0.0556267302310758730000000
0.0000000000087601088601528	0.0112919147791010997000000
0.0000000000087801233049396	-0.0263684695011655243000000
0.0000000000088003348424166	-0.0580836220140168794000000
0.0000000000088199614596519	-0.0841670302808164017000000
0.0000000000088401729971289	-0.0983203825944239385000000
0.0000000000088599967070543	-0.1000543004998887540000000
0.0000000000088802082445312	-0.0930267893245662475000000
0.0000000000089000319544567	-0.0766131454155756786000000
0.0000000000089202434919336	-0.0509068310870572985000000
0.0000000000089402579367205	-0.0217842801418314073000000
0.0000000000089602787393360	0.0055602177887136275100000
0.0000000000089801024492615	0.0360493278581984697000000
0.0000000000090001168940483	0.0671955934972360558000000
0.0000000000090199406039738	0.0926844774239570790000000
0.0000000000090399550487606	0.1111818723136484550000000
0.0000000000090601665862375	0.1237015830932334660000000
0.0000000000090799902961630	0.1302562661525461240000000
0.0000000000091002018336399	0.1267851853536227370000000
0.0000000000091200255435654	0.1180792499826067990000000
0.0000000000091400399883522	0.1035601628838118820000000
0.0000000000091602515258291	0.0862394825352606476000000
0.0000000000091800752357546	0.0656709919782121898000000
0.0000000000092002867732315	0.0451278139782769414000000
0.0000000000092199197482956	0.0199368403714847743000000
0.0000000000092399341930824	-0.0000082449459546535224300
0.0000000000092601457305594	-0.0159905995171554689000000
0.0000000000092799694404848	-0.0296776142663440420000000
0.0000000000093001809779617	-0.0350653186367033826000000
0.0000000000093200046878872	-0.0372045637427395742000000
0.0000000000093402162253641	-0.0419373839277316640000000
0.0000000000093602306701509	-0.0407155608335065949000000
0.0000000000093802451149378	-0.0363169976981184625000000
0.0000000000094000688248632	-0.0292654720820135425000000
0.0000000000094200896274788	-0.0174025921448066889000000
0.0000000000094401040722656	-0.0091055534240556280300000
0.0000000000094601248748812	0.0023367467050554968500000
0.0000000000094801393196680	0.0123813331223463548000000
0.0000000000095001537644548	0.0207465212650721313000000
0.0000000000095199774743803	0.0286927522612712704000000
0.0000000000095401890118572	0.0328346188802549899000000
0.0000000000095602098144728	0.0371731454620803925000000
0.0000000000095802242592596	0.0431677047339022180000000
0.0000000000096002387040464	0.0459371703447876839000000
0.0000000000096200624139719	0.0475188876378960234000000
0.0000000000096400832165874	0.0498541436155727144000000
0.0000000000096602947540644	0.0502578482341323532000000
0.0000000000096799213712997	0.0514864862450013505000000
0.0000000000097001329087767	0.0514793467742574520000000
0.0000000000097201473535635	0.0490227197948988544000000
0.0000000000097401681561790	0.0489941619119054275000000
0.0000000000097601826009659	0.0499768127038526105000000
0.0000000000097800063108913	0.0485485940329077950000000
0.0000000000098002178483683	0.0507102310622700586000000
0.0000000000098200415582937	0.0490201236237168547000000
0.0000000000098400560030806	0.0476233835279848763000000
0.0000000000098602675405575	0.0461490828176186335000000
0.0000000000098802883431730	0.0442256444917657962000000
0.0000000000099001120530985	0.0432939435577892398000000
0.0000000000099201264978853	0.0384796686130085414000000
0.0000000000099399502078108	0.0351643580035698802000000
0.0000000000099599646525976	0.0287235817942213152000000
0.0000000000099801761900745	0.0219099304845687716000000
0.0000000000100001969926901	0.0106246987784685797000000
0.0000000000100202114374769	0.0003746903085535163480000
0.0000000000100402322400925	-0.0095138013490535800000000
0.0000000000100602466848793	-0.0210128927640620654000000
0.0000000000100802611296661	-0.0316604400515411930000000
0.0000000000101002819322817	-0.0420042353374176850000000
0.0000000000101199085495171	-0.0492641037245364483000000
0.0000000000101401200869940	-0.0559096531034269234000000
0.0000000000101599437969194	-0.0575553011620391075000000
0.0000000000101799582417063	-0.0583750422382984524000000
0.0000000000102001697791832	-0.0552167998981720129000000
0.0000000000102201905817987	-0.0492439833973037713000000
0.0000000000102400142917242	-0.0397011069181775270000000
0.0000000000102602258292011	-0.0273472260578242962000000
0.0000000000102802402739880	-0.0137874237083964752000000
0.0000000000103002547187748	0.0029286737420903871000000
0.0000000000103200784287002	0.0216415512866770798000000
0.0000000000103400992313158	0.0416723101308551780000000
0.0000000000103601136761026	0.0607885675692558941000000
0.0000000000103801344787182	0.0779479608979507799000000
0.0000000000104001489235050	0.0924913871945705207000000
0.0000000000104199726334305	0.1064669010002601140000000
0.0000000000104401841709074	0.1178644168211613190000000
0.0000000000104601986156942	0.1227617691434970820000000
0.0000000000104800223256197	0.1228107718736169830000000
0.0000000000105002338630966	0.1176534779164296330000000
0.0000000000105200575730221	0.1101703391333065940000000
0.0000000000105404598453604	0.0971972719253554468000000
0.0000000000105602835552858	0.0818899222828744916000000
0.0000000000105801072652113	0.0617741390506561031000000
0.0000000000106001280678268	0.0406192381932288377000000
0.0000000000106199454199236	0.0195827875237843743000000
0.0000000000106403540500906	-0.0006978529255453143260000
0.0000000000106599806673260	-0.0185228400309263262000000
0.0000000000106801922048029	-0.0368936722360534430000000
0.0000000000107000159147284	-0.0506287162411433178000000
0.0000000000107202274522053	-0.0592668270673371786000000
0.0000000000107402418969921	-0.0625354066903536371000000
0.0000000000107602626996077	-0.0621547430784030949000000
0.0000000000107802771443945	-0.0564821088665732607000000
0.0000000000108001008543199	-0.0440337922126613490000000
0.0000000000108201216569355	-0.0292479479261435159000000
0.0000000000108401361017223	-0.0150868074080682379000000
0.0000000000108601505465092	0.0028595506834953677100000
0.0000000000108799742564346	0.0204145358726529023000000
0.0000000000109001857939115	0.0372205255862896323000000
0.0000000000109202065965271	0.0539616109423613141000000
0.0000000000109402210413139	0.0655843447654260725000000
0.0000000000109602354861008	0.0729928437121580287000000
0.0000000000109800591960262	0.0819726752385581264000000
0.0000000000110002707335031	0.0849819621315243690000000
