0.0000000000030004246729580	0.0148145945859492964000000
0.0000000000030204391177448	0.0140522938155195083000000
0.0000000000030400720928089	0.0160458287801432502000000
0.0000000000030602836302858	0.0156774969904130736000000
0.0000000000030799102475212	0.0187867365287638574000000
0.0000000000031001217849981	0.0196577519672589199000000
0.0000000000031201362297850	0.0206069770629862294000000
0.0000000000031399599397104	0.0213660326179860721000000
0.0000000000031601714771873	0.0241559430938508846000000
0.0000000000031801922798029	0.0188337921318186899000000
0.0000000000032002067245897	0.0201318777330549495000000
0.0000000000032202211693766	0.0214114656140040500000000
0.0000000000032400448793020	0.0226420507630879266000000
0.0000000000032600656819176	0.0209662222529958114000000
0.0000000000032802772193945	0.0209181930857711591000000
0.0000000000033001009293199	0.0206121694053898914000000
0.0000000000033199182814167	0.0218180909283460962000000
0.0000000000033401298188936	0.0226433488486871212000000
0.0000000000033599535288191	0.0214575476528222481000000
0.0000000000033799743314346	0.0203204246665881945000000
0.0000000000034001858689115	0.0241144043546665729000000
0.0000000000034202003136984	0.0226816423738909617000000
0.0000000000034400240236238	0.0214150353494043030000000
0.0000000000034602355611008	0.0182632835099247326000000
0.0000000000034802500058876	0.0201309041688535542000000
0.0000000000035002708085031	0.0201124064490384447000000
0.0000000000035202852532900	0.0187445487467162129000000
0.0000000000035401089632154	0.0188737082640635101000000
0.0000000000035601234080023	0.0188149698905968991000000
0.0000000000035801442106178	0.0213511046335796394000000
0.0000000000035999679205433	0.0188347656960185586000000
0.0000000000036201794580202	0.0174026527558998577000000
0.0000000000036399968101170	0.0169759071142163882000000
0.0000000000036602083475939	0.0182097374788538109000000
0.0000000000036802291502094	0.0182717210663338389000000
0.0000000000037000528601349	0.0179251322106666125000000
0.0000000000037204551324732	0.0213543498475808405000000
0.0000000000037400881075373	0.0221085375814117323000000
0.0000000000037599054596340	0.0218174418855461745000000
0.0000000000037803140898010	0.0178190137127168455000000
0.0000000000038001377997265	0.0169295005539383536000000
0.0000000000038201522445133	0.0175542042499258373000000
0.0000000000038401730471289	0.0152786601889779786000000
0.0000000000038601874919157	0.0134908717920764910000000
0.0000000000038802082945312	0.0139987477843910284000000
0.0000000000039002227393181	0.0156859345468295351000000
0.0000000000039202371841049	0.0148603521034523147000000
0.0000000000039404487215818	0.0138974971073342526000000
0.0000000000039600816966459	0.0139591561734921533000000
0.0000000000039800961414328	0.0152926146092077688000000
0.0000000000040001105862196	0.0173792872150642028000000
0.0000000000040201313888351	0.0172705725458864277000000
0.0000000000040401458336220	0.0173802607792645468000000
0.0000000000040601666362375	0.0173718232228514506000000
0.0000000000040799903461630	0.0182739927161380440000000
0.0000000000041002018836399	0.0165303392312458573000000
0.0000000000041200192357366	0.0169973255266512337000000
0.0000000000041400400383522	0.0165072982118041403000000
0.0000000000041600544831390	0.0157505143055544812000000
0.0000000000041802660206159	0.0156804176830184633000000
0.0000000000042000897305414	0.0153286364846852222000000
0.0000000000042201041753282	0.0173293109193862031000000
0.0000000000042401249779438	0.0182879471363562723000000
0.0000000000042601394227306	0.0169687676434046621000000
0.0000000000042801602253462	0.0152449099633053028000000
0.0000000000042999839352716	0.0156499126713554523000000
0.0000000000043201954727486	0.0160153237684846315000000
0.0000000000043402099175354	0.0173377484757988795000000
0.0000000000043602243623222	0.0165556519004905825000000
0.0000000000043800480722477	0.0144118635276074096000000
0.0000000000044002596097246	0.0147370339711714229000000
0.0000000000044200833196501	0.0135710285780886366000000
0.0000000000044401041222656	0.0138949009361289608000000
0.0000000000044601185670525	0.0143664305314976440000000
0.0000000000044799422769779	0.0139244323836041333000000
0.0000000000045001538144548	0.0139276775976133801000000
0.0000000000045201682592417	0.0126305655582803333000000
0.0000000000045401890618572	0.0143252163135986089000000
0.0000000000045600064139540	0.0126636667411761088000000
0.0000000000045800272165695	0.0127373330991902636000000
0.0000000000046002387540464	0.0109219603818912405000000
0.0000000000046200624639719	0.0096099203569845505200000
0.0000000000046402740014488	0.0109034626620267017000000
0.0000000000046600977113743	0.0113094389347858735000000
0.0000000000046804999837126	0.0139685672941138907000000
0.0000000000046999358660866	0.0138871124225097651000000
0.0000000000047201474035635	0.0139124250917727899000000
0.0000000000047399711134890	0.0125848080407439094000000
0.0000000000047601826509659	0.0095628647538046288800000
0.0000000000047803941884428	0.0100970269801892408000000
0.0000000000048004086332296	0.0100545146766352327000000
0.0000000000048200352504650	0.0108564070588686758000000
0.0000000000048400560530806	0.0109537634791972444000000
0.0000000000048600704978674	0.0126740514260063296000000
0.0000000000048800913004829	0.0100266058361326779000000
0.0000000000049003028379599	0.0099798747543575171200000
0.0000000000049201201900566	0.0113162538842076950000000
0.0000000000049401409926722	0.0095735739600472415100000
0.0000000000049601554374590	0.0076014574042149911700000
0.0000000000049799791473845	0.0048589270397776046900000
0.0000000000049999999500000	0.0062618330589190324800000
0.0000000000050202051296482	0.0066558020403661771400000
0.0000000000050402259322638	0.0067210308420674325100000
0.0000000000050602403770506	0.0053609616481275820100000
0.0000000000050802611796661	0.0040609289129747263100000
0.0000000000051002756244530	0.0067057783361981508300000
0.0000000000051200993343784	0.0066382778846857202400000
0.0000000000051401137791653	0.0067061028575983233300000
0.0000000000051597467542293	0.0067372569121407670600000
0.0000000000051803461192577	0.0066992879081683347600000
0.0000000000052001698291832	0.0066395759702907999600000
0.0000000000052201842739700	0.0053846517104455243100000
0.0000000000052402050765856	0.0049124730710528178100000
0.0000000000052602195213724	0.0066252970286252970600000
0.0000000000052802339661592	0.0054099643797710650400000
0.0000000000053000576760847	0.0058091257037403221500000
0.0000000000053202692135616	0.0032304786458026845000000
0.0000000000053400929234871	0.0023305807984240912300000
0.0000000000053601073682739	0.0010818224436453566400000
0.0000000000053801281708895	0.0014280867795925876000000
0.0000000000054001426156763	0.0028189855082627456700000
0.0000000000054201634182919	0.0040907848819358543000000
0.0000000000054399871282173	0.0070744346482781777700000
0.0000000000054601986656942	0.0079188393347844124300000
0.0000000000054800160177910	0.0053664785119546870300000
0.0000000000055002275552679	0.0023172754209450233500000
0.0000000000055202483578835	0.0001848452883222837420000
0.0000000000055402628026703	-0.0020235228537760206200000
0.0000000000055602836052858	-0.0028611125932739892500000
0.0000000000055801009573826	-0.0049023522150010946300000
0.0000000000056001217599981	-0.0057723940954769138400000
0.0000000000056199454699236	-0.0068144323196469274600000
0.0000000000056401570074005	-0.0079109901398185158300000
0.0000000000056601714521873	-0.0096189462836399741000000
0.0000000000056801922548029	-0.0087709718575766405800000
0.0000000000057000096068996	-0.0130303152742265727000000
0.0000000000057202211443766	-0.0169700051135595088000000
0.0000000000057402419469921	-0.0212494688677005474000000
0.0000000000057600656569176	-0.0246845279327045676000000
0.0000000000057804679292559	-0.0310912295068579425000000
0.0000000000057999038116299	-0.0325950616986558570000000
0.0000000000058201153491068	-0.0382511452764678142000000
0.0000000000058399390590322	-0.0447526071280112611000000
0.0000000000058601505965092	-0.0533748163892876840000000
0.0000000000058803621339861	-0.0642313555707620110000000
0.0000000000058999887512215	-0.0789354206249875817000000
0.0000000000059200031960083	-0.0940882988619319849000000
0.0000000000059400239986238	-0.1139493338432421430000000
0.0000000000059604262709621	-0.1352934318306215360000000
0.0000000000059804470735777	-0.1622728444182409140000000
0.0000000000060000736908131	-0.1923316410488780380000000
0.0000000000060202852282900	-0.2262902120037878770000000
0.0000000000060401089382154	-0.2682141619543911840000000
0.0000000000060601233830023	-0.3103889676899301840000000
0.0000000000060801441856178	-0.3629559244075637460000000
0.0000000000061001586304047	-0.4176066346105943850000000
0.0000000000061201794330202	-0.4762317605663142770000000
0.0000000000061401938778070	-0.5460405472371816500000000
0.0000000000061602083225939	-0.6163507221552255720000000
0.0000000000061802291252094	-0.6882812356558853930000000
0.0000000000062002435699963	-0.7538559983378400050000000
0.0000000000062200672799217	-0.8250245412011860680000000
0.0000000000062402788173986	-0.8829341107188630740000000
0.0000000000062599054346340	-0.9153982723094870040000000
0.0000000000062801169721109	-0.9231225341793788400000000
0.0000000000063001377747265	-0.9005527097183581020000000
0.0000000000063199614846519	-0.8360037535455580040000000
0.0000000000063401730221289	-0.7221113042758710020000000
0.0000000000063601874669157	-0.5517829547359424100000000
0.0000000000063803990043926	-0.3115040233526762400000000
0.0000000000064002227143181	0.0042462306323969951600000
0.0000000000064202371591049	0.3781007101927847950000000
0.0000000000064402579617205	0.8360240547956641060000000
0.0000000000064600816716459	1.2845213638642916100000000
0.0000000000064800961164328	1.6936435634334465700000000
0.0000000000065001105612196	2.0543858440363549300000000
0.0000000000065201313638351	2.3671369766941166000000000
0.0000000000065399550737606	2.6068863887610600500000000
0.0000000000065601666112375	2.7865409227979065500000000
0.0000000000065799903211630	2.8459709024816728400000000
0.0000000000066002018586399	2.8140554929975145600000000
0.0000000000066204133961168	2.6962531561409641700000000
0.0000000000066402307482136	2.4665317688730907800000000
0.0000000000066600544581390	2.1618037610399860600000000
0.0000000000066800752607546	1.7685960096292960800000000
0.0000000000067002867982315	1.2698968072911052100000000
0.0000000000067201041503282	0.7157548124890203980000000
0.0000000000067401249529438	0.1413733954249810350000000
0.0000000000067599486628693	-0.3973139836875105300000000
0.0000000000067801602003462	-0.8576052047846186580000000
0.0000000000068001746451330	-1.2503701024218500900000000
0.0000000000068201954477486	-1.5951902855235777800000000
0.0000000000068402098925354	-1.8426533864331342500000000
0.0000000000068602243373222	-1.9722300864965347500000000
0.0000000000068802451399378	-2.0222217063016083600000000
0.0000000000069002595847246	-1.9853832819493650900000000
0.0000000000069202803873402	-1.8837404446645424900000000
0.0000000000069401040972656	-1.7126525544176038900000000
0.0000000000069601185420525	-1.4981229204329953300000000
0.0000000000069801329868393	-1.2486809673471686000000000
0.0000000000070001537894548	-0.9714483368148691950000000
0.0000000000070201682342417	-0.6522950469028131470000000
0.0000000000070401890368572	-0.3925023041413350790000000
0.0000000000070602034816441	-0.1555747223318260650000000
0.0000000000070802179264309	0.0463846853521812375000000
0.0000000000071002387290464	0.1993978195981854500000000
0.0000000000071202531738333	0.2994458147868024890000000
0.0000000000071402739764488	0.3470764665744849870000000
0.0000000000071602884212356	0.3382718770764736040000000
0.0000000000071801121311611	0.2903520766728970860000000
0.0000000000072001265759479	0.2137673020252739700000000
0.0000000000072201473785635	0.1136264919620825210000000
0.0000000000072401618233503	0.0078295959492931180300000
0.0000000000072601826259659	-0.0834349099787160681000000
0.0000000000072799999780626	-0.1643562719311870150000000
0.0000000000073000207806782	-0.2207613404559967680000000
0.0000000000073200352254650	-0.2497563565060401110000000
0.0000000000073400560280806	-0.2544596455969683760000000
0.0000000000073602675655575	-0.2224284070240469260000000
0.0000000000073804791030344	-0.1610711416027532090000000
0.0000000000074001057202698	-0.0830149792734682507000000
0.0000000000074201201650566	0.0054268394925808477800000
0.0000000000074401409676722	0.0983645753777543652000000
0.0000000000074601554124590	0.1830990574825863410000000
0.0000000000074803669499359	0.2653003241391319600000000
0.0000000000075001906598614	0.3310369974736880330000000
0.0000000000075202051046482	0.3812316924290956030000000
0.0000000000075402259072638	0.4063655484343693950000000
0.0000000000075600496171892	0.4073787041667988880000000
0.0000000000075800640619760	0.3755191426462083920000000
0.0000000000076002755994530	0.3279507991657922280000000
0.0000000000076200993093784	0.2692393646699909880000000
0.0000000000076401137541653	0.1961172329066167560000000
0.0000000000076597467292293	0.1246712530107339930000000
0.0000000000076799582667063	0.0499537716845576060000000
0.0000000000077003605390446	-0.0199711790569478478000000
0.0000000000077201842489700	-0.0801958617818888109000000
0.0000000000077402050515856	-0.1271482688164612680000000
0.0000000000077602194963724	-0.1623078927315435570000000
0.0000000000077800432062979	-0.1847258324707677370000000
0.0000000000078002547437748	-0.1950735225524700970000000
0.0000000000078202691885616	-0.1886700658366017580000000
0.0000000000078402899911772	-0.1679636520335126000000000
0.0000000000078601073432739	-0.1433931618696200060000000
0.0000000000078801281458895	-0.1127021980501515530000000
0.0000000000079001425906763	-0.0776389575921335590000000
0.0000000000079201633932918	-0.0392707915338601013000000
0.0000000000079401778380787	0.0013320284445867117000000
0.0000000000079601986406942	0.0400338015904861261000000
0.0000000000079800159927910	0.0720079212764649784000000
0.0000000000080002275302679	0.0979949455106498557000000
0.0000000000080204390677448	0.1196054740883700650000000
0.0000000000080400720428089	0.1346382784921313910000000
0.0000000000080600864875957	0.1436956704942788650000000
0.0000000000080801009323826	0.1458631488569932800000000
0.0000000000080999246423080	0.1402953353693821850000000
0.0000000000081201361797850	0.1302238140134475140000000
0.0000000000081399598897104	0.1217482888376558300000000
0.0000000000081601714271873	0.1085941387295621670000000
0.0000000000081801922298029	0.0900522843969275011000000
0.0000000000082000095818996	0.0668301824052429661000000
0.0000000000082202211193766	0.0418511214213151544000000
0.0000000000082402419219921	0.0138140951073135246000000
0.0000000000082602563667789	-0.0205199447511920201000000
0.0000000000082802771693945	-0.0529922056500244307000000
0.0000000000082999037866299	-0.0897484740268726378000000
0.0000000000083201153241068	-0.1278544274162427270000000
0.0000000000083401297688936	-0.1667505909658171800000000
0.0000000000083599534788191	-0.1982113201957159680000000
0.0000000000083799742814346	-0.2274792585130031020000000
0.0000000000084001858189115	-0.2461103582414386480000000
0.0000000000084202002636984	-0.2498193136634818120000000
0.0000000000084402147084852	-0.2414606152018998200000000
0.0000000000084602355111008	-0.2209424234119296840000000
0.0000000000084800592210262	-0.1847151232638574450000000
0.0000000000085002707585031	-0.1336348028728273070000000
0.0000000000085202852032900	-0.0620450548424365048000000
0.0000000000085401089132154	0.0081106314829353931600000
0.0000000000085601233580023	0.0849709284040530144000000
0.0000000000085801441606178	0.1665932506641948090000000
0.0000000000085999678705433	0.2418864309136553870000000
0.0000000000086201794080202	0.3064577482378747500000000
0.0000000000086399967601169	0.3542707809880240590000000
0.0000000000086602082975939	0.3818557470350292250000000
0.0000000000086802291002094	0.3908161067403009280000000
0.0000000000087002435449963	0.3818502301716337200000000
0.0000000000087200672549217	0.3491540524327654270000000
0.0000000000087402787923986	0.2961227158559239790000000
0.0000000000087604903298756	0.2287868007428618120000000
0.0000000000087801169471109	0.1561323037022765980000000
0.0000000000087999406570364	0.0813463489464800182000000
0.0000000000088201521945133	0.0025191277328883540800000
0.0000000000088401729971289	-0.0684043763656067699000000
0.0000000000088601874419157	-0.1323948065424171430000000
0.0000000000088802082445312	-0.1853145143303639440000000
0.0000000000089002226893181	-0.2169274443271023140000000
0.0000000000089200463992435	-0.2318495885776549190000000
0.0000000000089402579367205	-0.2342072367518073520000000
0.0000000000089602723815073	-0.2192526403450118230000000
0.0000000000089800960914328	-0.1904727823390521820000000
0.0000000000090001105362196	-0.1523382702259751250000000
0.0000000000090201313388351	-0.1021546030811189140000000
0.0000000000090401457836220	-0.0533667033541072380000000
0.0000000000090601665862375	-0.0056782828887163077900000
0.0000000000090801810310244	0.0386055829156491531000000
0.0000000000091002018336399	0.0762273484604628071000000
0.0000000000091200191857366	0.1065788608807753390000000
0.0000000000091400399883522	0.1268546329313376690000000
0.0000000000091600544331390	0.1350887141822673110000000
0.0000000000091802659706159	0.1318214328207569790000000
0.0000000000092002867732315	0.1181178680282384260000000
0.0000000000092201041253282	0.0971638462218199911000000
0.0000000000092399278352537	0.0720553014002308923000000
0.0000000000092601393727306	0.0428941331952406510000000
0.0000000000092799630826561	0.0100846951669210198000000
0.0000000000092999838852716	-0.0162255530134238317000000
0.0000000000093203861576099	-0.0370455482539261069000000
0.0000000000093400127748453	-0.0547433231645473306000000
0.0000000000093602243123222	-0.0667142688682314244000000
0.0000000000093800480222477	-0.0735172111676135193000000
0.0000000000094002595597246	-0.0756525620427048046000000
0.0000000000094200832696501	-0.0733335320498614274000000
0.0000000000094401040722656	-0.0710180717942489465000000
0.0000000000094601185170525	-0.0669664220028548529000000
0.0000000000094799422269779	-0.0576776457327900852000000
0.0000000000095001537644548	-0.0480828458033845454000000
0.0000000000095199774743803	-0.0374651544315731111000000
0.0000000000095401890118572	-0.0289510108406163570000000
0.0000000000095602034566441	-0.0224381907714175759000000
0.0000000000095800271665695	-0.0166062166199648122000000
0.0000000000096002387040464	-0.0131348111661164901000000
0.0000000000096202531488333	-0.0069669573789569085800000
0.0000000000096402739514488	0.0010143219920227823800000
0.0000000000096602883962356	0.0085286150479267526500000
0.0000000000096801121061611	0.0178287493547308953000000
0.0000000000096999358160866	0.0272067687728086184000000
0.0000000000097201473535635	0.0416654951814935531000000
0.0000000000097401617983503	0.0547894650265584038000000
0.0000000000097601826009659	0.0680714767451207903000000
0.0000000000097801970457527	0.0780352571532505340000000
0.0000000000098002114905395	0.0848106148351920053000000
0.0000000000098202322931551	0.0883573091549430673000000
0.0000000000098402467379419	0.0895992525306773674000000
0.0000000000098602675405575	0.0872432272081994781000000
0.0000000000098800912504829	0.0822881100343067218000000
0.0000000000098999086025797	0.0746582875138729618000000
0.0000000000099199294051952	0.0649294605878246861000000
0.0000000000099403316775335	0.0546495963043908198000000
0.0000000000099601553874590	0.0445352379055116085000000
0.0000000000099799790973845	0.0322047228445624320000000
0.0000000000099999999000000	0.0145913238622268973000000
0.0000000000100200143447868	-0.0050743485583910619200000
0.0000000000100400287895737	-0.0283623290121257574000000
0.0000000000100602403270506	-0.0492254856771124141000000
0.0000000000100802611296661	-0.0714470890972695866000000
0.0000000000101000848395916	-0.0943242259282276313000000
0.0000000000101200992843784	-0.1159324842038500640000000
0.0000000000101401137291653	-0.1373330489323089930000000
0.0000000000101599374390907	-0.1560890887797402590000000
0.0000000000101799582417063	-0.1706282974144151530000000
0.0000000000102001697791832	-0.1808974532581769660000000
0.0000000000102199934891086	-0.1864136683871008000000000
0.0000000000102400079338955	-0.1820913675682857830000000
0.0000000000102602194713724	-0.1715502627696889880000000
0.0000000000102800431812979	-0.1550152474057691630000000
0.0000000000103002547187748	-0.1306238931764296950000000
0.0000000000103202691635616	-0.1038989056740045050000000
0.0000000000103402899661772	-0.0693208248245367476000000
0.0000000000103601073182739	-0.0294316270413760711000000
0.0000000000103801281208895	0.0143446875976213795000000
0.0000000000104001425656763	0.0592633170048210631000000
0.0000000000104201633682918	0.1034180225136392540000000
0.0000000000104401778130787	0.1441727169374222290000000
0.0000000000104601986156942	0.1806898107044480890000000
0.0000000000104800159677910	0.2113973223501646180000000
0.0000000000105002275052679	0.2337438648814220700000000
0.0000000000105200512151934	0.2472815989066641790000000
0.0000000000105402627526703	0.2473562388247242670000000
0.0000000000105600864625957	0.2359947451983294970000000
0.0000000000105799101725212	0.2126444580331214030000000
0.0000000000106005095375496	0.1817480749480944730000000
0.0000000000106201361547850	0.1389858915598133630000000
0.0000000000106401569574005	0.0913760071634084486000000
0.0000000000106601714021873	0.0402233220871507230000000
0.0000000000106799951121128	-0.0129413964097248452000000
0.0000000000107002066495897	-0.0665682342343264094000000
0.0000000000107200303595152	-0.1151241013615749570000000
0.0000000000107400448043020	-0.1603669301231630820000000
0.0000000000107602563417789	-0.1971725271188870810000000
0.0000000000107802771443945	-0.2229895045707354360000000
0.0000000000108001008543199	-0.2373210198564595920000000
0.0000000000108203123917969	-0.2400940554645856760000000
0.0000000000108401297438936	-0.2329542595181695870000000
0.0000000000108601505465092	-0.2160320897131033650000000
0.0000000000108801649912960	-0.1849987549866912990000000
0.0000000000109001857939115	-0.1482596850453277710000000
0.0000000000109203973313885	-0.1057438099059645060000000
0.0000000000109400239486238	-0.0597854122774027566000000
0.0000000000109602354861008	-0.0107073910696641496000000
0.0000000000109800591960262	0.0377962265475188936000000
0.0000000000110002707335031	0.0800200300054361158000000
