0.0000000000030004310307867	0.0097945730342766379500000
0.0000000000030202483828835	0.0076585731708597934500000
0.0000000000030402691854990	0.0056085714775574125800000
0.0000000000030602836302858	0.0059648959764959158200000
0.0000000000030801073402113	0.0056098695631641073300000
0.0000000000031001281428268	0.0050987483556035242300000
0.0000000000031199454949236	0.0051269817175484920500000
0.0000000000031399662975391	0.0039233318386301683000000
0.0000000000031599807423260	0.0038730310213582509800000
0.0000000000031801922798029	0.0042679735672821643800000
0.0000000000032002130824184	0.0039041850759275144000000
0.0000000000032204246198954	0.0020803747975412906700000
0.0000000000032402419719921	0.0038107229122175518300000
0.0000000000032600656819176	0.0034566700628682555400000
0.0000000000032802772193945	0.0046535049925141595500000
0.0000000000032999101944586	0.0042601850536413792000000
0.0000000000033199246392454	0.0038804950135996356100000
0.0000000000033401361767223	0.0020430548363179032600000
0.0000000000033601506215092	0.0012444076660586402100000
0.0000000000033801714241247	0.0012340229811924731700000
0.0000000000034001858689115	0.0012119555258557511100000
0.0000000000034200095788370	0.0003789090867802670280000
0.0000000000034402211163139	0.0012619318217672226200000
0.0000000000034602355611008	0.0029543109328383416500000
0.0000000000034802563637163	0.0016899755509927323700000
0.0000000000035002708085031	0.0020573337780044540000000
0.0000000000035202916111187	0.0030136983493760849100000
0.0000000000035401153210442	0.0008098735087352322350000
0.0000000000035601297658310	-0.0000530288994346432683000
0.0000000000035799534757565	0.0027248743017123104800000
0.0000000000036001650132334	0.0020943292178251019500000
0.0000000000036201794580202	0.0025892243557353246600000
0.0000000000036402002606358	0.0024876491569446710000000
0.0000000000036602147054226	0.0028702598897578572400000
0.0000000000036800384153481	0.0025343802388170730300000
0.0000000000037000528601349	0.0012924368335558481500000
0.0000000000037202643976118	0.0011983256269720698300000
0.0000000000037402852002274	0.0021339208288601802300000
0.0000000000037602996450142	0.0029909818512471710400000
0.0000000000037801233549396	0.0034427156425901176700000
0.0000000000038001377997265	0.0007598972128177967440000
0.0000000000038199615096519	-0.0017798072806406882100000
0.0000000000038401730471289	-0.0004878875783259546170000
0.0000000000038601938497444	0.0007180339519514600170000
0.0000000000038802082945312	0.0012869199697207150500000
0.0000000000039002290971468	0.0012716674638269553400000
0.0000000000039200464492435	0.0016387011694811732400000
0.0000000000039402579867205	0.0021176947587623453200000
0.0000000000039602787893360	0.0021125024163332686800000
0.0000000000039801024992615	0.0047326882145214688200000
0.0000000000040001169440483	0.0051276307603511832700000
0.0000000000040199406539738	0.0064536252072243940600000
0.0000000000040401521914507	0.0047320391717220189300000
0.0000000000040599759013762	0.0038619972936967937100000
0.0000000000040801874388531	0.0024701250012432720800000
0.0000000000041000111487785	0.0021491733347509612100000
0.0000000000041202226862555	0.0038490164376271452700000
0.0000000000041402371310423	0.0046736253194177134600000
0.0000000000041602515758291	0.0038863363988294436500000
0.0000000000041802723784447	0.0040687174266117167800000
0.0000000000042004839159216	0.0042949088436261854600000
0.0000000000042199197982956	0.0037107703204666102400000
0.0000000000042401313357725	0.0029802726449869197300000
0.0000000000042599486878693	0.0038409034025827038300000
0.0000000000042801602253462	0.0064214975884716160300000
0.0000000000043001810279617	0.0046791421832464690700000
0.0000000000043200047378872	0.0034394704285724453600000
0.0000000000043402162753641	0.0038915287412584296400000
0.0000000000043600336274609	0.0048258258568023848500000
0.0000000000043802451649378	0.0042575888824268560600000
0.0000000000044000688748632	0.0038594011224829436400000
0.0000000000044202804123402	0.0012541433081171135200000
0.0000000000044401041222656	0.0011762581716348872000000
0.0000000000044599278321911	0.0020735598481006626100000
0.0000000000044801393696680	0.0021306756148410368700000
0.0000000000044999630795935	0.0021001706030596275700000
0.0000000000045199775243803	0.0025074449624590197700000
0.0000000000045401890618572	0.0029822197733981423300000
0.0000000000045602098644728	0.0007874815319927873110000
0.0000000000045802243092596	0.0012706938996214368500000
0.0000000000046000480191851	0.0007988397810653956020000
0.0000000000046204502915234	0.0020281268518290633400000
0.0000000000046400832665874	0.0017509855745623044600000
0.0000000000046604855389257	0.0012586866077472192700000
0.0000000000046799214212997	-0.0004758802864457687750000
0.0000000000047001329587767	-0.0004762048078477412130000
0.0000000000047205415889437	-0.0000715266193584956895000
0.0000000000047401682061790	0.0024831058573187721700000
0.0000000000047599919161045	0.0032009471982284874400000
0.0000000000047800063608913	0.0029491185904085282000000
0.0000000000048002178983683	0.0034251914868873426800000
0.0000000000048202387009838	0.0038834157062131624700000
0.0000000000048402531457706	0.0038220811612799106100000
0.0000000000048600768556961	0.0024918679351693946500000
0.0000000000048802883931730	0.0008063037733109502910000
0.0000000000049001121030985	0.0007988397810654879760000
0.0000000000049201265478853	0.0020888123539913208500000
0.0000000000049401409926722	0.0011967030199612844900000
0.0000000000049599647025976	-0.0005391619598720884130000
0.0000000000049801762400745	-0.0004661446443796670180000
0.0000000000050001970426901	-0.0009006788019210992120000
0.0000000000050202114874769	-0.0010486605613349115800000
0.0000000000050402322900925	0.0007615198198282744940000
0.0000000000050602467348793	0.0016399992550899240700000
0.0000000000050802611796661	-0.0022565292206524921100000
0.0000000000051000848895916	-0.0009302102495229186030000
0.0000000000051201056922071	-0.0004992458274016717490000
0.0000000000051401201369940	-0.0004349905897712216140000
0.0000000000051601345817808	0.0004055198417515851740000
0.0000000000051801553843964	-0.0006017945904929232270000
0.0000000000052001698291832	-0.0018356249618369754100000
0.0000000000052201906317987	-0.0009425420628071101970000
0.0000000000052400143417242	-0.0022925510963112132200000
0.0000000000052600287865110	-0.0013929777691205824300000
0.0000000000052802403239880	-0.0013511145082287744300000
0.0000000000053000640339134	-0.0004616013447498669070000
0.0000000000053202755713903	-0.0010035520864247397600000
0.0000000000053400992813158	-0.0022412767147406160300000
0.0000000000053601137261026	-0.0022351108080966076500000
0.0000000000053801345287182	-0.0022555556564430564000000
0.0000000000053999518808149	-0.0023000150885644360400000
0.0000000000054201634182919	-0.0018051199500198624700000
0.0000000000054401842209074	-0.0022662648627201952400000
0.0000000000054601986656942	-0.0029591180568084136100000
0.0000000000054802194683098	-0.0036045911262604637600000
0.0000000000055002339130966	-0.0035533167446691218800000
0.0000000000055202483578835	-0.0013099002901398621300000
0.0000000000055402691604990	-0.0005881646916017052280000
0.0000000000055600928704245	-0.0012998401266706780900000
0.0000000000055801073152113	-0.0000251200588525735816000
0.0000000000055999310251368	-0.0001318876001560374630000
0.0000000000056201425626137	-0.0013696122281567264500000
0.0000000000056399662725391	-0.0038966603885000864100000
0.0000000000056601778100161	-0.0077445106601416275800000
0.0000000000056801922548029	-0.0121038066677073512000000
0.0000000000057002130574184	-0.0163563351391050084000000
0.0000000000057202275022053	-0.0223810750042619279000000
0.0000000000057400512121307	-0.0292554119184607608000000
0.0000000000057602627496077	-0.0373859712085653426000000
0.0000000000057802771943945	-0.0480439032345608211000000
0.0000000000058001009043199	-0.0608417294607270995000000
0.0000000000058201217069355	-0.0776681645190114983000000
0.0000000000058401361517223	-0.0980315585376570625000000
0.0000000000058601505965092	-0.1214240355775750710000000
0.0000000000058797835715733	-0.1473724434894399250000000
0.0000000000059005736714630	-0.1783635900000102300000000
0.0000000000059202066465271	-0.2150250997289673000000000
0.0000000000059400303564526	-0.2586904314928114570000000
0.0000000000059602355361008	-0.3046319573834935790000000
0.0000000000059800592460262	-0.3576912130016776100000000
0.0000000000060002707835031	-0.4166921331541882380000000
0.0000000000060202915861187	-0.4828497267695905370000000
0.0000000000060401152960442	-0.5516223166049886160000000
0.0000000000060599326481409	-0.6262723175947413340000000
0.0000000000060801441856178	-0.7064670960881156420000000
0.0000000000060999678955433	-0.7864379585353984400000000
0.0000000000061201794330202	-0.8633667601059490380000000
0.0000000000061402002356358	-0.9474097270490801080000000
0.0000000000061600239455612	-1.0162939717745795800000000
0.0000000000061802354830381	-1.0715090462769685200000000
0.0000000000062000528351349	-1.1000581837679670500000000
0.0000000000062204614653019	-1.1000328710839859500000000
0.0000000000062402851752274	-1.0652555153949803100000000
0.0000000000062599117924627	-0.9838940631799054650000000
0.0000000000062801233299396	-0.8452737110614642060000000
0.0000000000063001377747265	-0.6440950378310754680000000
0.0000000000063201585773420	-0.3840189889352654260000000
0.0000000000063401730221289	-0.0560024662270859897000000
0.0000000000063601938247444	0.3054572488240812620000000
0.0000000000063802082695312	0.7275391569769872330000000
0.0000000000064002290721468	1.1163660637111032500000000
0.0000000000064200464242435	1.4937704929206085900000000
0.0000000000064402579617205	1.8610460065716485400000000
0.0000000000064602787643360	2.1967628419367617400000000
0.0000000000064799053815714	2.4673229524988515800000000
0.0000000000064999261841869	2.6441745726663818900000000
0.0000000000065199406289738	2.7666506652446023500000000
0.0000000000065401521664507	2.7895034811345964500000000
0.0000000000065601666112375	2.7032371864927715600000000
0.0000000000065801874138531	2.5070161618430733000000000
0.0000000000066002018586399	2.2431450815947187000000000
0.0000000000066202226612555	1.8878806865569359700000000
0.0000000000066402371060423	1.4800351241217164500000000
0.0000000000066602515508291	1.0651799554311149900000000
0.0000000000066802723534447	0.6297543779413661280000000
0.0000000000067000960633701	0.1734860849441818010000000
0.0000000000067201105081570	-0.2539498224312828900000000
0.0000000000067401313107725	-0.6449887700203327240000000
0.0000000000067601457555594	-0.9700152496108098710000000
0.0000000000067801602003462	-1.2155086915417348000000000
0.0000000000068001810029617	-1.3620928440172339600000000
0.0000000000068201954477486	-1.4301194006682260700000000
0.0000000000068400191576740	-1.4307233355115454000000000
0.0000000000068602306951509	-1.3826418801519413400000000
0.0000000000068802451399378	-1.2746547051339209800000000
0.0000000000069002659425533	-1.1275334799143952300000000
0.0000000000069200896524788	-0.9621391114005624080000000
0.0000000000069399133624042	-0.7847997739078915730000000
0.0000000000069603156347425	-0.6119972664170957310000000
0.0000000000069803364373581	-0.4600439810197671230000000
0.0000000000070001537894548	-0.3389160248880030420000000
0.0000000000070201745920704	-0.2387589743066235730000000
0.0000000000070401890368572	-0.1915112508918619390000000
0.0000000000070602098394728	-0.1791245927329000450000000
0.0000000000070800271915695	-0.2014185654273976390000000
0.0000000000071002387290464	-0.2502879226086547890000000
0.0000000000071202595316620	-0.3186899015720100480000000
0.0000000000071402739764488	-0.3904130350468775770000000
0.0000000000071602947790644	-0.4700097105681723120000000
0.0000000000071801184889898	-0.5517764643058177260000000
0.0000000000071999358410866	-0.6050972905965897870000000
0.0000000000072201473785635	-0.6361744417995996990000000
0.0000000000072399710884890	-0.6408154236378996720000000
0.0000000000072601826259659	-0.6184192221124653610000000
0.0000000000072802034285814	-0.5648316387835727870000000
0.0000000000073002178733683	-0.4879787885137084060000000
0.0000000000073202386759838	-0.3949582824751764480000000
0.0000000000073402531207706	-0.2894021663750114270000000
0.0000000000073600768306961	-0.1770479801587419580000000
0.0000000000073802883681730	-0.0662317055335398808000000
0.0000000000073999149854084	0.0344030308016327613000000
0.0000000000074203236155754	0.1224823562253384150000000
0.0000000000074399502328108	0.1965748080610944250000000
0.0000000000074599646775976	0.2379856838861416360000000
0.0000000000074799854802132	0.2608014842214939070000000
0.0000000000075001970176901	0.2616231723608090640000000
0.0000000000075202114624769	0.2411176397568192960000000
0.0000000000075402322650925	0.2063510148085532510000000
0.0000000000075602467098793	0.1585409014507684340000000
0.0000000000075802611546661	0.1063435828709841520000000
0.0000000000076000848645916	0.0499940123379027934000000
0.0000000000076201056672071	-0.0048650322537111476200000
0.0000000000076401201119940	-0.0518232795409738073000000
0.0000000000076599438219194	-0.0857935315911945856000000
0.0000000000076801553593964	-0.1087709456472883000000000
0.0000000000077001698041832	-0.1188401960751843540000000
0.0000000000077199935141086	-0.1180094212545012570000000
0.0000000000077404021442757	-0.1054890605967905150000000
0.0000000000077602258542011	-0.0829779838326096253000000
0.0000000000077802402989880	-0.0571804789360345900000000
0.0000000000078000640089134	-0.0278486116282431959000000
0.0000000000078202755463903	0.0060262305213821436700000
0.0000000000078400992563158	0.0355807189583084299000000
0.0000000000078601137011026	0.0588287828545669272000000
0.0000000000078799374110281	0.0766949837910578525000000
0.0000000000079001489485050	0.0920097974459262030000000
0.0000000000079201633932918	0.1035419896858062040000000
0.0000000000079399871032173	0.1099370082520872840000000
0.0000000000079601986406942	0.1094917649015089010000000
0.0000000000079800223506197	0.1052080825173549590000000
0.0000000000080000367954065	0.1004308030894764110000000
0.0000000000080200575980221	0.0938420452359275542000000
0.0000000000080402691354990	0.0880577759080060918000000
0.0000000000080602835802858	0.0818126861909018594000000
0.0000000000080799165553499	0.0768338789482297391000000
0.0000000000080999310001368	0.0721445447840367293000000
0.0000000000081201425376137	0.0656096574343303096000000
0.0000000000081401569824005	0.0571013554590661526000000
0.0000000000081601777850161	0.0463145887305427412000000
0.0000000000081801922298029	0.0342677053783516372000000
0.0000000000082002130324184	0.0211709952564999825000000
0.0000000000082200303845152	0.0038597256438836916400000
0.0000000000082402419219921	-0.0176836276805056834000000
0.0000000000082602627246077	-0.0411040129566483531000000
0.0000000000082800864345331	-0.0634398478555066314000000
0.0000000000083001008793199	-0.0851526018049768851000000
0.0000000000083199245892454	-0.1052787707212444750000000
0.0000000000083401361267223	-0.1211420264682476490000000
0.0000000000083601505715092	-0.1304879187032403350000000
0.0000000000083799742814346	-0.1299748503450983140000000
0.0000000000083999950840502	-0.1207230693219903950000000
0.0000000000084202066215271	-0.1010736222561343100000000
0.0000000000084402210663139	-0.0754961427232466176000000
0.0000000000084602355111008	-0.0418179600502491325000000
0.0000000000084802563137163	-0.0036724160993883677200000
0.0000000000085000800236418	0.0381937652608313125000000
0.0000000000085202915611187	0.0865029939075458443000000
0.0000000000085399181783541	0.1238349613851126430000000
0.0000000000085599326231409	0.1586642195785191170000000
0.0000000000085799534257565	0.1848664009562515920000000
0.0000000000086001649632334	0.2025051118677206330000000
0.0000000000086201794080202	0.2063536109796423050000000
0.0000000000086402002106358	0.1991317120618119330000000
0.0000000000086602146554226	0.1801377998247415400000000
0.0000000000086800383653481	0.1523204754655149150000000
0.0000000000087006377303764	0.1170011899186055030000000
0.0000000000087202643476118	0.0770672098313872761000000
0.0000000000087400880575373	0.0327878877987776221000000
0.0000000000087601088601528	-0.0105584357456080958000000
0.0000000000087801233049396	-0.0489957245209867581000000
0.0000000000088003348424166	-0.0802169556735510825000000
0.0000000000088199614596519	-0.1039151317446403160000000
0.0000000000088399822622675	-0.1171465188140539270000000
0.0000000000088599967070543	-0.1227195250651907790000000
0.0000000000088802082445312	-0.1140573994740524260000000
0.0000000000089000319544567	-0.0977287800601897988000000
0.0000000000089202434919336	-0.0760543195479513184000000
0.0000000000089402579367205	-0.0490865905149321866000000
0.0000000000089602787393360	-0.0187321563364550477000000
0.0000000000089801024492615	0.0125533294648501603000000
0.0000000000090001168940483	0.0427935315617997691000000
0.0000000000090199406039738	0.0671848842911674654000000
0.0000000000090399550487606	0.0864341953719344330000000
0.0000000000090601665862375	0.0992573337311472986000000
0.0000000000090799902961630	0.1048160606746981190000000
0.0000000000091002018336399	0.1039369322211228660000000
0.0000000000091202226362555	0.0978138625730680944000000
0.0000000000091402370810423	0.0838568464564049404000000
0.0000000000091602515258291	0.0656239363757621375000000
0.0000000000091800752357546	0.0452271175260631764000000
0.0000000000092002867732315	0.0215967673334605190000000
0.0000000000092201104831570	-0.0023366860070319181600000
0.0000000000092399341930824	-0.0212867888291859916000000
0.0000000000092601457305594	-0.0368810159012191927000000
0.0000000000092801601753462	-0.0506397499689830444000000
0.0000000000093001809779617	-0.0608534122314206144000000
0.0000000000093200046878872	-0.0664682816403955046000000
0.0000000000093402162253641	-0.0686649670569279280000000
0.0000000000093602306701509	-0.0643556472702143945000000
0.0000000000093802451149378	-0.0579940541054415615000000
0.0000000000094000688248632	-0.0519037608499299738000000
0.0000000000094200896274788	-0.0429356117734511003000000
0.0000000000094401040722656	-0.0334099349474569901000000
0.0000000000094601248748812	-0.0220659647207189016000000
0.0000000000094801393196680	-0.0123520655412363393000000
0.0000000000094999630295935	-0.0035387132815592400900000
0.0000000000095199774743803	0.0039849909049586270200000
0.0000000000095401890118572	0.0098406550732471637800000
0.0000000000095602098144728	0.0150005453485689277000000
0.0000000000095802242592596	0.0185095952528347429000000
0.0000000000096002387040464	0.0210924610776614604000000
0.0000000000096202595066620	0.0239258574213276898000000
0.0000000000096400832165874	0.0256250514708014389000000
0.0000000000096602947540644	0.0269309255831368874000000
0.0000000000096801184639898	0.0264873048298202678000000
0.0000000000097001329087767	0.0263925445811174775000000
0.0000000000097199566187021	0.0265249493121822270000000
0.0000000000097401681561790	0.0257146193771296896000000
0.0000000000097601826009659	0.0255896786382287418000000
0.0000000000097802034035814	0.0269169711629531142000000
0.0000000000098002178483683	0.0257081289491360512000000
0.0000000000098200415582937	0.0256208326926051187000000
0.0000000000098400560030806	0.0247991445083546522000000
0.0000000000098600768056961	0.0239313742851258171000000
0.0000000000098804790780344	0.0223999577986653507000000
0.0000000000099001120530985	0.0185809899609219523000000
0.0000000000099199294051952	0.0158975225000538220000000
0.0000000000099401409426722	0.0119104525695123455000000
0.0000000000099599646525976	0.0053891950100637816800000
0.0000000000099803732827646	-0.0027264362112800278100000
0.0000000000100001969926901	-0.0112149425442186201000000
0.0000000000100202114374769	-0.0232851916367325731000000
0.0000000000100400351474024	-0.0332428064236907142000000
0.0000000000100602466848793	-0.0433831267928118450000000
0.0000000000100802611296661	-0.0548705355562994490000000
0.0000000000101002819322817	-0.0634989107518392909000000
0.0000000000101201056422071	-0.0716297946506777028000000
0.0000000000101401200869940	-0.0779394644177220375000000
0.0000000000101601345317808	-0.0815059547150406988000000
0.0000000000101799582417063	-0.0814524086823383980000000
0.0000000000101999790443218	-0.0776720587759324455000000
0.0000000000102201905817987	-0.0730031692550463657000000
0.0000000000102400142917242	-0.0643543491845822990000000
0.0000000000102602258292011	-0.0523694490693556586000000
0.0000000000102800431812979	-0.0373110067638336845000000
0.0000000000103002547187748	-0.0198494835303861111000000
0.0000000000103200784287002	-0.0024181408790315255700000
0.0000000000103400992313158	0.0170979271608156479000000
0.0000000000103601136761026	0.0358737617814452112000000
0.0000000000103801344787182	0.0545094030608170924000000
0.0000000000104001489235050	0.0707559177318177329000000
0.0000000000104199726334305	0.0836822539460744808000000
0.0000000000104399870782173	0.0927756679356557257000000
0.0000000000104600078808329	0.0976937896574767567000000
0.0000000000104800223256197	0.0975058917706260325000000
0.0000000000105002338630966	0.0940273469518116828000000
0.0000000000105200575730221	0.0862849155304814680000000
0.0000000000105404598453604	0.0730045264823952073000000
0.0000000000105602835552858	0.0560122616507817001000000
0.0000000000105801072652113	0.0391880988260396995000000
0.0000000000106001280678268	0.0187409790112998548000000
0.0000000000106199454199236	-0.0039089922017951205700000
0.0000000000106403540500906	-0.0254163236999763210000000
0.0000000000106599806673260	-0.0443320273851990077000000
0.0000000000106800014699415	-0.0603546228271277588000000
0.0000000000107000159147284	-0.0720510234399505817000000
0.0000000000107202274522053	-0.0809922373225487047000000
0.0000000000107402418969921	-0.0850036464774592410000000
0.0000000000107602626996077	-0.0858311760748345781000000
0.0000000000107800864095331	-0.0809873695013986900000000
0.0000000000108001008543199	-0.0724362303528413160000000
0.0000000000108199245642454	-0.0599648726160149498000000
0.0000000000108401361017223	-0.0441775551957180601000000
0.0000000000108599598116478	-0.0262091294914627154000000
0.0000000000108799742564346	-0.0088738451423242322600000
0.0000000000109001857939115	0.0092756633137037643200000
0.0000000000109200095038370	0.0241896933194334536000000
0.0000000000109402210413139	0.0375940497161665749000000
0.0000000000109600447512394	0.0497402366050187575000000
0.0000000000109800591960262	0.0540433903344606295000000
0.0000000000110002707335031	0.0549059682081322054000000
