0.0000000000030006217656481	0.0165981642039665193000000
0.0000000000030202483828835	0.0169528660947773115000000
0.0000000000030402628276703	0.0157284468503166262000000
0.0000000000030600865375957	0.0162028971380431923000000
0.0000000000030799102475212	0.0148814459945014743000000
0.0000000000031001217849981	0.0131657013483960812000000
0.0000000000031201362297850	0.0127418763988012950000000
0.0000000000031399599397104	0.0140587842435413793000000
0.0000000000031601714771873	0.0133415919476697169000000
0.0000000000031801922798029	0.0118809211220199228000000
0.0000000000032002067245897	0.0118880605928410772000000
0.0000000000032202211693766	0.0108817197281539761000000
0.0000000000032402419719921	0.0118685893087814489000000
0.0000000000032600656819176	0.0144761187649595675000000
0.0000000000032802772193945	0.0136333366870527856000000
0.0000000000033001009293199	0.0148444505548171769000000
0.0000000000033199182814167	0.0140162719400345557000000
0.0000000000033401298188936	0.0105104672452698503000000
0.0000000000033599535288191	0.0131647277841920336000000
0.0000000000033801650662960	0.0156726291694038455000000
0.0000000000034001858689115	0.0140110795976220708000000
0.0000000000034202003136984	0.0131335737297077100000000
0.0000000000034402147584852	0.0113840788570296093000000
0.0000000000034602355611008	0.0113707734795868119000000
0.0000000000034800592710262	0.0136414497220752416000000
0.0000000000035002708085031	0.0152948862590124579000000
0.0000000000035202852532900	0.0149132490917707871000000
0.0000000000035399118705253	0.0166056281961795109000000
0.0000000000035601234080023	0.0174062224913036079000000
0.0000000000035801442106178	0.0145900257766241742000000
0.0000000000036001586554047	0.0127298691069673842000000
0.0000000000036199823653301	0.0152838525313885362000000
0.0000000000036401939028070	0.0148236811851693746000000
0.0000000000036602083475939	0.0131166986168624947000000
0.0000000000036800320575193	0.0127538836906364132000000
0.0000000000037002435949963	0.0127207825077425112000000
0.0000000000037204551324732	0.0151890922823837930000000
0.0000000000037400881075373	0.0153416173407124132000000
0.0000000000037599054596340	0.0136206803524195376000000
0.0000000000037801169971109	0.0127090997373081188000000
0.0000000000038001377997265	0.0131105327102430339000000
0.0000000000038201522445133	0.0131465545857434030000000
0.0000000000038401730471289	0.0118705364371875545000000
0.0000000000038601874919157	0.0090887389865701735000000
0.0000000000038800112018412	0.0093574427068209911700000
0.0000000000039002227393181	0.0109953022185385295000000
0.0000000000039202371841049	0.0127568043832449653000000
0.0000000000039404487215818	0.0108959986698018863000000
0.0000000000039600816966459	0.0100898875093645736000000
0.0000000000039800961414328	0.0096725529874191265600000
0.0000000000040001105862196	0.0101314262487139529000000
0.0000000000040201313888351	0.0084841556159492466400000
0.0000000000040401458336220	0.0080434555529137769700000
0.0000000000040601666362375	0.0089001920524301708000000
0.0000000000040799903461630	0.0096157617422053184900000
0.0000000000041002018836399	0.0084348283629462426200000
0.0000000000041202163284267	0.0093035721542128156700000
0.0000000000041400400383522	0.0096329613764702688100000
0.0000000000041600544831390	0.0101382411981390166000000
0.0000000000041802660206159	0.0113016504211584864000000
0.0000000000042000897305414	0.0054320318350805840400000
0.0000000000042201041753282	0.0084176287286747905600000
0.0000000000042401249779438	0.0089222595077183952000000
0.0000000000042601394227306	0.0131890668892592489000000
0.0000000000042801602253462	0.0148165417143533498000000
0.0000000000043001746701330	0.0160786054416062856000000
0.0000000000043201954727486	0.0148833931229051669000000
0.0000000000043402099175354	0.0122888445230698792000000
0.0000000000043600336274609	0.0127107223443129851000000
0.0000000000043802451649378	0.0127139675583224747000000
0.0000000000044002596097246	0.0110238601018270484000000
0.0000000000044200833196501	0.0085292640907337017500000
0.0000000000044401041222656	0.0084627372034594278200000
0.0000000000044601185670525	0.0071318749363374362600000
0.0000000000044801330118393	0.0105247461869201527000000
0.0000000000045001538144548	0.0114064708337032091000000
0.0000000000045201682592417	0.0109514918293895664000000
0.0000000000045401890618572	0.0127246767645522434000000
0.0000000000045600064139540	0.0122346494491056799000000
0.0000000000045800272165695	0.0127152656439253765000000
0.0000000000046002387540464	0.0127548572548403412000000
0.0000000000046200624639719	0.0135268936675722110000000
0.0000000000046402740014488	0.0153523265469355796000000
0.0000000000046600977113743	0.0153289610060856462000000
0.0000000000046806970764027	0.0127324652781742459000000
0.0000000000046999358660866	0.0131605090059818772000000
0.0000000000047201474035635	0.0126821644610293598000000
0.0000000000047399711134890	0.0103206222255895694000000
0.0000000000047601826509659	0.0097322649252427253400000
0.0000000000047803941884428	0.0101291545989066999000000
0.0000000000048004086332296	0.0108985948410120458000000
0.0000000000048200352504650	0.0094100151738244503700000
0.0000000000048400560530806	0.0085230981841078364000000
0.0000000000048602675905575	0.0085071966354441086500000
0.0000000000048802820353443	0.0088768265115367131500000
0.0000000000049003028379599	0.0082274591874810770100000
0.0000000000049199294551952	0.0076757728051373638800000
0.0000000000049401409926722	0.0054417674771284653400000
0.0000000000049599647025976	0.0049176654134792342400000
0.0000000000049801762400745	0.0037565278381227937800000
0.0000000000049999999500000	0.0024032735924504077800000
0.0000000000050202051296482	0.0010250311982895087600000
0.0000000000050402259322638	0.0015754194960956125000000
0.0000000000050600496421892	0.0024363747754447447100000
0.0000000000050802611796661	0.0023695233666517876100000
0.0000000000051002756244530	0.0010571588170912246400000
0.0000000000051200993343784	0.0023763383160914034600000
0.0000000000051401137791653	0.0024055452422637561800000
0.0000000000051599374890907	0.0024136582773126732100000
0.0000000000051803461192577	0.0019025370692773075700000
0.0000000000052001698291832	0.0008627704972657168930000
0.0000000000052201842739700	0.0002098334362858315000000
0.0000000000052400079838955	-0.0006910379760951448470000
0.0000000000052602195213724	-0.0010551509893785174100000
0.0000000000052802339661592	-0.0024804489882769699200000
0.0000000000053000576760847	-0.0001221519580920920210000
0.0000000000053202692135616	0.0011223876188984223900000
0.0000000000053400929234871	0.0006563748855591358290000
0.0000000000053601073682739	0.0006239227453523418660000
0.0000000000053801281708895	0.0028167138584501635900000
0.0000000000054001426156763	0.0026677585349881615200000
0.0000000000054201634182919	0.0010730603657903121300000
0.0000000000054399871282173	0.0010986975565495322000000
0.0000000000054601986656942	0.0010399591827835699900000
0.0000000000054800160177910	-0.0001536305340995839000000
0.0000000000055002275552679	-0.0001458420204487660030000
0.0000000000055202483578835	0.0019340156452668142400000
0.0000000000055402628026703	-0.0001601209621446983910000
0.0000000000055600865125957	-0.0001727772968258726810000
0.0000000000055801009573826	-0.0032618965252657152800000
0.0000000000056001217599981	-0.0044717123137816873500000
0.0000000000056199454699236	-0.0056802300171173514600000
0.0000000000056401570074005	-0.0052577031508638872100000
0.0000000000056599807173260	-0.0056906147020026436100000
0.0000000000056801922548029	-0.0066378926765385789000000
0.0000000000057002066995897	-0.0116738158083774923000000
0.0000000000057200304095152	-0.0160934728021195107000000
0.0000000000057402419469921	-0.0203226357374986788000000
0.0000000000057600656569176	-0.0255519736470859842000000
0.0000000000057804679292559	-0.0309208557691667274000000
0.0000000000058001009043199	-0.0383056648726557633000000
0.0000000000058201153491068	-0.0480121001366929159000000
0.0000000000058399390590322	-0.0589046611760360717000000
0.0000000000058601505965092	-0.0718069833401493024000000
0.0000000000058803621339861	-0.0858594094375781797000000
0.0000000000059001858439115	-0.1040306613675747730000000
0.0000000000059200031960083	-0.1238167319688624200000000
0.0000000000059400239986238	-0.1472348464083782780000000
0.0000000000059604262709621	-0.1731027732454437640000000
0.0000000000059804470735777	-0.2054906602591666520000000
0.0000000000060000736908131	-0.2428742305471923710000000
0.0000000000060202852282900	-0.2843850649898620460000000
0.0000000000060399118455253	-0.3349867192694954140000000
0.0000000000060601233830023	-0.3843496762903553240000000
0.0000000000060801441856178	-0.4442164204184467780000000
0.0000000000061001586304047	-0.5112755355627437440000000
0.0000000000061201794330202	-0.5790547661583259620000000
0.0000000000061401938778070	-0.6522846622139376600000000
0.0000000000061600175877325	-0.7243271371229729190000000
0.0000000000061802291252094	-0.7992004163717234540000000
0.0000000000062004406626863	-0.8620920395162269270000000
0.0000000000062200672799217	-0.9270385357067830730000000
0.0000000000062402788173986	-0.9643474805969428630000000
0.0000000000062601025273241	-0.9749077366370926250000000
0.0000000000062803140648010	-0.9483592771152774550000000
0.0000000000063001377747265	-0.8728366230543677100000000
0.0000000000063199614846519	-0.7423001118347160030000000
0.0000000000063401730221289	-0.5321130591718510330000000
0.0000000000063601874669157	-0.2432750145133187880000000
0.0000000000063802082695312	0.1224275121092222030000000
0.0000000000064002227143181	0.6084550668826712580000000
0.0000000000064202371591049	1.0954253480261582100000000
0.0000000000064402579617205	1.5531679723893439000000000
0.0000000000064600816716459	1.9488572977329172700000000
0.0000000000064800961164328	2.3094957824943054300000000
0.0000000000064999198263582	2.6107170419857825800000000
0.0000000000065201313638351	2.8255669260484253000000000
0.0000000000065399550737606	2.9499489544718096000000000
0.0000000000065599695185474	2.9693063507094525900000000
0.0000000000065799903211630	2.8805613452528962000000000
0.0000000000066002018586399	2.6956638248331841200000000
0.0000000000066206041309782	2.4043641436816645100000000
0.0000000000066402307482136	2.0136882526163346600000000
0.0000000000066600544581390	1.5310265250079346800000000
0.0000000000066802659956159	0.9624835432060043770000000
0.0000000000067002867982315	0.3441784906714732140000000
0.0000000000067199134154669	-0.2457692862225412110000000
0.0000000000067401249529438	-0.7475560622289582070000000
0.0000000000067599486628693	-1.1649430320014164700000000
0.0000000000067801602003462	-1.5411596908419413800000000
0.0000000000068001746451330	-1.8260557186074126700000000
0.0000000000068201954477486	-1.9881491817760685800000000
0.0000000000068402098925354	-2.0767446281864141400000000
0.0000000000068602243373222	-2.0746719068442889300000000
0.0000000000068800480472477	-1.9844116634983695000000000
0.0000000000069002595847246	-1.8043510515449390200000000
0.0000000000069202803873402	-1.5945363742408174000000000
0.0000000000069401040972656	-1.3435672007580328200000000
0.0000000000069601185420525	-1.0698312696971303800000000
0.0000000000069801329868393	-0.7847910118279206590000000
0.0000000000069999566967647	-0.4893083529564923870000000
0.0000000000070203653269318	-0.2184734644014380830000000
0.0000000000070401890368572	0.0348576852812661486000000
0.0000000000070602034816441	0.2009882989104521120000000
0.0000000000070802179264309	0.3134219770381619360000000
0.0000000000071000416363563	0.3680519057763379510000000
0.0000000000071202531738333	0.3692253750737299890000000
0.0000000000071402739764488	0.3230914160437312610000000
0.0000000000071602884212356	0.2419782704650951240000000
0.0000000000071801121311611	0.1366136401961822460000000
0.0000000000072001265759479	0.0193079178975846463000000
0.0000000000072201473785635	-0.0992426724479260197000000
0.0000000000072401618233503	-0.1994574824628403410000000
0.0000000000072601826259659	-0.2689053926057350380000000
0.0000000000072799999780626	-0.3027938679627164010000000
0.0000000000073002115155395	-0.3100388090581142620000000
0.0000000000073200352254650	-0.2832706583834793120000000
0.0000000000073402467629419	-0.2259163633198149060000000
0.0000000000073602675655575	-0.1402826240880277190000000
0.0000000000073804791030344	-0.0347797397999281902000000
0.0000000000074001057202698	0.0761751005157280947000000
0.0000000000074201201650566	0.1839282096264372170000000
0.0000000000074401409676722	0.2856027062691591790000000
0.0000000000074599646775976	0.3675196907188120200000000
0.0000000000074803669499359	0.4283651769331270340000000
0.0000000000075001906598614	0.4586683337541366260000000
0.0000000000075202051046482	0.4614825831009556340000000
0.0000000000075400288145737	0.4350649206988003720000000
0.0000000000075600496171892	0.3864493471097689150000000
0.0000000000075800640619760	0.3224845610656264520000000
0.0000000000076002755994530	0.2457699783049925310000000
0.0000000000076202964020685	0.1592029250838719600000000
0.0000000000076401137541653	0.0741695582922767688000000
0.0000000000076599374640907	-0.0032927260585441080900000
0.0000000000076801490015676	-0.0710041173736797870000000
0.0000000000077001698041832	-0.1308848083946598520000000
0.0000000000077201842489700	-0.1761263393229280100000000
0.0000000000077402050515856	-0.2046391160413562060000000
0.0000000000077602194963724	-0.2177481590134310860000000
0.0000000000077800432062979	-0.2153580587117321360000000
0.0000000000078004454786362	-0.2011495371668996500000000
0.0000000000078202691885616	-0.1747597796195803350000000
0.0000000000078402899911772	-0.1380989194752564870000000
0.0000000000078601073432739	-0.0948337245446518040000000
0.0000000000078801281458895	-0.0485731976491869388000000
0.0000000000078999518558149	-0.0001133898802407431780000
0.0000000000079203541281532	0.0491567471321089980000000
0.0000000000079399871032173	0.0938891008380374204000000
0.0000000000079600015480041	0.1314212979458567190000000
0.0000000000079802130854811	0.1623936193771369220000000
0.0000000000080002275302679	0.1845766033577080080000000
0.0000000000080202483328835	0.1997664758927137910000000
0.0000000000080400720428089	0.2032112704030311630000000
0.0000000000080600864875957	0.2027806305242033370000000
0.0000000000080799101975212	0.1940922194565315730000000
0.0000000000080999246423080	0.1778113059988088720000000
0.0000000000081201361797850	0.1597565585731100800000000
0.0000000000081399598897104	0.1348959484762599080000000
0.0000000000081601714271873	0.1049705328577265200000000
0.0000000000081801922298029	0.0725394873224961961000000
0.0000000000082002066745897	0.0354840115814380186000000
0.0000000000082202211193766	-0.0049416193047328114300000
0.0000000000082402419219921	-0.0500857919271093660000000
0.0000000000082602563667789	-0.0988253379117354641000000
0.0000000000082800800767044	-0.1490197142056748360000000
0.0000000000083001008793199	-0.1990073712480323330000000
0.0000000000083199182314167	-0.2442583144432075860000000
0.0000000000083401297688936	-0.2806394385938802970000000
0.0000000000083599534788191	-0.3077558007418988990000000
0.0000000000083799742814346	-0.3210345689723203550000000
0.0000000000083999887262215	-0.3207635935702209390000000
0.0000000000084202002636984	-0.3021574814245556740000000
0.0000000000084402147084852	-0.2647460014075807550000000
0.0000000000084602355111008	-0.2062244032001669390000000
0.0000000000084802499558876	-0.1260075760419218090000000
0.0000000000085002707585031	-0.0319895047565249280000000
0.0000000000085202852032900	0.0807336525528890986000000
0.0000000000085399118205253	0.1796513422651487830000000
0.0000000000085601233580023	0.2776671849429893650000000
0.0000000000085801441606178	0.3686970542728050250000000
0.0000000000085999678705433	0.4428287700436575600000000
0.0000000000086201794080202	0.4922173532488167140000000
0.0000000000086399967601169	0.5130233919588527150000000
0.0000000000086602082975939	0.5098284790557204850000000
0.0000000000086802291002094	0.4824917722451759760000000
0.0000000000087002435449963	0.4272825736290713490000000
0.0000000000087200672549217	0.3504060559065559910000000
0.0000000000087402787923986	0.2601917085445423770000000
0.0000000000087604903298756	0.1614843104463258290000000
0.0000000000087801169471109	0.0599230690042970582000000
0.0000000000087999406570364	-0.0377237979920869992000000
0.0000000000088201521945133	-0.1238754703450169470000000
0.0000000000088401729971289	-0.2011375298742318630000000
0.0000000000088601874419157	-0.2495460666193460300000000
0.0000000000088800111518412	-0.2811194057950516240000000
0.0000000000089002226893181	-0.2899704034082259960000000
0.0000000000089202371341049	-0.2764248787320931490000000
0.0000000000089402579367205	-0.2469992224373753490000000
0.0000000000089602723815073	-0.2019400713558717200000000
0.0000000000089800960914328	-0.1441457270361105050000000
0.0000000000090001105362196	-0.0802782902201237131000000
0.0000000000090201313388351	-0.0114456772619200755000000
0.0000000000090401457836220	0.0428785561681212513000000
0.0000000000090601665862375	0.0946150551959452219000000
0.0000000000090801810310244	0.1356507852306835520000000
0.0000000000091000047409498	0.1646837668154589320000000
0.0000000000091202162784267	0.1780689759804292000000000
0.0000000000091400399883522	0.1769896178457555920000000
0.0000000000091602515258291	0.1644734769557800180000000
0.0000000000091800752357546	0.1413406187669950240000000
0.0000000000092000896805414	0.1110322679517359020000000
0.0000000000092201041253282	0.0769451897867659968000000
0.0000000000092401249279438	0.0389596357614752989000000
0.0000000000092601393727306	0.0038155907332284915900000
0.0000000000092801601753462	-0.0258440429112365630000000
0.0000000000092999838852716	-0.0485306853448757777000000
0.0000000000093203861576099	-0.0648291240052829287000000
0.0000000000093400127748453	-0.0734042777171182437000000
0.0000000000093602243123222	-0.0777239822015182852000000
0.0000000000093800480222477	-0.0756953988687855683000000
0.0000000000094002595597246	-0.0704842340761370062000000
0.0000000000094202803623402	-0.0596358079082478024000000
0.0000000000094401040722656	-0.0489824191432971026000000
0.0000000000094599214243624	-0.0370020623855599057000000
0.0000000000094799422269779	-0.0259495123677422196000000
0.0000000000095001537644548	-0.0147363242922243717000000
0.0000000000095201682092417	-0.0069737723284159815200000
0.0000000000095401890118572	-0.0005988738978726768000000
0.0000000000095602034566441	0.0040651476911957446000000
0.0000000000095802179014309	0.0097059786917454288200000
0.0000000000096002387040464	0.0189412087153368984000000
0.0000000000096202531488333	0.0305262981677797557000000
0.0000000000096402739514488	0.0428918615454490504000000
0.0000000000096600976613743	0.0597458803217732204000000
0.0000000000096801121061611	0.0776627065916020293000000
0.0000000000096999358160866	0.0990376327478120350000000
0.0000000000097201473535635	0.1143777589850796940000000
0.0000000000097399710634890	0.1322906907518543170000000
0.0000000000097601826009659	0.1416541064298241500000000
0.0000000000097801970457527	0.1463719983960995730000000
0.0000000000098002114905395	0.1446260733190696260000000
0.0000000000098202322931551	0.1416644911143072890000000
0.0000000000098402467379419	0.1362569911881534310000000
0.0000000000098602675405575	0.1286456664890016090000000
0.0000000000098800912504829	0.1171550130584067260000000
0.0000000000099001056952698	0.1033216396599157400000000
0.0000000000099201201400566	0.0884228624765891341000000
0.0000000000099403316775335	0.0726040670802394345000000
0.0000000000099601553874590	0.0552720283440659432000000
0.0000000000099799790973845	0.0332629871270253494000000
0.0000000000099999999000000	0.0077906533812243357700000
0.0000000000100202050796482	-0.0202807724763719305000000
0.0000000000100402258822638	-0.0510645484909264119000000
0.0000000000100602403270506	-0.0787306476152646317000000
0.0000000000100802611296661	-0.1096562400628016130000000
0.0000000000101000848395916	-0.1393054901021980040000000
0.0000000000101200992843784	-0.1685302664328868490000000
0.0000000000101401137291653	-0.1921710029445233000000000
0.0000000000101601345317808	-0.2083617013034777810000000
0.0000000000101801489765676	-0.2184481517295023270000000
0.0000000000101999726864931	-0.2217598928852586300000000
0.0000000000102201842239700	-0.2153632510545425700000000
0.0000000000102400079338955	-0.1960448151724454020000000
0.0000000000102602194713724	-0.1688878890378175120000000
0.0000000000102802339161592	-0.1330509888454181890000000
0.0000000000103000576260847	-0.0913418741562985054000000
0.0000000000103202691635616	-0.0439049572143120417000000
0.0000000000103402899661772	0.0069316452316176341000000
0.0000000000103601073182739	0.0634428280712340254000000
0.0000000000103801281208895	0.1207309142748373840000000
0.0000000000104001425656763	0.1787900625031962900000000
0.0000000000104201633682918	0.2328569479396659920000000
0.0000000000104401778130787	0.2786482130779383000000000
0.0000000000104601986156942	0.3119577365753226640000000
0.0000000000104800159677910	0.3342844829050556910000000
0.0000000000105002275052679	0.3431776667443697800000000
0.0000000000105202483078834	0.3368027687985736260000000
0.0000000000105402627526703	0.3161658052982460610000000
0.0000000000105602835552858	0.2795412959184653820000000
0.0000000000105801009073826	0.2350192339192280210000000
0.0000000000106003124448595	0.1804052054478287040000000
0.0000000000106201361547850	0.1189561067833436870000000
0.0000000000106399598647104	0.0522020559262373132000000
0.0000000000106601714021873	-0.0165860962929995741000000
0.0000000000106801922048029	-0.0866161933676686813000000
0.0000000000107002066495897	-0.1490356157551625820000000
0.0000000000107202210943766	-0.1998423648713945340000000
0.0000000000107402418969921	-0.2407713316867659550000000
0.0000000000107602563417789	-0.2683692831991211220000000
0.0000000000107802771443945	-0.2808549208261665870000000
0.0000000000108001008543199	-0.2794108004444576520000000
0.0000000000108201152991068	-0.2658558647054446440000000
0.0000000000108401297438936	-0.2365165312353282590000000
0.0000000000108601505465092	-0.1971034040556719210000000
0.0000000000108801649912960	-0.1444387698758723970000000
0.0000000000109001857939115	-0.0835270740592118921000000
0.0000000000109202002386984	-0.0214808526289087462000000
0.0000000000109402146834852	0.0386282994135316929000000
0.0000000000109602354861008	0.0969506356662237223000000
0.0000000000109800591960262	0.1481088368735020420000000
0.0000000000110002707335031	0.1898257367888403490000000
