-0.0000000000019995752770420	-0.0000991109385392702182000
-0.0000000000019795608322552	-0.0017538455684564897500000
-0.0000000000019599278571911	-0.0000429687359687246562000
-0.0000000000019397163197142	-0.0009016523661273856450000
-0.0000000000019198989676174	-0.0035637014295496704200000
-0.0000000000019000752576920	-0.0013822685628440615900000
-0.0000000000018798637202150	-0.0008539477200022069190000
-0.0000000000018598429175995	-0.0031677853185591796900000
-0.0000000000018398284728127	-0.0022503633140085761000000
-0.0000000000018200047628872	-0.0026858710359802667800000
-0.0000000000017997932254103	-0.0042588262737124297400000
-0.0000000000017797787806234	-0.0067534222959249124300000
-0.0000000000017597579780079	-0.0051999383411951887300000
-0.0000000000017397435332211	-0.0072145672092985445000000
-0.0000000000017199198232956	-0.0072791469684612020900000
-0.0000000000016998990206801	-0.0064289008931638184900000
-0.0000000000016798845758932	-0.0073119236301457148100000
-0.0000000000016598701311064	-0.0059531525167749394300000
-0.0000000000016400464211809	-0.0077328278896394830200000
-0.0000000000016198348837040	-0.0099434676867053671600000
-0.0000000000016000111737785	-0.0098996572972890415500000
-0.0000000000015799967289917	-0.0103085542651880947000000
-0.0000000000015597851915148	-0.0115839233796779240000000
-0.0000000000015397643888992	-0.0137718466810298531000000
-0.0000000000015197499441124	-0.0125146507642975649000000
-0.0000000000014999262341869	-0.0120171594530309525000000
-0.0000000000014799054315714	-0.0125318503986734074000000
-0.0000000000014598909867846	-0.0103286745921828370000000
-0.0000000000014400672768591	-0.0102676645683971220000000
-0.0000000000014198557393822	-0.0133016151674622135000000
-0.0000000000014000320294567	-0.0128631867514907468000000
-0.0000000000013798204919798	-0.0128683790939440289000000
-0.0000000000013598060471930	-0.0137539980038384572000000
-0.0000000000013397916024061	-0.0115303773481453039000000
-0.0000000000013197707997906	-0.0129089442693647773000000
-0.0000000000012997563550037	-0.0137942386578659409000000
-0.0000000000012799326450783	-0.0111016845744999135000000
-0.0000000000012597211076014	-0.0116167000414067502000000
-0.0000000000012400944903660	-0.0103380857128730335000000
-0.0000000000012198829528891	-0.0124981001727277087000000
-0.0000000000012000592429636	-0.0136462568978954531000000
-0.0000000000011798477054867	-0.0146156023301072680000000
-0.0000000000011598269028711	-0.0141989168479973969000000
-0.0000000000011398124580843	-0.0159467891276607980000000
-0.0000000000011196009206074	-0.0168226723962562399000000
-0.0000000000010999743033720	-0.0156242148524373316000000
-0.0000000000010799535007565	-0.0128579944090370275000000
-0.0000000000010597419632795	-0.0128823335142886873000000
-0.0000000000010399182533541	-0.0125084848576347395000000
-0.0000000000010197067158772	-0.0141972942409801118000000
-0.0000000000009998893637804	-0.0168434417660958055000000
-0.0000000000009798685611649	-0.0183897862553151215000000
-0.0000000000009598541163780	-0.0180130169054096775000000
-0.0000000000009400304064526	-0.0171338884224645806000000
-0.0000000000009198188689756	-0.0176988801864851504000000
-0.0000000000008999951590502	-0.0147162039652042990000000
-0.0000000000008797836215733	-0.0128456625957090904000000
-0.0000000000008597691767864	-0.0128547491950031147000000
-0.0000000000008397483741709	-0.0158234709942773506000000
-0.0000000000008199246642454	-0.0146032705167738353000000
-0.0000000000007997131267685	-0.0146328019644943776000000
-0.0000000000007798957746717	-0.0167963861625540258000000
-0.0000000000007598749720562	-0.0172925793889141186000000
-0.0000000000007400512621307	-0.0173198391868317689000000
-0.0000000000007200368173439	-0.0154327472243021516000000
-0.0000000000006998252798670	-0.0150838867154371933000000
-0.0000000000006798044772514	-0.0176920652370053978000000
-0.0000000000006597900324646	-0.0151413270038708962000000
-0.0000000000006399663225391	-0.0133327692221900853000000
-0.0000000000006199518777523	-0.0116228659480675390000000
-0.0000000000005997403402754	-0.0124630518611697216000000
-0.0000000000005797195376598	-0.0108021513193660591000000
-0.0000000000005598958277344	-0.0102397557277283096000000
-0.0000000000005398813829475	-0.0119558249078110246000000
-0.0000000000005200576730221	-0.0141839888634367611000000
-0.0000000000004998461355452	-0.0155593105717118253000000
-0.0000000000004798316907583	-0.0150975166143876866000000
-0.0000000000004598108881428	-0.0151601492452781220000000
-0.0000000000004397964433560	-0.0151059541708810346000000
-0.0000000000004197819985691	-0.0137520508754189631000000
-0.0000000000003997611959536	-0.0116387674968274936000000
-0.0000000000003797467511667	-0.0102391066849236330000000
-0.0000000000003597259485512	-0.0129056990553311473000000
-0.0000000000003397115037644	-0.0142245540388728896000000
-0.0000000000003198877938389	-0.0145740635904567581000000
-0.0000000000003000640839134	-0.0153441528811241110000000
-0.0000000000002798525464365	-0.0172153432948117628000000
-0.0000000000002596410089596	-0.0137510773112082593000000
-0.0000000000002398172990341	-0.0133317956579803859000000
-0.0000000000002199999469374	-0.0130371302237022191000000
-0.0000000000001997884094605	-0.0145945084388789427000000
-0.0000000000001797676068449	-0.0146736916613400669000000
-0.0000000000001597531620581	-0.0155044664544984959000000
-0.0000000000001397323594425	-0.0145649769911572694000000
-0.0000000000001197179146557	-0.0150916752291227665000000
-0.0000000000001000912974203	-0.0163758064233277545000000
-0.0000000000000798797599434	-0.0179335091614642971000000
-0.0000000000000598589573278	-0.0172095019095435987000000
-0.0000000000000398445125410	-0.0151040070424580831000000
-0.0000000000000200208026156	-0.0137458849687526891000000
0.0000000000000001907348614	-0.0155758611632948081000000
0.0000000000000202051796482	-0.0146152778087033641000000
0.0000000000000402259822637	-0.0151160143343912912000000
0.0000000000000602404270506	-0.0146175494585281725000000
0.0000000000000802612296661	-0.0131945231043409817000000
0.0000000000001002756744530	-0.0125052396436001693000000
0.0000000000001200993843784	-0.0102725323894442173000000
0.0000000000001401138291653	-0.0116024210996627970000000
0.0000000000001601346317808	-0.0108135095684758747000000
0.0000000000001801490765676	-0.0111325141078037690000000
0.0000000000002001698791832	-0.0124000947089234863000000
0.0000000000002201843239700	-0.0099243209239233253700000
0.0000000000002402051265856	-0.0116670008589095583000000
0.0000000000002602195713724	-0.0156352485801671687000000
0.0000000000002802340161592	-0.0163440033257658199000000
0.0000000000003002548187748	-0.0168139103183559957000000
0.0000000000003202692635616	-0.0172688893264380632000000
0.0000000000003402900661772	-0.0172731081046867685000000
0.0000000000003601074182739	-0.0196761891006186976000000
0.0000000000003801282208895	-0.0235525972739485355000000
0.0000000000004001426656763	-0.0257285132911916244000000
0.0000000000004201634682919	-0.0257674558597442115000000
0.0000000000004399871782173	-0.0244391897508993324000000
0.0000000000004601987156942	-0.0245388178220799814000000
0.0000000000004800160677910	-0.0279161120804403244000000
0.0000000000005002276052679	-0.0288153608933557626000000
0.0000000000005202484078835	-0.0305726443014773704000000
0.0000000000005402628526703	-0.0376329319983667171000000
0.0000000000005602836552858	-0.0425598159849426769000000
0.0000000000005799102725212	-0.0501627035005660915000000
0.0000000000006001218099981	-0.0600716401592696694000000
0.0000000000006199455199236	-0.0710858967687782589000000
0.0000000000006401570574005	-0.0833683830894346029000000
0.0000000000006601715021873	-0.1023840397197778170000000
0.0000000000006799952121128	-0.1234490492057654240000000
0.0000000000007004038422798	-0.1416371764819778500000000
0.0000000000007202211943766	-0.1622780367609602810000000
0.0000000000007400449043020	-0.1937919874523823530000000
0.0000000000007602564417789	-0.2296136359409809150000000
0.0000000000007800801517044	-0.2669352229891768790000000
0.0000000000008002916891813	-0.3081205628381151750000000
0.0000000000008201153991068	-0.3599326826223273600000000
0.0000000000008399391090322	-0.4181476118740368730000000
0.0000000000008601506465092	-0.4812985141725456550000000
0.0000000000008801650912960	-0.5505747612828498780000000
0.0000000000009001858939115	-0.6229988693435557500000000
0.0000000000009202003386984	-0.6993269739851335490000000
0.0000000000009400240486238	-0.7782090663944458700000000
0.0000000000009602355861008	-0.8600696213118876890000000
0.0000000000009800592960262	-0.9375209063009435350000000
0.0000000000010002708335031	-1.0122069471350074700000000
0.0000000000010200945434286	-1.0749937590353895200000000
0.0000000000010401089882154	-1.1066378590126759700000000
0.0000000000010601234330023	-1.0907080677627274400000000
0.0000000000010801442356178	-1.0393249432287889900000000
0.0000000000011001586804047	-0.9252309506801477120000000
0.0000000000011199823903301	-0.7159918022413597200000000
0.0000000000011401939278070	-0.4079923620459339210000000
0.0000000000011602083725939	0.0020576582975806120300000
0.0000000000011802291752094	0.5630516065086661470000000
0.0000000000012002436199963	1.1494841198675078700000000
0.0000000000012200673299217	1.6994550933605698800000000
0.0000000000012402788673986	2.1918181074698335200000000
0.0000000000012599054846340	2.6365921247786858700000000
0.0000000000012801170221109	3.0157684517534435400000000
0.0000000000013001378247265	3.2987576162831380200000000
0.0000000000013199615346519	3.4535597379972524600000000
0.0000000000013401730721289	3.5017927793227929800000000
0.0000000000013601875169157	3.3930393277177688400000000
0.0000000000013802083195312	3.1623146919834619300000000
0.0000000000014002227643181	2.8158627542326568600000000
0.0000000000014202372091049	2.3526704545697287900000000
0.0000000000014400609190304	1.7632031121981770500000000
0.0000000000014602724565073	1.0482198191467231300000000
0.0000000000014800961664327	0.3022230687530176870000000
0.0000000000015001106112196	-0.4069834248551987830000000
0.0000000000015201314138351	-1.0900765487597343600000000
0.0000000000015399551237606	-1.5940937266076777800000000
0.0000000000015601666612375	-2.0478784060975328000000000
0.0000000000015799903711630	-2.3678833319225902600000000
0.0000000000016003926435013	-2.5449759879333715400000000
0.0000000000016200192607366	-2.6247863585198527600000000
0.0000000000016400400633522	-2.5962813092759211600000000
0.0000000000016602516008291	-2.4530252561571197500000000
0.0000000000016804631383060	-2.2103298581823764800000000
0.0000000000017004775830929	-1.8974914080382503400000000
0.0000000000017201042003282	-1.5226285277195585900000000
0.0000000000017401250029438	-1.1470044513235953000000000
0.0000000000017599487128693	-0.7671746857952137510000000
0.0000000000017801602503462	-0.3822675466776759290000000
0.0000000000017999839602716	-0.0191095747300714380000000
0.0000000000018201954977486	0.2810519429464360950000000
0.0000000000018402099425354	0.5007305223992949420000000
0.0000000000018600336524609	0.6424597140814535260000000
0.0000000000018804359247992	0.6978658965232290570000000
0.0000000000019002596347246	0.6707482418560892780000000
0.0000000000019200833446501	0.5807918917397545400000000
0.0000000000019401041472656	0.4377055511174156030000000
0.0000000000019601185920525	0.2580930287660163640000000
0.0000000000019803301295294	0.0704855914089249219000000
0.0000000000019999567467647	-0.1153830694502171180000000
0.0000000000020201682842417	-0.2778073400397869650000000
0.0000000000020399919941671	-0.4075915780509402060000000
0.0000000000020604006243341	-0.4737361905183040120000000
0.0000000000020800272415695	-0.4945010209231719970000000
0.0000000000021002387790464	-0.4725101484334487950000000
0.0000000000021202532238333	-0.3976105962902177210000000
0.0000000000021400769337587	-0.2863558836634509390000000
0.0000000000021602884712356	-0.1446665839110167770000000
0.0000000000021801121811611	0.0090131254999643046400000
0.0000000000021999358910866	0.1721156311242753870000000
0.0000000000022201474285635	0.3278758347273015290000000
0.0000000000022399711384890	0.4620790533844184590000000
0.0000000000022601826759659	0.5653612251026316480000000
0.0000000000022801971207527	0.6294016232127235260000000
0.0000000000023002115655395	0.6529433769228232260000000
0.0000000000023202323681551	0.6366868034386742310000000
0.0000000000023402468129419	0.5773457993094065490000000
0.0000000000023600705228674	0.4829548642434734470000000
0.0000000000023802820603443	0.3703595772843334960000000
0.0000000000024001057702698	0.2474425615124883350000000
0.0000000000024201202150566	0.1099477174579156090000000
0.0000000000024401410176722	-0.0181665155295696427000000
0.0000000000024601554624590	-0.1349403525299154300000000
0.0000000000024801762650745	-0.2272822740067190760000000
0.0000000000025001907098614	-0.2969261958648983790000000
0.0000000000025202051546482	-0.3468765358780635520000000
0.0000000000025400288645737	-0.3611889051369159830000000
0.0000000000025602404020506	-0.3555383377375830880000000
0.0000000000025800641119760	-0.3292540480105434210000000
0.0000000000026002756494530	-0.2822935243443842060000000
0.0000000000026200993593784	-0.2226935410296435050000000
0.0000000000026403108968553	-0.1533605126934642900000000
0.0000000000026601346067808	-0.0781562447196110927000000
0.0000000000026799583167063	-0.0053797231983054149400000
0.0000000000027001698541832	0.0601489358964049717000000
0.0000000000027201842989700	0.1182707176037958020000000
0.0000000000027400080088955	0.1609689704812327370000000
0.0000000000027602195463724	0.1922943709760549240000000
0.0000000000027800432562979	0.2050552009161667740000000
0.0000000000028002547937748	0.2017243134135727480000000
0.0000000000028202692385616	0.1866713889100704290000000
0.0000000000028402900411772	0.1657991468271478860000000
0.0000000000028601073932739	0.1353830550834679570000000
0.0000000000028801281958895	0.1032151966429835780000000
0.0000000000028999519058149	0.0731839868141373751000000
0.0000000000029201634432919	0.0439144284709950608000000
0.0000000000029401778880787	0.0162726692391714223000000
0.0000000000029601986906942	-0.0057399419552151189500000
0.0000000000029802131354811	-0.0269970674620849567000000
0.0000000000030002275802679	-0.0415684030888687078000000
0.0000000000030202483828835	-0.0585470385844991392000000
0.0000000000030400720928089	-0.0709031912153941235000000
0.0000000000030602836302858	-0.0796873367321588450000000
0.0000000000030801009823826	-0.0917134511723223939000000
0.0000000000031001217849981	-0.1059923933082509980000000
0.0000000000031201362297850	-0.1230761741000944010000000
0.0000000000031401570324005	-0.1368501610646629400000000
0.0000000000031601714771873	-0.1476070724743697440000000
0.0000000000031801922798029	-0.1562309046396803680000000
0.0000000000032002067245897	-0.1584668572149141030000000
0.0000000000032200304345152	-0.1500416321504805810000000
0.0000000000032402419719921	-0.1291395322214253240000000
0.0000000000032602564167789	-0.0951858302763827907000000
0.0000000000032802772193945	-0.0516941200208757279000000
0.0000000000033001009293199	0.0042588869680108849100000
0.0000000000033199182814167	0.0656849463982249748000000
0.0000000000033401298188936	0.1295627639400221690000000
0.0000000000033601506215092	0.1935632495967892770000000
0.0000000000033801650662960	0.2466322316194893280000000
0.0000000000034001858689115	0.2877987424515627830000000
0.0000000000034202003136984	0.3150267352578438600000000
0.0000000000034402147584852	0.3244553793980566310000000
0.0000000000034602355611008	0.3119775323794587440000000
0.0000000000034800592710262	0.2854706260672729140000000
0.0000000000035002708085031	0.2458861569601114020000000
0.0000000000035202852532900	0.1869202968137352590000000
0.0000000000035401089632154	0.1277032563692280240000000
0.0000000000035601234080023	0.0638796338707578876000000
0.0000000000035801442106178	0.0018567795515651423300000
0.0000000000036001586554047	-0.0562656530876591010000000
0.0000000000036201794580202	-0.1115757842234503250000000
0.0000000000036399968101170	-0.1466890013840649600000000
0.0000000000036600176127325	-0.1741616866411029030000000
0.0000000000036800320575193	-0.1862864559896004190000000
0.0000000000037002435949963	-0.1856611032091262380000000
0.0000000000037204551324732	-0.1668466493060877240000000
0.0000000000037400881075373	-0.1401894864413657790000000
0.0000000000037599054596340	-0.1065807506300004980000000
0.0000000000037801169971109	-0.0659814995273327043000000
0.0000000000038001377997265	-0.0276529252211502076000000
0.0000000000038201522445133	0.0102274845834516535000000
0.0000000000038401730471289	0.0449811303063870904000000
0.0000000000038601874919157	0.0721958191645445391000000
0.0000000000038802082945312	0.0868307605159275436000000
0.0000000000039002227393181	0.0920458193206598885000000
0.0000000000039200464492435	0.0920519852271454858000000
0.0000000000039404487215818	0.0868112892322624452000000
0.0000000000039600816966459	0.0719777407866633578000000
0.0000000000039800961414328	0.0548634559051034351000000
0.0000000000040001105862196	0.0362472859114690640000000
0.0000000000040201313888351	0.0128067806789885826000000
0.0000000000040401458336220	-0.0035516941376654877200000
0.0000000000040601666362375	-0.0188379503141301828000000
0.0000000000040799903461630	-0.0264599845372850591000000
0.0000000000041002018836399	-0.0328244983322068459000000
0.0000000000041200192357366	-0.0349614717869312155000000
0.0000000000041400400383522	-0.0330610744366981457000000
0.0000000000041600544831390	-0.0319382303744035062000000
0.0000000000041802660206159	-0.0305732933442869267000000
0.0000000000042000897305414	-0.0266754667499992243000000
0.0000000000042201041753282	-0.0239653885003767476000000
0.0000000000042401249779438	-0.0183703149710816131000000
0.0000000000042601394227306	-0.0176894690657740071000000
0.0000000000042801602253462	-0.0188898737387608109000000
0.0000000000043001746701330	-0.0207474342554751084000000
0.0000000000043199983800585	-0.0296532751609697894000000
0.0000000000043402099175354	-0.0328131400830217676000000
0.0000000000043602243623222	-0.0329007608624575232000000
0.0000000000043800480722477	-0.0341229084751461936000000
0.0000000000044002596097246	-0.0340872111205465997000000
0.0000000000044200833196501	-0.0295925896582397048000000
0.0000000000044401041222656	-0.0196794343146619831000000
0.0000000000044601185670525	-0.0028630597216948426100000
0.0000000000044799422769779	0.0128713604377711250000000
0.0000000000045001538144548	0.0351403434200515952000000
0.0000000000045201682592417	0.0536143730473304728000000
0.0000000000045401890618572	0.0716162239518857435000000
0.0000000000045600064139540	0.0865046165145231805000000
0.0000000000045802179514309	0.0971313940824713590000000
0.0000000000046002387540464	0.1035186241455064160000000
0.0000000000046200624639719	0.1090893583747058610000000
0.0000000000046402740014488	0.1082384632832190520000000
0.0000000000046602884462356	0.0994747630647083991000000
0.0000000000046804999837126	0.0824824983497814412000000
0.0000000000046999358660866	0.0692001621602140876000000
0.0000000000047201474035635	0.0592973917515000684000000
0.0000000000047401618483503	0.0447591576701486804000000
0.0000000000047601826509659	0.0245664626646720022000000
0.0000000000047803941884428	0.0042916636296087273800000
0.0000000000048002115405395	-0.0171669896056523170000000
0.0000000000048202323431551	-0.0396699528632020876000000
0.0000000000048400560530806	-0.0660483509375180272000000
0.0000000000048600704978674	-0.0952023808683832851000000
0.0000000000048802820353443	-0.1172133702253843470000000
0.0000000000049001057452698	-0.1361381610771806860000000
0.0000000000049201201900566	-0.1531314005720974810000000
0.0000000000049401409926722	-0.1673606912352082200000000
0.0000000000049601554374590	-0.1747545872768362100000000
0.0000000000049801762400745	-0.1741831050548612590000000
0.0000000000049999999500000	-0.1648524651817041830000000
0.0000000000050200143947868	-0.1499802976024968980000000
0.0000000000050402259322638	-0.1331989706111007530000000
0.0000000000050602403770506	-0.1093411297704408170000000
0.0000000000050802611796661	-0.0782626877420428552000000
0.0000000000051002756244530	-0.0434610119303499368000000
0.0000000000051200993343784	-0.0054134734241641996700000
0.0000000000051401137791653	0.0347454008775783876000000
0.0000000000051597467542293	0.0747848508580866572000000
0.0000000000051803461192577	0.1146545757325880400000000
0.0000000000052001698291832	0.1510259596435283570000000
0.0000000000052201842739700	0.1811671816650400890000000
0.0000000000052402050765856	0.2082929507788790210000000
0.0000000000052600224286823	0.2244236107328518300000000
0.0000000000052802339661592	0.2325145778797876870000000
0.0000000000053000576760847	0.2266524235997300910000000
0.0000000000053202692135616	0.2117185985214471990000000
0.0000000000053400929234871	0.1856014418976124350000000
0.0000000000053601073682739	0.1527494927421345070000000
0.0000000000053801281708895	0.1064931872330536770000000
0.0000000000054001426156763	0.0595651219037827279000000
0.0000000000054201634182919	0.0093360242943193345900000
0.0000000000054399871282173	-0.0405279874607967980000000
0.0000000000054601986656942	-0.0835280476234255831000000
0.0000000000054802131104811	-0.1270210564216580350000000
0.0000000000055002275552679	-0.1635874806882691990000000
0.0000000000055202483578835	-0.1918224669363504660000000
0.0000000000055402628026703	-0.2102030358688763140000000
0.0000000000055602836052858	-0.2180843632108319940000000
0.0000000000055801009573826	-0.2132947514876654960000000
0.0000000000056001217599981	-0.2020358051759492960000000
0.0000000000056199454699236	-0.1779735152517103180000000
0.0000000000056401570074005	-0.1460513167987075870000000
0.0000000000056599807173260	-0.1028743915742103140000000
0.0000000000056801922548029	-0.0614670822143269652000000
0.0000000000057002066995897	-0.0158682549480046106000000
0.0000000000057200304095152	0.0302085917178359087000000
0.0000000000057402419469921	0.0695074839221058727000000
0.0000000000057602563917789	0.1017107154644295160000000
0.0000000000057804679292559	0.1316004337536031130000000
0.0000000000057999038116299	0.1527264517235108480000000
0.0000000000058201153491068	0.1636456228939424660000000
0.0000000000058399390590322	0.1625698344911152280000000
0.0000000000058601505965092	0.1529211645570554560000000
0.0000000000058801650412960	0.1405523563103862060000000
0.0000000000059001858439115	0.1140490188147771780000000
0.0000000000059202002886984	0.0753469219149100616000000
0.0000000000059400239986238	0.0335709579347063455000000
0.0000000000059604262709621	-0.0046625308985054269800000
0.0000000000059804470735777	-0.0335634335722155841000000
0.0000000000060000736908131	-0.0642329781778297332000000
