-0.0000000000019995689192133	0.0137491908271547038000000
-0.0000000000019795544744265	0.0138189629283354820000000
-0.0000000000019597307645010	0.0129135482198926496000000
-0.0000000000019397163197142	0.0119993714333869218000000
-0.0000000000019200833446501	0.0102894681710841689000000
-0.0000000000018998718071732	0.0081346460666964423600000
-0.0000000000018798573623863	0.0098153424039537085000000
-0.0000000000018600336524609	0.0136339857298537533000000
-0.0000000000018398221149839	0.0133591161033246846000000
-0.0000000000018198076701971	0.0137748280178208674000000
-0.0000000000017999839602717	0.0136735773407573955000000
-0.0000000000017797724227947	0.0142463576132059871000000
-0.0000000000017597579780079	0.0145384268739077623000000
-0.0000000000017399342680824	0.0137560057765722648000000
-0.0000000000017197227306055	0.0128697378307681323000000
-0.0000000000017000897555414	0.0106944708797112008000000
-0.0000000000016798782180645	0.0098620734857275335600000
-0.0000000000016600608659678	0.0141548425781806621000000
-0.0000000000016398493284908	0.0162162025154682227000000
-0.0000000000016198285258753	0.0149268789905956656000000
-0.0000000000016000048159498	0.0150531178154850471000000
-0.0000000000015797932784729	0.0145497851229351820000000
-0.0000000000015599695685474	0.0109534389577933700000000
-0.0000000000015397643888992	0.0115937196821103965000000
-0.0000000000015197435862837	0.0137144670372650861000000
-0.0000000000014999198763582	0.0110978509812847213000000
-0.0000000000014797083388813	0.0098510397580858655900000
-0.0000000000014600817216459	0.0114814352773473065000000
-0.0000000000014398701841690	0.0120532419859542377000000
-0.0000000000014198557393822	0.0125371033948069432000000
-0.0000000000013996442019052	0.0119542629586478055000000
-0.0000000000013800112268412	0.0120000204761889478000000
-0.0000000000013597996893642	0.0106808409808644370000000
-0.0000000000013397852445774	0.0093915174539526569900000
-0.0000000000013197644419619	0.0103238674396083346000000
-0.0000000000012997499971750	0.0106568263971808831000000
-0.0000000000012799262872496	0.0101152001786509321000000
-0.0000000000012597147497727	0.0098228063961812821300000
-0.0000000000012400881325373	0.0106172347862432195000000
-0.0000000000012198765950604	0.0098406550732470718400000
-0.0000000000011998621502735	0.0106883049730913445000000
-0.0000000000011796506127966	0.0123939894569847671000000
-0.0000000000011598269028711	0.0124751198072237651000000
-0.0000000000011400031929457	0.0124650596437952659000000
-0.0000000000011199823903301	0.0129177669981040133000000
-0.0000000000010997708528532	0.0110582593703511169000000
-0.0000000000010797564080664	0.0098111236257385318900000
-0.0000000000010597419632795	0.0102878455640787285000000
-0.0000000000010397211606640	0.0104449139222349170000000
-0.0000000000010198974507385	0.0102057416495839361000000
-0.0000000000009998830059517	0.0098565566219060013500000
-0.0000000000009796714684748	0.0093610124422354792900000
-0.0000000000009600448512394	0.0085458146822014885500000
-0.0000000000009398333137625	0.0085844327289593541700000
-0.0000000000009200096038370	0.0094262412438857103800000
-0.0000000000008997980663601	0.0085928702853925610000000
-0.0000000000008799743564346	0.0093029231114107931900000
-0.0000000000008597628189577	0.0093191491814739353700000
-0.0000000000008397483741709	0.0088502157566231094700000
-0.0000000000008197275715553	0.0082031200823838110900000
-0.0000000000007997131267685	0.0072912149444494889600000
-0.0000000000007798894168430	0.0081450307515406449800000
-0.0000000000007596778793661	0.0090764071733282873700000
-0.0000000000007398541694407	0.0090296760915433479300000
-0.0000000000007198397246538	0.0080944054129294586900000
-0.0000000000007000160147284	0.0086551783944459753700000
-0.0000000000006798044772514	0.0098409795946495862200000
-0.0000000000006599807673260	0.0106532566617682165000000
-0.0000000000006399663225391	0.0089501683482295750500000
-0.0000000000006197547850622	0.0102875210426780044000000
-0.0000000000005997339824467	0.0106889540158923990000000
-0.0000000000005799102725212	0.0106126914866279242000000
-0.0000000000005598958277344	0.0111247862575735539000000
-0.0000000000005398750251188	0.0106889540158937920000000
-0.0000000000005198605803320	0.0093756159052906015000000
-0.0000000000004998461355452	0.0086029304488345510800000
-0.0000000000004798253329296	0.0090475247686128725000000
-0.0000000000004598108881428	0.0098228063961813723300000
-0.0000000000004397900855272	0.0106383286773163131000000
-0.0000000000004197756407404	0.0110047133391704792000000
-0.0000000000003997611959536	0.0081937089617440273700000
-0.0000000000003797403933380	0.0094531765201854856000000
-0.0000000000003599166834125	0.0102245638908515946000000
-0.0000000000003397051459356	0.0105922466383566120000000
-0.0000000000003198814360102	0.0098610999215241780600000
-0.0000000000002998669912233	0.0094252676796820825100000
-0.0000000000002798525464365	0.0093425147223633233500000
-0.0000000000002598317438210	0.0097527097735202548300000
-0.0000000000002398172990341	0.0091140516558744100900000
-0.0000000000002196057615572	0.0086675102076972203300000
-0.0000000000001997820516317	0.0068456470602396490500000
-0.0000000000001797612490162	0.0060265550427945216800000
-0.0000000000001599438969194	0.0060489470195029598400000
-0.0000000000001397323594425	0.0059934538598354321700000
-0.0000000000001197115568270	0.0059752806613469766600000
-0.0000000000000998878469015	0.0051367173595973196500000
-0.0000000000000800704948048	0.0059999442878663766800000
-0.0000000000000600496921892	0.0068190363053169320000000
-0.0000000000000398381547123	0.0081502230939633092000000
-0.0000000000000198237099255	0.0060109780155199448600000
0.0000000000000001970926901	0.0051221138965228552700000
0.0000000000000200208026155	0.0042085861507664083100000
0.0000000000000402323400925	0.0034891222030489603400000
0.0000000000000602467848793	0.0021131514591367539700000
0.0000000000000802612296661	-0.0000497836854143642095000
0.0000000000001002820322817	0.0003772864797693891530000
0.0000000000001199086495170	0.0007803420611464990560000
0.0000000000001401201869940	0.0007475653995396699600000
0.0000000000001601346317808	-0.0001438948920345913370000
0.0000000000001801554343964	-0.0009373497203711778300000
0.0000000000002001698791832	-0.0021805912125026187500000
0.0000000000002201906817987	-0.0005050872126417024080000
0.0000000000002402051265856	0.0008166884581777023600000
0.0000000000002602259292011	0.0025434668380709259000000
0.0000000000002800432812979	0.0020897859181988041400000
0.0000000000003004519114649	0.0028978442089157459300000
0.0000000000003202756213903	0.0026810639124636415600000
0.0000000000003400993313158	0.0016643383602367072300000
0.0000000000003601137761026	0.0020914085252074095800000
0.0000000000003801345787182	0.0024519518027363630200000
0.0000000000004001490235050	0.0021378150856824710400000
0.0000000000004201634682919	0.0003844259506147539940000
0.0000000000004401842709074	-0.0020108665190932263500000
0.0000000000004601987156942	-0.0061008097550065516400000
0.0000000000004802195183098	-0.0106671504156524363000000
0.0000000000005002339630966	-0.0150757736803468680000000
0.0000000000005200576730221	-0.0218735235279926034000000
0.0000000000005402692104990	-0.0298593462531616394000000
0.0000000000005602836552858	-0.0407165343977275579000000
0.0000000000005801073652113	-0.0548799466771194983000000
0.0000000000006001281678268	-0.0699984255266676014000000
0.0000000000006199455199236	-0.0881774658756702828000000
0.0000000000006401570574005	-0.1096935600253325370000000
0.0000000000006601778600161	-0.1357990361971502250000000
0.0000000000006800015699415	-0.1660518963489500400000000
0.0000000000007002131074184	-0.2013439254998858060000000
0.0000000000007200304595152	-0.2412483781873366870000000
0.0000000000007404390896822	-0.2859622391627990030000000
0.0000000000007600657069176	-0.3371843784731333730000000
0.0000000000007800865095331	-0.3958305961337265090000000
0.0000000000007999102194586	-0.4598301213772078010000000
0.0000000000008201217569355	-0.5314000854970728490000000
0.0000000000008401362017223	-0.6067160037628943620000000
0.0000000000008603477391992	-0.6784238951233988460000000
0.0000000000008799743564346	-0.7662494749532865470000000
0.0000000000009001858939115	-0.8561747138598049250000000
0.0000000000009202066965271	-0.9406820707365718400000000
0.0000000000009402211413139	-1.0181502351529943000000000
0.0000000000009600448512394	-1.0876744399685016600000000
0.0000000000009802563887163	-1.1420295351828975100000000
0.0000000000010002708335031	-1.1695648687166642100000000
0.0000000000010202916361187	-1.1648268532636398800000000
0.0000000000010401153460442	-1.1162125440738501800000000
0.0000000000010599326981409	-1.0177406889320022000000000
0.0000000000010799535007565	-0.8616967722871761160000000
0.0000000000011001650382334	-0.6358077325166198170000000
0.0000000000011201794830202	-0.3397828216613891230000000
0.0000000000011403910204971	0.0156713310825016272000000
0.0000000000011600239955612	0.4146820577046635980000000
0.0000000000011802355330381	0.8708250775983830130000000
0.0000000000012002499778250	1.2976858987372785800000000
0.0000000000012200736877504	1.7214235722890101100000000
0.0000000000012402852252274	2.1214345828032952200000000
0.0000000000012601089351528	2.4622607402891585300000000
0.0000000000012799262872496	2.7000578479182988400000000
0.0000000000013001378247265	2.8944729415140577600000000
0.0000000000013199615346519	2.9755978534251519300000000
0.0000000000013401730721289	2.9777601416991408300000000
0.0000000000013599967820543	2.8557536088165305100000000
0.0000000000013802083195312	2.6480233992207127200000000
0.0000000000014002291221468	2.3358459589655349300000000
0.0000000000014200464742435	1.9147251025508968900000000
0.0000000000014402580117205	1.4429871108981615600000000
0.0000000000014602788143360	0.9436541640384661360000000
0.0000000000014799054315714	0.4325709739396866320000000
0.0000000000015001169690483	-0.0756171892112308536000000
0.0000000000015199406789738	-0.5769525160135697830000000
0.0000000000015403429513121	-0.9451471627813483600000000
0.0000000000015601666612375	-1.2474474606414063200000000
0.0000000000015799903711630	-1.4601681613470753900000000
0.0000000000016002019086399	-1.5896653031148479900000000
0.0000000000016202227112555	-1.6304317231924472200000000
0.0000000000016402371560423	-1.5893978972123248300000000
0.0000000000016602516008291	-1.4851621729222370700000000
0.0000000000016802724034447	-1.3351306113615195600000000
0.0000000000017000961133701	-1.1494068847376297500000000
0.0000000000017201105581570	-0.9338606277277841090000000
0.0000000000017401313607725	-0.7239675672941776610000000
0.0000000000017601458055593	-0.5166664862066199240000000
0.0000000000017801602503462	-0.3398353941340691570000000
0.0000000000018001810529617	-0.2024034879495925090000000
0.0000000000018201954977486	-0.1190274449313157430000000
0.0000000000018400192076740	-0.0809984032293447342000000
0.0000000000018602307451509	-0.0883822388860435598000000
0.0000000000018802451899378	-0.1368504855861121530000000
0.0000000000019002659925533	-0.2188083705126521170000000
0.0000000000019204775300302	-0.3248376357269467380000000
0.0000000000019401041472656	-0.4397415940415487220000000
0.0000000000019601249498812	-0.5528275893649451380000000
0.0000000000019799423019779	-0.6517582883520675050000000
0.0000000000020001538394548	-0.7266886801300236340000000
0.0000000000020201746420704	-0.7697594996645851230000000
0.0000000000020401890868572	-0.7784167601655221920000000
0.0000000000020602098894728	-0.7519848072969403940000000
0.0000000000020800272415695	-0.6894005103096140230000000
0.0000000000021002387790464	-0.5939493285894340560000000
0.0000000000021202595816620	-0.4768551662968401050000000
0.0000000000021402740264488	-0.3380456583804306580000000
0.0000000000021600977363743	-0.1882997868938207640000000
0.0000000000021799214462997	-0.0426182298382748390000000
0.0000000000022001329837767	0.0917488822450640285000000
0.0000000000022201474285635	0.2048423148871801320000000
0.0000000000022401682311790	0.2929829715030169980000000
0.0000000000022601826759659	0.3447778816574259000000000
0.0000000000022802034785814	0.3728934401910033450000000
0.0000000000023000271885069	0.3652668633225431000000000
0.0000000000023202387259838	0.3398062141509941010000000
0.0000000000023400560780806	0.2888862135975701630000000
0.0000000000023604647082476	0.2190161109033140760000000
0.0000000000023802884181730	0.1353901945540555710000000
0.0000000000024001121280985	0.0367142722042476596000000
0.0000000000024201265728853	-0.0353385656602166337000000
0.0000000000024401410176722	-0.1049445136660196450000000
0.0000000000024601618202877	-0.1634781169699067450000000
0.0000000000024799855302132	-0.2021010339822083280000000
0.0000000000025001970676901	-0.2218634152203307620000000
0.0000000000025200207776155	-0.2198861061690817460000000
0.0000000000025402323150925	-0.2041847860471996680000000
0.0000000000025600496671892	-0.1715402026056766500000000
0.0000000000025806553900463	-0.1262613517885735060000000
0.0000000000026000849145916	-0.0712186260251572168000000
0.0000000000026199086245171	-0.0159448419992650851000000
0.0000000000026401201619940	0.0395716831190383936000000
0.0000000000026601346067808	0.0923174437273994730000000
0.0000000000026801554093964	0.1350601562998922370000000
0.0000000000027003669468733	0.1658238104526634780000000
0.0000000000027199935641086	0.1876650733963916300000000
0.0000000000027402051015856	0.1994685652604304970000000
0.0000000000027602259042011	0.1993364850563500430000000
0.0000000000027802403489880	0.1886279283507721060000000
0.0000000000028002547937748	0.1707153213356792930000000
0.0000000000028202755963903	0.1479076336119659050000000
0.0000000000028399022136257	0.1212147756698225410000000
0.0000000000028601137511026	0.0938790406748299389000000
0.0000000000028801345537182	0.0656437321809309610000000
0.0000000000029003397333664	0.0392695536970627257000000
0.0000000000029199727084305	0.0160893146478224142000000
0.0000000000029399871532173	-0.0034777032578989040100000
0.0000000000029601986906942	-0.0182830187134351320000000
0.0000000000029802194933098	-0.0318992878057762011000000
0.0000000000030002339380966	-0.0436404722680809668000000
0.0000000000030202483828835	-0.0535344809217286818000000
0.0000000000030402691854990	-0.0612960594321829699000000
0.0000000000030602836302858	-0.0686990418048713802000000
0.0000000000030799166053499	-0.0763820861717971478000000
0.0000000000031001281428268	-0.0831561460869588709000000
0.0000000000031199454949236	-0.0902690063704783691000000
0.0000000000031399662975391	-0.0942732760665868086000000
0.0000000000031601778350161	-0.0947282550858004335000000
0.0000000000031801922798029	-0.0916511430613185102000000
0.0000000000032000159897283	-0.0821715481276812099000000
0.0000000000032204246198954	-0.0694120153404671758000000
0.0000000000032402419719921	-0.0492345722765048024000000
0.0000000000032600656819176	-0.0246199481732094667000000
0.0000000000032802772193945	0.0046213773737199632600000
0.0000000000032999101944586	0.0381934407394352166000000
0.0000000000033201217319355	0.0716506232198306087000000
0.0000000000033401361767223	0.1050351126149223350000000
0.0000000000033601506215092	0.1348196859494661390000000
0.0000000000033799743314346	0.1597338420759024380000000
0.0000000000034001858689115	0.1729600357754957070000000
0.0000000000034202066715271	0.1798366439773470550000000
0.0000000000034404182090040	0.1769036196780711110000000
0.0000000000034600448262394	0.1626175391352214780000000
0.0000000000034802563637163	0.1403492059201414680000000
0.0000000000035000800736418	0.1110562825347710810000000
0.0000000000035202916111187	0.0773884860126567015000000
0.0000000000035401153210442	0.0406179401076107033000000
0.0000000000035601297658310	0.0038749781497582698600000
0.0000000000035801442106178	-0.0291658440107005583000000
0.0000000000036001650132334	-0.0556143386224958042000000
0.0000000000036199887231588	-0.0759118546490664681000000
0.0000000000036402002606358	-0.0900927912441713830000000
0.0000000000036602147054226	-0.0960208238690106464000000
0.0000000000036800384153481	-0.0939886707885531636000000
0.0000000000037000528601349	-0.0823691816666104193000000
0.0000000000037202643976118	-0.0664770437184329099000000
0.0000000000037402852002274	-0.0455110136551315214000000
0.0000000000037602996450142	-0.0216379209885375241000000
0.0000000000037801233549396	0.0011152481480442054700000
0.0000000000038001377997265	0.0222776132308443973000000
0.0000000000038199615096519	0.0415652180694196793000000
0.0000000000038403701398189	0.0573999151442369932000000
0.0000000000038601938497444	0.0682538577696664012000000
0.0000000000038802082945312	0.0730898756094321145000000
0.0000000000039000320044567	0.0721753743166222706000000
0.0000000000039200464492435	0.0667987038298268748000000
0.0000000000039402579867205	0.0596426825176241682000000
0.0000000000039602787893360	0.0480825813057961585000000
0.0000000000039802932341228	0.0320833518412812491000000
0.0000000000040001169440483	0.0180241112378036646000000
0.0000000000040199406539738	0.0036231495419838223900000
0.0000000000040401521914507	-0.0090299399371578468400000
0.0000000000040599759013762	-0.0199737752281302118000000
0.0000000000040801874388531	-0.0299401520830112171000000
0.0000000000041000111487785	-0.0362102301556561368000000
0.0000000000041202226862555	-0.0414940876868510403000000
0.0000000000041400400383522	-0.0437582735386033706000000
0.0000000000041602515758291	-0.0424001514530545146000000
0.0000000000041802723784447	-0.0411539892531875284000000
0.0000000000042004839159216	-0.0394304560655787603000000
0.0000000000042201105331570	-0.0376790140379872490000000
0.0000000000042399342430824	-0.0341121992687666367000000
0.0000000000042599486878693	-0.0310432003388979513000000
0.0000000000042801602253462	-0.0292787774596154939000000
0.0000000000043001810279617	-0.0262373628536702631000000
0.0000000000043201954727486	-0.0249227266436271473000000
0.0000000000043402162753641	-0.0228217750713154803000000
0.0000000000043600336274609	-0.0206672774686556503000000
0.0000000000043802451649378	-0.0163894363222833496000000
0.0000000000044002659675533	-0.0133778776972633059000000
0.0000000000044202804123402	-0.0069977869122243609200000
0.0000000000044401041222656	0.0003636565808814647990000
0.0000000000044599278321911	0.0070147227104054273400000
0.0000000000044801393696680	0.0149489464458542002000000
0.0000000000044999630795935	0.0239300761995259945000000
0.0000000000045199775243803	0.0317948523174183886000000
0.0000000000045403861545473	0.0401032491697480981000000
0.0000000000045602098644728	0.0466384610856176649000000
0.0000000000045802243092596	0.0519635326991896643000000
0.0000000000046000480191851	0.0558052169994684988000000
0.0000000000046202595566620	0.0570805860896618431000000
0.0000000000046402740014488	0.0544782490066909875000000
0.0000000000046602948040644	0.0494611482030917690000000
0.0000000000046799214212997	0.0420221441982065319000000
0.0000000000047001329587767	0.0321738933116460998000000
0.0000000000047205415889437	0.0193731466991842703000000
0.0000000000047399711134890	0.0069066570837164713300000
0.0000000000047599919161045	-0.0047735172181721241600000
0.0000000000047800063608913	-0.0153830954495505282000000
0.0000000000048002178983683	-0.0292580080896974841000000
0.0000000000048202387009838	-0.0424598633918081558000000
0.0000000000048402531457706	-0.0577912282255364021000000
0.0000000000048602675905575	-0.0690592605688492150000000
0.0000000000048800913004829	-0.0787144215447550533000000
0.0000000000049001121030985	-0.0869708952697107324000000
0.0000000000049199294551952	-0.0926730609859982429000000
0.0000000000049401409926722	-0.0942184319480120630000000
0.0000000000049601617952877	-0.0943002113437556716000000
0.0000000000049801762400745	-0.0912133636773694440000000
0.0000000000049999999500000	-0.0841663812379929571000000
0.0000000000050202114874769	-0.0736862868219560902000000
0.0000000000050402322900925	-0.0594089674440451826000000
0.0000000000050602467348793	-0.0457388276825590814000000
0.0000000000050802611796661	-0.0293225878492885742000000
0.0000000000051000848895916	-0.0113311212065688675000000
0.0000000000051201056922071	0.0064448631293813306300000
0.0000000000051401201369940	0.0239203405575301557000000
0.0000000000051603316744709	0.0416064322870031630000000
0.0000000000051801553843964	0.0579253152858003328000000
0.0000000000051999790943218	0.0725693432909102210000000
0.0000000000052201906317987	0.0813119496786506163000000
0.0000000000052400143417242	0.0873529154394969282000000
0.0000000000052602258792011	0.0906643317462389187000000
0.0000000000052802403239880	0.0902401822841342322000000
0.0000000000053002547687748	0.0854629028382420525000000
0.0000000000053200784787002	0.0773774522852326840000000
0.0000000000053399021886257	0.0652231524514331612000000
0.0000000000053601137261026	0.0481643606980236907000000
0.0000000000053801345287182	0.0286583529929263052000000
0.0000000000054001489735050	0.0080613042299888960200000
0.0000000000054201634182919	-0.0121966197890517759000000
0.0000000000054401842209074	-0.0306936907855855888000000
0.0000000000054601986656942	-0.0466137373949068665000000
0.0000000000054802194683098	-0.0614112645320982753000000
0.0000000000055002339130966	-0.0737719604740633139000000
0.0000000000055202483578835	-0.0832486346889550477000000
0.0000000000055402691604990	-0.0862572726872153778000000
0.0000000000055600928704245	-0.0854349354322961330000000
0.0000000000055801073152113	-0.0793508080298732516000000
0.0000000000056001281178268	-0.0697456233489839872000000
0.0000000000056201425626137	-0.0571707432938028462000000
0.0000000000056399662725391	-0.0412529682820688554000000
0.0000000000056601778100161	-0.0260880830075276987000000
0.0000000000056801922548029	-0.0098201495535372024300000
0.0000000000057002130574184	0.0078052568442937850600000
0.0000000000057202275022053	0.0222574929040412484000000
0.0000000000057402419469921	0.0351614373109787048000000
0.0000000000057602627496077	0.0450489552785779887000000
0.0000000000057800864595331	0.0507705920422032372000000
0.0000000000058001009043199	0.0514232045725013034000000
0.0000000000058201217069355	0.0485213342355009653000000
0.0000000000058401361517223	0.0428934841524456559000000
0.0000000000058601505965092	0.0329994757509900413000000
0.0000000000058799743064346	0.0208088293739025210000000
0.0000000000059003829366016	0.0072295558781730814900000
0.0000000000059202066465271	-0.0055913111527856416300000
0.0000000000059400303564526	-0.0176563678825844665000000
0.0000000000059602355361008	-0.0281445751494600292000000
0.0000000000059802563387163	-0.0376004798577860080000000
0.0000000000060002707835031	-0.0427691322920110278000000
