2000.5035200340207600000000000	0.0569780373282264274000000
2020.1301372693997100000000000	0.0595310471571512540000000
2040.1509398849448200000000000	0.0587200681866414942000000
2060.1653846717817900000000000	0.0667879946237585065000000
2079.9890945972438200000000000	0.0671998122753885985000000
2100.2006320741638700000000000	0.0608236158800926907000000
2120.0243419996259000000000000	0.0538515981887079803000000
2140.2358794765459600000000000	0.0534573046910642377000000
2160.4474169534660200000000000	0.0597488010143464587000000
2180.2711268789280400000000000	0.0582326370486209791000000
2200.0948368043900700000000000	0.0504275729250390908000000
2219.9121889011439600000000000	0.0544298953185132078000000
2240.1237263780640200000000000	0.0526268544353899817000000
2260.1445289936091300000000000	0.0568735414384055685000000
2279.9682389190711500000000000	0.0576007938889157994000000
2299.9826837058935800000000000	0.0654989956382237976000000
2320.1942211828281800000000000	0.0621616175980970048000000
2340.2150237983732900000000000	0.0598318784919024752000000
2360.4265612752933500000000000	0.0565370127497479350000000
2380.0531785106577400000000000	0.0587411620774334273000000
2400.2647159875923500000000000	0.0547979025828862626000000
2420.2791607744147700000000000	0.0468198685470181397000000
2440.1028706998768000000000000	0.0496370388005885344000000
2459.9265806253388300000000000	0.0539262381100670402000000
2480.3288529636338300000000000	0.0643070285497454180000000
2500.1525628890958600000000000	0.0582774210013828481000000
2520.1733655046409700000000000	0.0543731040740072294000000
2540.1878102914779400000000000	0.0582076489010639048000000
2560.2086129070230500000000000	0.0565298732790137232000000
2580.2230576938600200000000000	0.0579097382587502457000000
2600.2375024806970000000000000	0.0496996714303264212000000
2620.2583050962421100000000000	0.0476577827961475326000000
2640.2727498830790800000000000	0.0539100120402061928000000
2660.2935524986241900000000000	0.0552652133947377292000000
2680.1109045953780800000000000	0.0564039589769796818000000
2700.1317072109231900000000000	0.0530935162047178749000000
2720.1461519977601700000000000	0.0689976608091702054000000
2739.9698619232221900000000000	0.0680961403712187358000000
2760.1813994001422500000000000	0.0615320460888358484000000
2780.2022020156873600000000000	0.0681010081921586685000000
2800.2166468025243300000000000	0.0646474514944646583000000
2820.2310915893467600000000000	0.0652465179919594490000000
2840.2518942049064200000000000	0.0771778716271720178000000
2860.2663389917288400000000000	0.0756289310074876042000000
2880.2871416072885000000000000	0.0792879097383138720000000
2899.9137588426528900000000000	0.0716009714462923080000000
2920.1252963195729500000000000	0.0720445921941769846000000
2940.1397411064099300000000000	0.0888229973557148472000000
2960.1605437219550300000000000	0.0818685038708214658000000
2980.1749885087920100000000000	0.0801894301736331278000000
3000.1957911243371200000000000	0.0778476837868501137000000
3020.4073286012571700000000000	0.0703197609758894199000000
3040.0339458366361200000000000	0.0650888005933897978000000
3060.2454833135561700000000000	0.0719845557359779092000000
3080.2599281003931500000000000	0.0668029226079785848000000
3100.2807307159382600000000000	0.0725411099294928224000000
3120.1044406414002800000000000	0.0678189990990300806000000
3139.9217927381541800000000000	0.0639091653178433389000000
3160.1333302150742300000000000	0.0698375221817008618000000
3180.1541328306193400000000000	0.0694247309661669976000000
3200.1685776174563200000000000	0.0618429375867158501000000
3220.1893802330014300000000000	0.0604721592075428208000000
3240.2038250198384000000000000	0.0690200527854874513000000
3260.2182698066753800000000000	0.0680954913284269603000000
3280.0419797321374000000000000	0.0721964682073343023000000
3300.2535172090574600000000000	0.0768994322700696231000000
3320.0772271345194900000000000	0.0737447597856234066000000
3340.2887646114395400000000000	0.0769588196853993045000000
3360.1124745368870200000000000	0.0651293657679204024000000
3380.1269193237239900000000000	0.0694162934098745688000000
3400.1477219392691000000000000	0.0751544807274557164000000
3419.9714318647311300000000000	0.0755627286428360856000000
3440.1829693416511800000000000	0.0814180681747784657000000
3460.1974141284881600000000000	0.0801258239802185857000000
3480.2182167440332700000000000	0.0792632461122894372000000
3500.2326615308702400000000000	0.0690297884273638890000000
3520.0563714563322700000000000	0.0772064295099542664000000
3540.2679089332523200000000000	0.0734708637278028154000000
3560.2823537200893000000000000	0.0785174959464007560000000
3580.1060636455513300000000000	0.0800560518802985316000000
3599.9297735710133500000000000	0.0840674608415341446000000
3620.1413110479334100000000000	0.0813917819417933203000000
3639.9650209733954400000000000	0.0769425936156370310000000
3660.1765584503154900000000000	0.0801001867900159453000000
3680.0002683757775200000000000	0.0716084354383926536000000
3700.2118058526975800000000000	0.0716314764574874363000000
3720.2262506395345500000000000	0.0765622545403975008000000
3740.2406954263715300000000000	0.0711940216160748679000000
3760.2614980419166300000000000	0.0826369705336859883000000
3780.4730355188366900000000000	0.0844997233391734104000000
3800.0996527542156400000000000	0.0844416340095377194000000
3819.9233626796776600000000000	0.0757249893405027019000000
3839.9378074665000800000000000	0.0818678548280283303000000
3860.3464376335177800000000000	0.0786132297579549277000000
3880.1701475589798000000000000	0.0751992646800192510000000
3900.1845923458022200000000000	0.0650703028738042200000000
3920.0083022712642500000000000	0.0724638738373370311000000
3940.0227470581012300000000000	0.0711300909011152727000000
3960.0435496736463300000000000	0.0719563223745478681000000
3980.2550871505663900000000000	0.0857601644356149467000000
4000.4666246274864500000000000	0.0777697986520114321000000
4020.2903345529484700000000000	0.0756711187888829129000000
4040.1140444784105000000000000	0.0832402558065057363000000
4060.1284892652474800000000000	0.0845133532377466828000000
4080.1429340520844500000000000	0.0823111510533366397000000
4100.1637366676295600000000000	0.0801586006411102448000000
4120.1781814544665300000000000	0.0858354533991394914000000
4140.0018913799285600000000000	0.0901246526678217974000000
4160.0163361667655400000000000	0.0760005080051323334000000
4180.2278736436855900000000000	0.0681999872179340910000000
4200.4394111206056500000000000	0.0676398632884305795000000
4220.2631210460676800000000000	0.0695081329649069046000000
4240.0868309715297000000000000	0.0651076228343717561000000
4259.9105408969917300000000000	0.0625942046196092811000000
4280.3191710639948700000000000	0.0659147075467488436000000
4300.1365231607487600000000000	0.0594940517179206596000000
4320.1573257762938700000000000	0.0480556460297875132000000
4340.1717705631308400000000000	0.0419134295297861059000000
4360.1925731786759500000000000	0.0370894189412133146000000
4380.0099252754152900000000000	0.0367171928968786157000000
4400.2214627523353500000000000	0.0164946418771766551000000
4420.0451726777973800000000000	-0.0059781406647915463100000
4440.4538028448150700000000000	-0.0302692167877287033000000
4460.2775127702625400000000000	-0.0421285270360169939000000
4480.1012226957245700000000000	-0.0692348266511345761000000
4500.1156674825615400000000000	-0.0987627052792059701000000
4520.1301122693985200000000000	-0.1332807500079427330000000
4539.9538221948605400000000000	-0.1731407422516717810000000
4560.1653596717806000000000000	-0.2205445601431498540000000
4580.1861622873257100000000000	-0.2628215893162223480000000
4600.2006070741626800000000000	-0.3138723808100240540000000
4620.2150518609996600000000000	-0.3650361068748606550000000
4640.0387617864616900000000000	-0.4242340117487465310000000
4660.2502992633817400000000000	-0.4817706929022531060000000
4680.2711018789268500000000000	-0.5458821807577043380000000
4700.2855466657638300000000000	-0.6116821560538937550000000
4720.3063492813089300000000000	-0.6671853911597597220000000
4740.1237013780628300000000000	-0.7174933632454630890000000
4760.1445039936079400000000000	-0.7410980841603523880000000
4780.1589487804449100000000000	-0.7351917926864280920000000
4800.1797513959900200000000000	-0.7106031226541241750000000
4820.0034613214520400000000000	-0.6589762954167858180000000
4840.2149987983721000000000000	-0.5531154399138517030000000
4860.2294435852090800000000000	-0.3944104902673228330000000
4880.0531535106711000000000000	-0.1928524979330580870000000
4900.2646909875911600000000000	0.0587291547851634052000000
4920.2791357744135800000000000	0.3968596683144163250000000
4940.4906732513481900000000000	0.7348444575251728000000000
4959.9265556253376400000000000	1.0761873960940455700000000
4980.1380931022576900000000000	1.4342480739081024900000000
5000.1525378890946700000000000	1.7183347772026098500000000
5020.1733405046397800000000000	1.9749020936515395700000000
5039.9970504301018000000000000	2.1625547038308554600000000
5060.2085879070218600000000000	2.3050611955295217100000000
5080.2230326938588300000000000	2.3616467209133684700000000
5100.2374774806958100000000000	2.3550550389820337200000000
5120.2582800962409200000000000	2.2639170561325117100000000
5140.2727248830778900000000000	2.1076696784977664300000000
5160.2935274986230000000000000	1.8499100525861080800000000
5179.9201447340019400000000000	1.5669202166561737600000000
5199.9345895208389200000000000	1.1687103892862824600000000
5220.1461269977589800000000000	0.7615240083619768670000000
5240.1669296133040900000000000	0.3434668152913381010000000
5260.1813744001410600000000000	-0.1010038501537241510000000
5280.2021770156861700000000000	-0.4508460692917730110000000
5300.0195291124255100000000000	-0.7344564269482700690000000
5320.2310665893601200000000000	-0.9670887141958124380000000
5340.0547765148075900000000000	-1.1447165740340670100000000
5360.2663139917422000000000000	-1.2487296455899668000000000
5380.0900239171896800000000000	-1.2996474145602388000000000
5400.1108265327493400000000000	-1.2776441984352053800000000
5419.9281786294886800000000000	-1.2147775443339672300000000
5440.1397161064087300000000000	-1.1160668338786186000000000
5459.9634260318707600000000000	-0.9599674131430389060000000
5480.3720561988884500000000000	-0.7928599148918484830000000
5500.1957661243359300000000000	-0.6153226380859796450000000
5520.0131182210898200000000000	-0.4496005559323594800000000
5540.2246556980098800000000000	-0.2809792125356535550000000
5560.0483656234719000000000000	-0.1581553166529399420000000
5580.2599031003919600000000000	-0.0545732739470228684000000
5600.2807057159370700000000000	0.0139708389438937524000000
5620.1044156413990900000000000	0.0598231164141895741000000
5640.1188604282360700000000000	0.0767985061161461785000000
5659.9425703536981000000000000	0.0483775712563121740000000
5679.9570151405350700000000000	0.0011538661948678546300000
5700.1685526174551300000000000	-0.0687009889333661250000000
5720.1893552330002400000000000	-0.1333849213824658260000000
5740.2038000198372100000000000	-0.1963959473525734580000000
5760.0275099452992400000000000	-0.2404445386077842810000000
5780.2390474222192900000000000	-0.2685399814726349140000000
5800.2534922090562700000000000	-0.2887443614255447710000000
5820.0772021345183000000000000	-0.2656007908597315390000000
5840.2887396114383500000000000	-0.2276626131194025290000000
5859.9153568468027400000000000	-0.1656686365522497260000000
5880.1268943237228000000000000	-0.1039174033945510080000000
5900.1476969392824600000000000	-0.0232744824305235534000000
5920.1621417261048800000000000	0.0636495482007119612000000
5940.1829443416645400000000000	0.1597328685116911620000000
5960.0066542671120200000000000	0.2420967207699590010000000
5980.2181917440466300000000000	0.3077318191736754800000000
6000.2326365308690500000000000	0.3639561214821730450000000
6020.2470813177060300000000000	0.3958153585289643230000000
6040.2678839332511300000000000	0.3929598949468481320000000
6060.0915938587131600000000000	0.3852654931310417470000000
6080.1060386455501400000000000	0.3519069672765351430000000
6100.1204834323871100000000000	0.3000695448789244550000000
6120.1412860479322200000000000	0.2389404257961350860000000
6140.1557308347691900000000000	0.1823325379663313090000000
6160.1765334503143000000000000	0.1341696696040484690000000
6180.0002433757763300000000000	0.0739125373470952835000000
6200.2117808526963800000000000	0.0227345393620755898000000
6220.0291329494502800000000000	-0.0318259459682054616000000
6240.2406704263703400000000000	-0.0713529778885751281000000
6260.2614730419154400000000000	-0.0739205912796204318000000
6280.2759178287524200000000000	-0.0760789831750803697000000
6299.9025350641168100000000000	-0.0726611236895357143000000
6319.9233376796764700000000000	-0.0507345102198624096000000
6340.3256100179714800000000000	-0.0240805935989588452000000
6360.1493199434335000000000000	0.0180539672066360735000000
6379.9730298688809800000000000	0.0660990356997615547000000
6400.1845673458010300000000000	0.1015130819359674060000000
6420.2053699613606900000000000	0.1385747229583255140000000
6440.2198147481831200000000000	0.1736165425429177230000000
6460.2342595350200900000000000	0.1996824248537596160000000
6480.0579694604821200000000000	0.2001951686434969850000000
6500.2695069374021800000000000	0.1989340785377557710000000
6520.2903095529472800000000000	0.1864471446317760020000000
6539.9169267883262300000000000	0.1736301724412057660000000
6560.1284642652462900000000000	0.1717359411006364470000000
6580.1429090520832600000000000	0.1466809427590978760000000
6600.1637116676283700000000000	0.1261734625311524690000000
6619.9874215930904000000000000	0.1142054381258229970000000
6640.1989590700104500000000000	0.0942707379971564480000000
6660.0163111667643400000000000	0.0755331971958582288000000
6680.0371137823094500000000000	0.0579950873861185406000000
6700.2486512592295100000000000	0.0358474755481346108000000
6720.2630960460664900000000000	0.0251226923439612330000000
6740.2838986616115900000000000	0.0298908852678990492000000
6760.1076085870736200000000000	0.0165997868109689466000000
6780.1220533739106000000000000	0.0131303285156993670000000
6799.9457632993726200000000000	0.0168363629119789165000000
6820.1573007762926800000000000	0.0024646081374090629400000
6839.9810107017547000000000000	-0.0177462603114462956000000
6859.9954554885916800000000000	-0.0148550991259276781000000
6880.2069929655117400000000000	-0.0095916864857815836700000
6900.0307028909592100000000000	-0.0238138370045061082000000
6920.2422403678938200000000000	-0.0222665189485530199000000
6940.0659502933412900000000000	-0.0100982643959753402000000
6960.2774877702759000000000000	-0.0022549066136457840200000
6979.9041050056403000000000000	0.0176389043354535056000000
7000.1156424825603500000000000	0.0378241353878070036000000
7019.9393524080223800000000000	0.0655226857001473401000000
7039.9537971948593500000000000	0.0994572389094595666000000
7060.1653346717794100000000000	0.1329945776483976720000000
7080.5739648387825500000000000	0.1556844641854791270000000
7100.0098472127865400000000000	0.1914168651470750380000000
7120.0242919996235200000000000	0.2121326878088467260000000
7140.0387367864605000000000000	0.2199874034075278980000000
7160.2502742633805500000000000	0.2212455728154071600000000
7180.0739841888425800000000000	0.2234357676389484020000000
7200.2855216657626400000000000	0.2084324949745810510000000
7220.1092315912246600000000000	0.1934496671116054390000000
7240.1236763780616400000000000	0.1805197614975415920000000
7259.9473863035236600000000000	0.1450145254227007960000000
7280.1589237804437200000000000	0.1187490621354051060000000
7300.1797263959888300000000000	0.1004217164904674940000000
7320.1941711828258000000000000	0.0716084354383770549000000
7340.0178811082878300000000000	0.0420679017153550092000000
7360.2294185852078900000000000	0.0306716837546669660000000
7380.2438633720448600000000000	0.0161895917606167186000000
7400.0675732974923400000000000	0.0109884872691150409000000
7420.4762034645100300000000000	0.0058743545054590574600000
7439.9057280097913400000000000	0.0132095117375169435000000
7460.1172654867113900000000000	0.0233563223644565887000000
7479.9409754121734200000000000	0.0392101662811445775000000
7499.9617780277185300000000000	0.0488413123336095059000000
7520.1733155046385900000000000	0.0660980621355778397000000
7540.1877602914755600000000000	0.0870342354302180571000000
7560.0114702169375900000000000	0.1016542487420205860000000
7580.2230076938576400000000000	0.1083384158721577560000000
7600.0467176193196700000000000	0.1270042372926826760000000
7620.4489899576146800000000000	0.1381781578193649880000000
7640.0819650217017500000000000	0.1246774189172004110000000
7660.2935024986218100000000000	0.1273576410876709470000000
7679.9201197340007500000000000	0.1026394956916353430000000
7700.1316572109208100000000000	0.0943482986102840426000000
7719.9553671363828400000000000	0.0891536846564385532000000
7740.1669046133029000000000000	0.0789614412148844092000000
7759.9906145387649200000000000	0.0694104520247488532000000
7780.2021520156849800000000000	0.0692971940575824591000000
7800.0195041124388700000000000	0.0724911336345682444000000
7820.2310415893589300000000000	0.0756000486033018560000000
7840.2518442049040400000000000	0.0889797411891273121000000
7860.2662889917410100000000000	0.0780888031834387208000000
7880.2870916072861200000000000	0.0620944416690234549000000
7899.9137088426505100000000000	0.0638325782683064197000000
7920.1252463195851200000000000	0.0716467289630845355000000
7939.9489562450326000000000000	0.0792466955211424129000000
7960.1604937219672000000000000	0.0813502432032467832000000
7980.1749385087896300000000000	0.0699128111455346174000000
7999.9986484342516500000000000	0.0647081369955707225000000
8020.2101859111717100000000000	0.0768929418421649691000000
8040.0338958366337400000000000	0.0816984546599242995000000
8060.0483406234707100000000000	0.0760099191256080054000000
8080.2598781003907700000000000	0.0753819702256169899000000
8100.2806807159358800000000000	0.0734247816896401451000000
8120.1043906413979000000000000	0.0768608142240361364000000
8139.9217427381518000000000000	0.0892309207482607225000000
8160.1332802150718500000000000	0.1023217892477695370000000
8180.1540828306169600000000000	0.0974838243158647200000000
8199.9777927560789900000000000	0.1051029375860423330000000
8219.9922375429159600000000000	0.1274498051627641900000000
8240.2037750198360200000000000	0.1252933605179775980000000
8260.4153124967560800000000000	0.1288728314627452520000000
8280.2390224222181000000000000	0.1450865691712412140000000
8300.0627323476801300000000000	0.1467688880557058430000000
8320.0771771345171000000000000	0.1566200593499450510000000
8340.2887146114371600000000000	0.1501822040310986090000000
8359.9153318468015500000000000	0.1524291901309555440000000
8380.3239620138192400000000000	0.1611679020924703940000000
8400.1476719392812700000000000	0.1489052123634909690000000
8419.9713818647433000000000000	0.1382011988380790480000000
8440.1829193416633500000000000	0.1187860575740756760000000
8460.0066292671253800000000000	0.0986718971374255377000000
8480.2181667440454400000000000	0.0976606884753358495000000
8500.0355188407847800000000000	0.0889485871352804353000000
8520.2470563177048400000000000	0.0813580317167272582000000
8540.2678589332499400000000000	0.0736311772971939005000000
8560.0915688587119700000000000	0.0650839327724461042000000
8580.1060136455489400000000000	0.0608362722145603108000000
8599.9297235710109700000000000	0.0363160844480129447000000
8620.1412610479310300000000000	0.0137722318466108086000000
8640.1557058347680000000000000	0.0050792770715038532800000
8659.7886808988550800000000000	0.0161999764454377124000000
8680.1909532371500900000000000	-0.0041455683042277841100000
8700.2117558526951900000000000	0.0036474886471231484200000
8720.2262006395321700000000000	0.0015455635271128674800000
8740.2406454263691400000000000	0.0106519585761602874000000
8760.0643553518311700000000000	0.0193179780611339516000000
8780.2758928287512300000000000	0.0315998149565034150000000
8800.0996027542132500000000000	0.0401623120642652792000000
8820.1140475410502300000000000	0.0667662516902199771000000
8840.1348501565953400000000000	0.0867983083764837238000000
8859.9585600820573600000000000	0.1089131432585202230000000
8879.9730048688797900000000000	0.1348183878639129250000000
8900.1845423458144000000000000	0.1464472873585133670000000
8920.3960798227344500000000000	0.1488179161097065440000000
8940.0226970580988500000000000	0.1743003091068107410000000
8960.2342345350189000000000000	0.1841430427847097210000000
8980.0579444604809300000000000	0.1903102472190212340000000
9000.2694819374009900000000000	0.1937702942413088710000000
9020.2902845529606500000000000	0.1993186363801182360000000
9040.1139944784081200000000000	0.1967630304650803130000000
9059.9313465751620100000000000	0.1955068081792296910000000
9080.1428840520820700000000000	0.1722866538957989750000000
9099.9665939775441000000000000	0.1482597393196711800000000
9120.1781314544641500000000000	0.1407460955803093440000000
9140.1989340700092600000000000	0.1165218718226432720000000
9160.2133788568462400000000000	0.0986287357920976882000000
9180.0370887823082600000000000	0.0855988773025369021000000
9200.2486262592283200000000000	0.0502412976428498748000000
9220.2630710460653000000000000	0.0328466261720198952000000
9240.2838736616104000000000000	0.0219417335817791472000000
9259.9104908969893500000000000	0.0185050519532298993000000
9280.1220283739094000000000000	0.0137998161656808140000000
9300.1364731607463800000000000	0.0049345405263659120800000
9320.1572757762914900000000000	0.0168058579003250476000000
9339.9809857017535100000000000	0.0379743887953806689000000
9359.9954304885904900000000000	0.0521167067987548735000000
9380.2069679655105500000000000	0.0595417563632442484000000
9400.0306778909725700000000000	0.0768916437565835276000000
9420.2422153678926300000000000	0.0893665706910371643000000
9440.0659252933546600000000000	0.1126883006170357330000000
9460.2774627702747100000000000	0.1364328817817928030000000
9479.9040800056391000000000000	0.1440568628012299510000000
9499.9185247924760800000000000	0.1596261009748448090000000
9520.1300622693961400000000000	0.1635008863546931760000000
9540.1508648849412400000000000	0.1805661680559141610000000
9560.1653096717782200000000000	0.1816834951920556770000000
9580.1861122873233300000000000	0.1772625403326301700000000
9600.0098222127853500000000000	0.1794627953391720040000000
9620.2150018609972800000000000	0.1696353141565022370000000
9640.0387117864593000000000000	0.1622099402712283700000000
9660.0595144020044100000000000	0.1585769233249280930000000
9680.2710518789244700000000000	0.1399136982145205150000000
9700.2854966657614400000000000	0.1273011743656081160000000
9720.1092065912234700000000000	0.1175223712740851160000000
9739.9329165166855000000000000	0.1106762679842089450000000
9760.1444539936055500000000000	0.0961201854199952993000000
9780.1588987804425300000000000	0.1115323554174622310000000
9800.1797013959876400000000000	0.1030104236439640800000000
9820.1941461828246100000000000	0.1072408845220365480000000
9840.0178561082866400000000000	0.1022049615462398700000000
9860.2293935852067000000000000	0.1072314734016479030000000
9880.2438383720436700000000000	0.1209363363157931050000000
9900.2646409875887800000000000	0.1350854689683612110000000
9920.2790857744257500000000000	0.1526842639429101260000000
9940.1027956998732300000000000	0.1517736569245850540000000
9959.9265056253352500000000000	0.1484765196079052270000000
9980.1380431022553100000000000	0.1523415693558514970000000
10000.1524878890923000000000000	0.1364822090331427600000000
