0.0000000000020003509321449	-0.0790184981059548486000000
0.0000000000020199775493803	-0.0829734405328559355000000
0.0000000000020401890868572	-0.0864396537201028575000000
0.0000000000020600127967827	-0.0905023372651753977000000
0.0000000000020800272415695	-0.0962106688949635330000000
0.0000000000021002387790464	-0.0978952595445749668000000
0.0000000000021202595816620	-0.0945202368608871885000000
0.0000000000021404711191389	-0.0975142714068196470000000
0.0000000000021602948290644	-0.1000546250213016490000000
0.0000000000021799214462997	-0.0996697426263267600000000
0.0000000000022001329837767	-0.0873220274363162435000000
0.0000000000022199566937021	-0.0863948697654073755000000
0.0000000000022401682311791	-0.0931656844887101127000000
0.0000000000022601826759659	-0.0859927877374036115000000
0.0000000000022800063858913	-0.0870783118567212966000000
0.0000000000023000208306782	-0.0907041895829985845000000
0.0000000000023202323681551	-0.0860473073344195649000000
0.0000000000023402531707706	-0.0847294258854363602000000
0.0000000000023602676155575	-0.0947918612825019574000000
0.0000000000023802884181730	-0.0922463153298892918000000
0.0000000000023999150354084	-0.0905312196707789840000000
0.0000000000024201265728853	-0.0914032087030187263000000
0.0000000000024399502828108	-0.0957579615254059852000000
0.0000000000024601618202877	-0.0992929732667094944000000
0.0000000000024799855302132	-0.0958481784779006141000000
0.0000000000024999999750000	-0.0939915914812562980000000
0.0000000000025202115124769	-0.0872736737460875767000000
0.0000000000025402259572638	-0.0892324849831101080000000
0.0000000000025600496671892	-0.0931708768312951852000000
0.0000000000025802612046661	-0.0919188732257395919000000
0.0000000000026002820072817	-0.0922407984658944746000000
0.0000000000026199086245171	-0.0979656806909959821000000
0.0000000000026401201619940	-0.1009733451396923750000000
0.0000000000026601346067808	-0.0932114420077427841000000
0.0000000000026799583167063	-0.0904517119250193014000000
0.0000000000027001698541832	-0.0995899103589113488000000
0.0000000000027199935641087	-0.0971151100700446968000000
0.0000000000027402051015856	-0.0974688384091413063000000
0.0000000000027600288115110	-0.1061608199215746400000000
0.0000000000027802403489880	-0.1005800251878784250000000
0.0000000000028002547937748	-0.0937186689740683171000000
0.0000000000028200785037003	-0.0978790334739699508000000
0.0000000000028400993063158	-0.1043525866090277840000000
0.0000000000028599166584125	-0.1065349931107567320000000
0.0000000000028801281958895	-0.1082715071923159300000000
0.0000000000029001489985050	-0.1034598282026077540000000
0.0000000000029201634432919	-0.1048507269776824680000000
0.0000000000029399871532173	-0.1022925246814255510000000
0.0000000000029601986906942	-0.1072181106852378720000000
0.0000000000029800224006197	-0.1134498953873981090000000
0.0000000000030004310307867	-0.1090837842896833780000000
0.0000000000030200576480221	-0.1039313578152694790000000
0.0000000000030402691854990	-0.1048942128470056880000000
0.0000000000030600928954245	-0.1086794306087443820000000
0.0000000000030801073402113	-0.1079171298091164690000000
0.0000000000030999310501368	-0.0997395147299665885000000
0.0000000000031201425876137	-0.1017265593379893950000000
0.0000000000031401570324005	-0.1048202219648759480000000
0.0000000000031599807423260	-0.1006072849865158050000000
0.0000000000031800015449415	-0.1143299974616898830000000
0.0000000000032002130824184	-0.1052492392726673690000000
0.0000000000032202275272053	-0.1045557370134355680000000
0.0000000000032402419719921	-0.1091597223003948070000000
0.0000000000032600656819176	-0.1103267013028689790000000
0.0000000000032800864845331	-0.1127155034281169120000000
0.0000000000033001009293199	-0.1211462452466322140000000
0.0000000000033201217319355	-0.1176813301046817220000000
0.0000000000033401361767223	-0.1135261579196367030000000
0.0000000000033601506215092	-0.1104120504346016860000000
0.0000000000033799743314346	-0.1147505772141008960000000
0.0000000000034001858689115	-0.1220779462281877530000000
0.0000000000034200095788370	-0.1154392116545207010000000
0.0000000000034404182090040	-0.1168232954855422110000000
0.0000000000034600448262394	-0.1126609838306118910000000
0.0000000000034802563637163	-0.1120979391779135110000000
0.0000000000035002708085031	-0.1085664971569387650000000
0.0000000000035202916111187	-0.1135845717741221230000000
0.0000000000035403060559055	-0.0975194637494149336000000
0.0000000000035599326731409	-0.1058622602216554850000000
0.0000000000035801442106178	-0.1131075252958831100000000
0.0000000000035999679205433	-0.1163566336920318490000000
0.0000000000036199887231588	-0.1138286118772992710000000
0.0000000000036400031679457	-0.1129420193748802560000000
0.0000000000036602147054226	-0.1124338188410418940000000
0.0000000000036802291502094	-0.1052369074589767500000000
0.0000000000037002499528250	-0.1036908874484512580000000
0.0000000000037200736627504	-0.1078359994558251710000000
0.0000000000037402852002274	-0.1116572390982406990000000
0.0000000000037599118174627	-0.1134138735104692070000000
0.0000000000037801233549397	-0.1127320540202235020000000
0.0000000000038001377997265	-0.1202995688759845860000000
0.0000000000038201586023420	-0.1202466718854174050000000
0.0000000000038399823122675	-0.1179961158765147900000000
0.0000000000038601938497444	-0.1146976802236309570000000
0.0000000000038800175596699	-0.1143598534317672860000000
0.0000000000039002290971468	-0.1158737458278938230000000
0.0000000000039200464492435	-0.1158922435484956990000000
0.0000000000039402579867205	-0.1107235909915263580000000
0.0000000000039602787893360	-0.1118376730042034140000000
0.0000000000039801024992615	-0.1056717661522606630000000
0.0000000000040001169440483	-0.1099385736924280020000000
0.0000000000040199406539738	-0.1056701435451955500000000
0.0000000000040401521914507	-0.1026514453637311640000000
0.0000000000040599759013762	-0.1142900813277832190000000
0.0000000000040801874388531	-0.1143572572604569240000000
0.0000000000041002018836399	-0.1110870549746411920000000
0.0000000000041202226862555	-0.1193938296081540760000000
0.0000000000041402371310423	-0.1237670801923701070000000
0.0000000000041602515758291	-0.1271382086525567060000000
0.0000000000041802723784447	-0.1264067373825600300000000
0.0000000000042002868232315	-0.1272300482130865880000000
0.0000000000042199134404669	-0.1293738366834314150000000
0.0000000000042399342430824	-0.1276081156619501000000000
0.0000000000042601457805594	-0.1335741173679948210000000
0.0000000000042803573180363	-0.1437433204787227360000000
0.0000000000043001810279617	-0.1468155647368853680000000
0.0000000000043200047378872	-0.1446659348679309730000000
0.0000000000043402162753641	-0.1544856284508552000000000
0.0000000000043600336274609	-0.1658620513183717840000000
0.0000000000043802451649378	-0.1680107076393954070000000
0.0000000000044000688748632	-0.1861258178856312890000000
0.0000000000044200896774788	-0.1986909628598734210000000
0.0000000000044399133874042	-0.2048653074741770550000000
0.0000000000044601249248812	-0.2161320423122477240000000
0.0000000000044801393696680	-0.2332641774818809130000000
0.0000000000044999630795935	-0.2513721487070495470000000
0.0000000000045199775243803	-0.2781870301171827650000000
0.0000000000045401890618572	-0.3074682747480045880000000
0.0000000000045602098644728	-0.3380482545517011770000000
0.0000000000045802243092596	-0.3773990759123628250000000
0.0000000000046000480191851	-0.4166307985994696650000000
0.0000000000046202595566620	-0.4703303377724510350000000
0.0000000000046400832665874	-0.5278420320821816110000000
0.0000000000046602948040644	-0.5842162803061191620000000
0.0000000000046801185139898	-0.6338210119537726060000000
0.0000000000046999358660866	-0.6983605489522822780000000
0.0000000000047201474035635	-0.7715041273346835420000000
0.0000000000047399711134890	-0.8413573852254606630000000
0.0000000000047599919161045	-0.8871087558075420040000000
0.0000000000047803941884428	-0.9003907734682687900000000
0.0000000000048000208056782	-0.8887057263082402960000000
0.0000000000048200416082937	-0.8252027035196186630000000
0.0000000000048402531457707	-0.7182962294504687820000000
0.0000000000048600768556961	-0.5831155034430883790000000
0.0000000000048802883931730	-0.3890831461469571590000000
0.0000000000048999150104084	-0.1585840094474207100000000
0.0000000000049199294551952	0.0967302856396920624000000
0.0000000000049401409926722	0.4088027039595048540000000
0.0000000000049601617952877	0.7288453554890043090000000
0.0000000000049799855052132	1.0348109203354740600000000
0.0000000000050003877775515	1.2919045500948755900000000
0.0000000000050200207526155	1.4948959331822306800000000
0.0000000000050402259322638	1.6640498046065972400000000
0.0000000000050600496421892	1.7865657359017153000000000
0.0000000000050802611796661	1.8395428900000594400000000
0.0000000000051002819822817	1.8129347266278905700000000
0.0000000000051199085995171	1.6998127159838427600000000
0.0000000000051399230443039	1.5489527636618900500000000
0.0000000000051601345817808	1.3483793861312825000000000
0.0000000000051801553843964	1.0801085879240639400000000
0.0000000000051999790943218	0.7728877731668433170000000
0.0000000000052201906317987	0.4419032350859517510000000
0.0000000000052400143417242	0.0083017745880958390000000
0.0000000000052600287865110	-0.2706853926645244050000000
0.0000000000052802403239880	-0.5602325204090831120000000
0.0000000000053000640339134	-0.8825180741055862480000000
0.0000000000053202755713903	-1.0632197915185401800000000
0.0000000000053399021886257	-1.1935431214407337100000000
0.0000000000053601137261026	-1.2872029832436562300000000
0.0000000000053801281708895	-1.3263338029963180900000000
0.0000000000053999518808149	-1.3069488269920341800000000
0.0000000000054201634182919	-1.2252170803289439400000000
0.0000000000054399871282173	-1.1475778809902053000000000
0.0000000000054603957583843	-1.0196186952576453700000000
0.0000000000054802194683098	-0.8801062300272500800000000
0.0000000000055002339130966	-0.7382296385348745550000000
0.0000000000055198605303320	-0.5845985666108449720000000
0.0000000000055400720678089	-0.4570239843122176350000000
0.0000000000055602836052858	-0.3509165033293051290000000
0.0000000000055801073152113	-0.2778044193467224530000000
0.0000000000055999310251368	-0.2330061829466512080000000
0.0000000000056199454699236	-0.2166181754082005250000000
0.0000000000056401570074005	-0.2208986130193560940000000
0.0000000000056599807173260	-0.2412185222158658990000000
0.0000000000056801922548029	-0.2820137868679525870000000
0.0000000000057000159647284	-0.3407748837093720340000000
0.0000000000057202275022053	-0.3894758171005022200000000
0.0000000000057400512121307	-0.4293225081649729160000000
0.0000000000057602627496077	-0.4535506311305631530000000
0.0000000000057800864595331	-0.4675803429058857370000000
0.0000000000057999101694586	-0.4584171549396412470000000
0.0000000000058201217069355	-0.4225062595244351570000000
0.0000000000058401361517223	-0.3722654711370169120000000
0.0000000000058599598616478	-0.3042243584581230120000000
0.0000000000058801713991247	-0.2198286658766904210000000
0.0000000000058999951090502	-0.1241075031566889890000000
0.0000000000059202066465271	-0.0355890961853164503000000
0.0000000000059400239986238	0.0560093409581878948000000
0.0000000000059602355361008	0.1222532441229308150000000
0.0000000000059800592460262	0.1810185508697113860000000
0.0000000000060000800486418	0.2223129236489221060000000
0.0000000000060202915861187	0.2495555202359608370000000
0.0000000000060401152960442	0.2457660840484354460000000
0.0000000000060599326481409	0.2148924176669436690000000
0.0000000000060799534507565	0.1761361265965683540000000
0.0000000000061001649882334	0.1140684900982909530000000
0.0000000000061201794330202	0.0564545843149043131000000
0.0000000000061400031429457	-0.0040972146152510819200000
0.0000000000061600175877325	-0.0600651497311248950000000
0.0000000000061802291252094	-0.1180626427664641930000000
0.0000000000062000528351349	-0.1634310613640894690000000
0.0000000000062202643726118	-0.1908946601885736230000000
0.0000000000062402851752274	-0.2096302555536350700000000
0.0000000000062599117924627	-0.2258193314130812480000000
0.0000000000062801233299397	-0.2153995974542330940000000
0.0000000000062999470398651	-0.2019936173908186420000000
0.0000000000063199614846519	-0.1842682572657885210000000
0.0000000000063401730221289	-0.1484784124808710410000000
0.0000000000063599967320543	-0.1129822600301922800000000
0.0000000000063802082695312	-0.0799265090114280180000000
0.0000000000064002290721468	-0.0505122130559925858000000
0.0000000000064202435169336	-0.0203758572477667661000000
0.0000000000064402579617205	-0.0169904499619970908000000
0.0000000000064600816716459	0.0032749380778537362900000
0.0000000000064801024742615	0.0125588463286666618000000
0.0000000000064999198263582	0.0165851833479438091000000
0.0000000000065201313638351	0.0011528926306884920800000
0.0000000000065401521664507	-0.0052226548393796042000000
0.0000000000065599758763761	-0.0174814508459301445000000
0.0000000000065801874138531	-0.0482814529043824395000000
0.0000000000066000111237785	-0.0743895247164080564000000
0.0000000000066200255685654	-0.0918202187166637651000000
0.0000000000066402371060423	-0.1178328816051430470000000
0.0000000000066600608159678	-0.1232063071874384270000000
0.0000000000066802723534447	-0.1344055412359778660000000
0.0000000000067000960633701	-0.1455797871791734980000000
0.0000000000067201105081570	-0.1454382958411891140000000
0.0000000000067399342180824	-0.1524781389571960850000000
0.0000000000067601457555594	-0.1607673895543588190000000
0.0000000000067799694654848	-0.1640554405751932790000000
0.0000000000068001810029617	-0.1786193128799540290000000
0.0000000000068201954477486	-0.1909475571804883090000000
0.0000000000068400191576740	-0.2007357723513274180000000
0.0000000000068600336024609	-0.2062750285423442240000000
0.0000000000068802451399378	-0.2052800458546494010000000
0.0000000000069000688498632	-0.2118347295948047050000000
0.0000000000069202803873402	-0.2030690813904829360000000
0.0000000000069399133624042	-0.1971605198261965900000000
0.0000000000069599278071911	-0.1885048844325685480000000
0.0000000000069803300795294	-0.1699049391686304750000000
0.0000000000069999630545935	-0.1485374753788688550000000
0.0000000000070201745920704	-0.1240870583075043280000000
0.0000000000070399983019958	-0.0991553761879289675000000
0.0000000000070600127467827	-0.0759520953038925056000000
0.0000000000070800271915695	-0.0397786675342175627000000
0.0000000000071002387290464	-0.0213471498103639419000000
0.0000000000071200624389719	-0.0238453155807460820000000
0.0000000000071402739764488	-0.0167856769562371652000000
0.0000000000071600976863743	-0.0078684778360402964800000
0.0000000000071799213962997	-0.0108790628919161626000000
0.0000000000071999358410866	-0.0142316935097538920000000
0.0000000000072201473785635	-0.0342965274270669238000000
0.0000000000072399710884890	-0.0614936929697830759000000
0.0000000000072599918911045	-0.0759381408832567190000000
0.0000000000072802034285814	-0.1033903806202975950000000
0.0000000000073004149660584	-0.1348994628313525680000000
0.0000000000073202323181551	-0.1568182884074539040000000
0.0000000000073400560280806	-0.1684624414560837450000000
0.0000000000073600768306961	-0.1834413766828195960000000
0.0000000000073802883681730	-0.1937381168961369300000000
0.0000000000074001120780985	-0.2003044833789487390000000
0.0000000000074201265228853	-0.1990420950403292420000000
0.0000000000074399502328108	-0.1958296574687432570000000
0.0000000000074599646775976	-0.1808007458745654330000000
0.0000000000074799854802132	-0.1669952801163929740000000
0.0000000000075001970176901	-0.1463823286445053990000000
0.0000000000075202114624769	-0.1306576434036431090000000
0.0000000000075400351724024	-0.1147479810427897150000000
0.0000000000075600496171892	-0.1009860014747802070000000
0.0000000000075802611546661	-0.0949641821521404889000000
0.0000000000076000848645916	-0.0983518611713982832000000
0.0000000000076201056672071	-0.1001305630317839560000000
0.0000000000076399230193039	-0.1035386869058892710000000
0.0000000000076599438219194	-0.1031417972181991190000000
0.0000000000076801553593964	-0.1007085356671798690000000
0.0000000000076999790693218	-0.1078097132213583500000000
0.0000000000077201906067987	-0.1160038789149344380000000
0.0000000000077400143167242	-0.1235243381740226130000000
0.0000000000077602258542011	-0.1297249688550797530000000
0.0000000000077802402989880	-0.1360752039224086830000000
0.0000000000078000640089134	-0.1379863105436970330000000
0.0000000000078200784537002	-0.1418237762967222150000000
0.0000000000078400992563158	-0.1383806040648061230000000
0.0000000000078601137011026	-0.1442473022396567880000000
0.0000000000078799374110281	-0.1423008227797032950000000
0.0000000000078999518558149	-0.1366668064644042670000000
0.0000000000079201633932918	-0.1438422995109659990000000
0.0000000000079399871032173	-0.1378886295973248970000000
0.0000000000079601986406942	-0.1335828794462276810000000
0.0000000000079802194433098	-0.1414074153187870610000000
0.0000000000080000367954065	-0.1375018000688623680000000
0.0000000000080202483328835	-0.1409832658269071230000000
0.0000000000080400720428089	-0.1450440023190988910000000
0.0000000000080602835802858	-0.1521120787975004380000000
0.0000000000080801072902113	-0.1480747078372117440000000
0.0000000000080999310001368	-0.1494412675274056080000000
0.0000000000081201425376137	-0.1490596303400500700000000
0.0000000000081399662475391	-0.1427519075493947630000000
0.0000000000081601777850161	-0.1346505549051613400000000
0.0000000000081800014949415	-0.1271654684514407500000000
0.0000000000082002130324184	-0.1197897457337926270000000
0.0000000000082200303845152	-0.1214811513465533930000000
0.0000000000082400511871307	-0.1087053923218062880000000
0.0000000000082604534594690	-0.1046933340924614540000000
0.0000000000082800864345331	-0.0980448639155480362000000
0.0000000000083001008793200	-0.0932062496651554634000000
0.0000000000083199245892454	-0.0957297281625759805000000
0.0000000000083399390340322	-0.0917601822555524638000000
0.0000000000083601505715092	-0.0883280438103890980000000
0.0000000000083801713741247	-0.0815890321960820453000000
0.0000000000084001858189115	-0.0798986001701523091000000
0.0000000000084200095288370	-0.0842647112254071434000000
0.0000000000084400239736238	-0.0922135386673319513000000
0.0000000000084600447762394	-0.1075095309142095330000000
0.0000000000084802563137163	-0.1272203125706282130000000
0.0000000000085000800236418	-0.1322945294248999150000000
0.0000000000085202915611187	-0.1550957287175539490000000
0.0000000000085399181783541	-0.1713584706102216640000000
0.0000000000085599326231409	-0.1834725307393085260000000
0.0000000000085801441606178	-0.2046559911554318430000000
0.0000000000086001649632334	-0.2075137268204078620000000
0.0000000000086199886731588	-0.2118035755379769900000000
0.0000000000086400031179457	-0.2160311161488114310000000
0.0000000000086602146554226	-0.2263775082676701410000000
0.0000000000086802291002094	-0.2276308100195243430000000
0.0000000000087002499028250	-0.2397455194500094640000000
0.0000000000087202643476118	-0.2354245166289500030000000
0.0000000000087400880575373	-0.2289090999219008940000000
0.0000000000087601088601528	-0.2152834187838112140000000
0.0000000000087799262122496	-0.1948509008561407350000000
0.0000000000088001377497265	-0.1855845161535060180000000
0.0000000000088201585523420	-0.1671257377271824770000000
0.0000000000088399822622675	-0.1501052383483925940000000
0.0000000000088601937997444	-0.1348644145184072770000000
0.0000000000088800175096699	-0.1199039772716970350000000
0.0000000000089002290471468	-0.0995074819202030059000000
0.0000000000089200463992435	-0.0937527437222957227000000
0.0000000000089402579367205	-0.0859525470824675925000000
0.0000000000089600816466459	-0.0731232421765341673000000
0.0000000000089801024492615	-0.0631873701997599097000000
0.0000000000089999198013582	-0.0640171714411469778000000
0.0000000000090201313388351	-0.0657329161282782515000000
0.0000000000090399550487606	-0.0668583563737286807000000
0.0000000000090601665862375	-0.0794591981808444314000000
0.0000000000090799902961630	-0.0933860345271718267000000
0.0000000000091002018336399	-0.1034857899156231280000000
0.0000000000091200255435654	-0.1202132461797193880000000
0.0000000000091402370810423	-0.1402050634693639270000000
0.0000000000091600607909678	-0.1626440969219788700000000
0.0000000000091802723284447	-0.1840232435922354580000000
0.0000000000092000960383701	-0.1974467477217476120000000
0.0000000000092201104831570	-0.2079605928223604020000000
0.0000000000092399341930824	-0.2231845419481842120000000
0.0000000000092601457305594	-0.2297518820691084870000000
0.0000000000092799694404848	-0.2306923451663191460000000
0.0000000000093001809779617	-0.2266728227663730440000000
0.0000000000093200046878872	-0.2267928956944214310000000
0.0000000000093402162253641	-0.2255778874713607610000000
0.0000000000093602306701510	-0.2135628061851379540000000
0.0000000000093800543800764	-0.1999845052550134340000000
0.0000000000094002659175533	-0.1789168990232619380000000
0.0000000000094200896274788	-0.1628290741310219890000000
0.0000000000094403011649557	-0.1529636229988578230000000
0.0000000000094601248748812	-0.1363516961691254860000000
0.0000000000094799422269779	-0.1201934503734350960000000
0.0000000000094999630295935	-0.1136549929209212110000000
0.0000000000095199774743803	-0.1034913067796377900000000
0.0000000000095401890118572	-0.1006582348482600030000000
0.0000000000095602098144728	-0.1034864389584492640000000
0.0000000000095800271665695	-0.1111714305421557110000000
0.0000000000096002387040464	-0.1120927468352962280000000
0.0000000000096200624139719	-0.1116994268820072220000000
0.0000000000096402739514488	-0.1281377346118574570000000
0.0000000000096602947540644	-0.1387291400662283570000000
0.0000000000096799213712997	-0.1516911745181969690000000
0.0000000000096999358160866	-0.1616053038587517980000000
0.0000000000097201473535635	-0.1743667841790021990000000
0.0000000000097399710634890	-0.1864260002011442480000000
0.0000000000097601826009659	-0.1898776100498919820000000
0.0000000000097800063108913	-0.1774030065933093760000000
0.0000000000098002178483683	-0.1769295298399377320000000
0.0000000000098202322931551	-0.1774335116068964380000000
0.0000000000098400560030806	-0.1685954952383150180000000
0.0000000000098602675405575	-0.1619733111482026530000000
0.0000000000098800912504829	-0.1500481225788409530000000
0.0000000000098999149604084	-0.1446996850953308770000000
0.0000000000099201264978853	-0.1507756995978881960000000
0.0000000000099399502078108	-0.1409670397560644770000000
0.0000000000099599646525976	-0.1426152840328126230000000
0.0000000000099799854552132	-0.1392029413345204080000000
0.0000000000100001969926901	-0.1419655921559504210000000
