2000.5035200340207600000000000	0.0613363596867106259000000
2019.9394024080247600000000000	0.0745807269003615631000000
2040.1509398849448200000000000	0.0723574308195649857000000
2060.1653846717817900000000000	0.0803844675319958652000000
2079.7983597358688700000000000	0.0805408868443646675000000
2100.0098972127889300000000000	0.0708120599332864170000000
2120.0243419996259000000000000	0.0646824998052612232000000
2140.2358794765459600000000000	0.0685543645823289416000000
2160.4474169534660200000000000	0.0655103538870917546000000
2180.2711268789280400000000000	0.0629897962018746982000000
2200.0948368043900700000000000	0.0617536942026783928000000
2219.9121889011439600000000000	0.0605743834474796392000000
2240.1237263780640200000000000	0.0712517864245122007000000
2260.1445289936091300000000000	0.0655236592643349824000000
2279.9682389190711500000000000	0.0701802167756859496000000
2299.9826837058935800000000000	0.0751817405246699294000000
2320.1942211828281800000000000	0.0738362748191575963000000
2340.2150237983732900000000000	0.0706141018818672722000000
2360.2294685852102700000000000	0.0747715454808754315000000
2380.0531785106577400000000000	0.0689996079375456428000000
2400.2647159875923500000000000	0.0845146513233249880000000
2420.0884259130398200000000000	0.0760602199418811825000000
2440.1028706998768000000000000	0.0681266453824416890000000
2459.9265806253388300000000000	0.0764629509934442175000000
2480.1381181022588800000000000	0.0800842852416624451000000
2499.9618280277209100000000000	0.0769584951640031878000000
2520.1733655046409700000000000	0.0755062619200431440000000
2539.9970754301029900000000000	0.0617332493546971228000000
2560.2086129070230500000000000	0.0674172416107449574000000
2580.0259650037769400000000000	0.0680828349939844313000000
2600.0467676193220500000000000	0.0810396762283473460000000
2620.2583050962421100000000000	0.0769507066505184800000000
2640.0820150217041300000000000	0.0743181890914446641000000
2660.2935524986241900000000000	0.0814187172175679236000000
2680.1109045953780800000000000	0.0773706373359329819000000
2699.9346145208401100000000000	0.0699569460553681050000000
2720.1461519977601700000000000	0.0788962124144775290000000
2739.9698619232221900000000000	0.0613207826596753949000000
2759.9906645387673000000000000	0.0738232939633376856000000
2780.2022020156873600000000000	0.0805788558475721700000000
2800.0195541124267000000000000	0.0764262800757767591000000
2820.2310915893467600000000000	0.0787803582764343841000000
2840.0548015148087800000000000	0.0854966530632674249000000
2860.0756041303684400000000000	0.0901480182082000092000000
2880.2871416072885000000000000	0.0813625750162526029000000
2899.9137588426528900000000000	0.0774352170935735523000000
2920.1252963195729500000000000	0.0716846979663787881000000
2939.9490062450349800000000000	0.0756208179726029217000000
2960.1605437219550300000000000	0.0735075346454968914000000
2980.1749885087920100000000000	0.0729285884758332087000000
2999.9986984342540300000000000	0.0756230896223715476000000
3020.2102359111740900000000000	0.0792989434657448977000000
3040.0339458366361200000000000	0.0711631920834790432000000
3060.2454833135561700000000000	0.0694633490122764513000000
3080.0691932390182000000000000	0.0817841283081634923000000
3100.4714655773132100000000000	0.0914626543756333343000000
3119.9073479513172000000000000	0.0885364449645800605000000
3140.1188854282372600000000000	0.0888541514095620294000000
3159.9425953536992900000000000	0.0832360370283730527000000
3179.9570401405362600000000000	0.0810510344771693952000000
3200.1685776174563200000000000	0.0826924636921945733000000
3220.1893802330014300000000000	0.0792901813880786538000000
3240.0067323297553200000000000	0.0788069690308326881000000
3260.2182698066753800000000000	0.0745453540682572274000000
3280.0419797321374000000000000	0.0800826626346878429000000
3300.2535172090574600000000000	0.0724921071987567611000000
3320.0772271345194900000000000	0.0724664700085002611000000
3340.2887646114395400000000000	0.0802066298075659323000000
3360.1124745368870200000000000	0.0821287700294573153000000
3379.9361844623490400000000000	0.0901084265981161314000000
3400.1477219392691000000000000	0.0818642850926858956000000
3419.9714318647311300000000000	0.0814067099259580818000000
3440.1829693416511800000000000	0.0805980026098725849000000
3460.0066792671132100000000000	0.0853788517970571065000000
3480.2182167440332700000000000	0.0876212946326330039000000
3500.0355688407871600000000000	0.0833979732043257233000000
3520.2471063177072200000000000	0.0858464871265529755000000
3540.0708162431692400000000000	0.0867499546887190581000000
3560.2823537200893000000000000	0.0883933310297093933000000
3579.9089709554682400000000000	0.0899438942512807566000000
3600.1205084323883000000000000	0.0801303672797490790000000
3619.9442183578503300000000000	0.0814141739180396229000000
3639.9650209733954400000000000	0.0797325040494942516000000
3660.3672933116904400000000000	0.0783549107274574275000000
3680.0002683757775200000000000	0.0716496496556460194000000
3700.4025407140725200000000000	0.0769143602542517041000000
3720.0291579494514700000000000	0.0931170644420467875000000
3740.2406954263715300000000000	0.0914211156371967787000000
3760.2614980419166300000000000	0.0834959786655261188000000
3780.0852079673786600000000000	0.0738080414577482330000000
3800.0996527542156400000000000	0.0694270026159392178000000
3819.9233626796776600000000000	0.0641746238200485569000000
3840.1349001565977200000000000	0.0730629403335955330000000
3860.1493449434201400000000000	0.0703032103847032880000000
3879.9730548688821700000000000	0.0702658904241872939000000
3900.1845923458022200000000000	0.0725245593383171544000000
3920.0083022712642500000000000	0.0728993815502309711000000
3940.0227470581012300000000000	0.0720011063271579488000000
3960.0435496736463300000000000	0.0814521429212385073000000
3980.2550871505663900000000000	0.0778067940910610045000000
4000.4666246274864500000000000	0.0784441541111144808000000
4020.0932418628653900000000000	0.0716473780058751175000000
4040.1140444784105000000000000	0.0794657474627887966000000
4059.9313965751643900000000000	0.0828109140012775885000000
4080.1429340520844500000000000	0.0810597965548318367000000
4099.9666439775464800000000000	0.0841628701315575989000000
4120.1781814544665300000000000	0.0878082189557690129000000
4140.0018913799285600000000000	0.0914084593028280795000000
4160.2134288568486200000000000	0.0847372730000129637000000
4180.2278736436855900000000000	0.0965900923979679110000000
4200.2486762592307000000000000	0.0895521969285189429000000
4220.0723861846927300000000000	0.0802916544130410775000000
4240.0868309715297000000000000	0.0682058286030595290000000
4260.1076335870748100000000000	0.0676937338401706890000000
4280.3191710639948700000000000	0.0595641483396180046000000
4300.1365231607487600000000000	0.0573901795023303435000000
4319.9602330861962300000000000	0.0498126048766828269000000
4340.1717705631308400000000000	0.0480348766603324873000000
4359.9954804885783200000000000	0.0495374107315226728000000
4380.2070179655129300000000000	0.0249513450448634842000000
4400.2214627523353500000000000	0.0161253365232950814000000
4420.0451726777973800000000000	-0.0032297689064235118200000
4440.2567101547174300000000000	-0.0194418846469221404000000
4460.0804200801794600000000000	-0.0409258507046812159000000
4480.1012226957245700000000000	-0.0791184507002692106000000
4500.1156674825615400000000000	-0.1128122108094419820000000
4520.1301122693985200000000000	-0.1638737085802818850000000
4539.9538221948605400000000000	-0.1986896647741810130000000
4560.1653596717806000000000000	-0.2465173081142384150000000
4580.1861622873257100000000000	-0.3021834431395249430000000
4600.0098722127877400000000000	-0.3561357817170976990000000
4620.2150518609996600000000000	-0.4275850202929141200000000
4640.0387617864616900000000000	-0.4806053363261764690000000
4660.2502992633817400000000000	-0.5493321685548127050000000
4680.0740091888437700000000000	-0.6187151857086901070000000
4700.2855466657638300000000000	-0.6962073487888031930000000
4720.1092565912258500000000000	-0.7455832959580487310000000
4739.9329665166878800000000000	-0.7775775475213114740000000
4760.1445039936079400000000000	-0.7927021974325516580000000
4780.1589487804449100000000000	-0.7810139058727244560000000
4800.1797513959900200000000000	-0.7309924843656702140000000
4820.0034613214520400000000000	-0.6228281710410826790000000
4840.2149987983721000000000000	-0.4605907996804071150000000
4860.2294435852090800000000000	-0.2245024234627855110000000
4880.0531535106711000000000000	0.0416859400291624341000000
4900.2646909875911600000000000	0.3703543849420447560000000
4920.0884009130531900000000000	0.7627812041481781820000000
4940.4906732513481900000000000	1.1126782027295099000000000
4959.9265556253376400000000000	1.4602221184120913700000000
4980.1380931022576900000000000	1.7807434965437283200000000
5000.1525378890946700000000000	2.0206459933621987400000000
5019.9762478145566900000000000	2.2371128753166691400000000
5040.1877852914767500000000000	2.3782492440712621500000000
5060.0114952169387800000000000	2.4611940378391987700000000
5080.2230326938588300000000000	2.4336905093130041200000000
5100.2374774806958100000000000	2.3229663475412403200000000
5120.0611874061578400000000000	2.1472759063126671800000000
5140.2727248830778900000000000	1.9014330276151798500000000
5160.4842623599979500000000000	1.5699171719901066100000000
5179.9201447340019400000000000	1.1627148567009673000000000
5199.9345895208389200000000000	0.7552357577817713220000000
5220.1461269977589800000000000	0.2806521326050275820000000
5240.1669296133040900000000000	-0.1203235834613218400000000
5260.1813744001410600000000000	-0.5172275838276970680000000
5280.0050843256030900000000000	-0.8191185739409106990000000
5300.2166218025231400000000000	-1.0671364424805369600000000
5320.0403317279851700000000000	-1.2291379505651864900000000
5340.0547765148075900000000000	-1.3309858208398859200000000
5360.2663139917422000000000000	-1.3706933170480595200000000
5380.0900239171896800000000000	-1.3436613120362110900000000
5400.1108265327493400000000000	-1.2676726221859209200000000
5419.9281786294886800000000000	-1.1610124263152810100000000
5440.1397161064087300000000000	-0.9992131035939266770000000
5459.9634260318707600000000000	-0.8179214140321192650000000
5480.3720561988884500000000000	-0.6298865134157063390000000
5500.1957661243359300000000000	-0.4405528976846004310000000
5520.0131182210898200000000000	-0.2556584277624870390000000
5540.0339208366349300000000000	-0.1093115983219198760000000
5560.0483656234719000000000000	0.0048865113589032860600000
5580.2599031003919600000000000	0.0786226408784198166000000
5600.2807057159370700000000000	0.0987030511911951153000000
5619.9073229513160100000000000	0.0919903261622878193000000
5639.9217677381529900000000000	0.0638890449912685177000000
5660.1333052150730400000000000	0.0169395607173238733000000
5679.9570151405350700000000000	-0.0440165925781361225000000
5700.1685526174551300000000000	-0.1224193427565416770000000
5720.1893552330002400000000000	-0.1957456064201205660000000
5740.0067073297541300000000000	-0.2664033323616282200000000
5760.0275099452992400000000000	-0.3079988672988624440000000
5780.2390474222192900000000000	-0.3141550389830858880000000
5800.0627573476813200000000000	-0.3114151044776717890000000
5820.0772021345183000000000000	-0.2642287142449309960000000
5840.2887396114383500000000000	-0.1933983429662239350000000
5859.9153568468027400000000000	-0.1191530347186992720000000
5880.1268943237228000000000000	-0.0233513940032691603000000
5900.1476969392824600000000000	0.0727264116463389315000000
5919.9714068647299400000000000	0.1703486121672810050000000
5939.9858516515669100000000000	0.2608495133860322390000000
5960.1973891284869700000000000	0.3231767651663253190000000
5980.2181917440466300000000000	0.3864814747259689430000000
6000.2326365308690500000000000	0.4161284494717645280000000
6020.2470813177060300000000000	0.4356026526152670940000000
6040.2678839332511300000000000	0.4173061375399024220000000
6059.8945011686300800000000000	0.3840732015963543300000000
6079.9089459554670500000000000	0.3292066969000952410000000
6100.1204834323871100000000000	0.2761883410092201280000000
6120.1412860479322200000000000	0.2230878807148901080000000
6139.9649959733942400000000000	0.1459666711802973250000000
6159.9794407602312200000000000	0.0808336051425623536000000
6180.0002433757763300000000000	0.0266602747358244789000000
6200.4025157140713300000000000	-0.0241244039885608677000000
6220.0291329494502800000000000	-0.0381774789173388723000000
6240.2406704263703400000000000	-0.0477008841075397330000000
6260.2614730419154400000000000	-0.0610137258070556562000000
6280.0851829673774700000000000	-0.0613937403760511508000000
6300.0996277542144400000000000	-0.0442963300304813137000000
6319.9233376796764700000000000	-0.0117598139802451793000000
6340.1348751565965300000000000	0.0324215031391884637000000
6359.9585850820585500000000000	0.0674999945667313500000000
6379.9730298688809800000000000	0.1137657116393556990000000
6400.1845673458010300000000000	0.1450586603317163550000000
6420.2053699613606900000000000	0.1667772542913508460000000
6440.0227220581000400000000000	0.1907058387892291980000000
6460.2342595350200900000000000	0.2152143428807729300000000
6480.0579694604821200000000000	0.2184890881746749110000000
6500.2695069374021800000000000	0.2022289441684488880000000
6520.0932168628642000000000000	0.1951219258151703770000000
6540.1140194784093100000000000	0.1861063971755853860000000
6559.9313715751632000000000000	0.1695045320371280640000000
6580.1429090520832600000000000	0.1467510393792665900000000
6600.1637116676283700000000000	0.1209035596552213150000000
6619.9874215930904000000000000	0.0930631938906609918000000
6640.1989590700104500000000000	0.0845088099382206026000000
6660.0163111667643400000000000	0.0739978864741060449000000
6680.0371137823094500000000000	0.0503717552446620448000000
6700.2486512592295100000000000	0.0549666537093907726000000
6720.0723611846915400000000000	0.0410560439954387804000000
6740.2838986616115900000000000	0.0346224072673999989000000
6759.9105158969905400000000000	0.0134662081656053804000000
6780.1220533739106000000000000	0.0114343796741915530000000
6799.9457632993726200000000000	0.0119276522037637840000000
6820.1573007762926800000000000	-0.0028082156046821335500000
6839.9810107017547000000000000	-0.0096955333347609334900000
6860.1925481786747600000000000	-0.0176878464587573898000000
6880.2069929655117400000000000	-0.0211040832786312284000000
6900.0307028909592100000000000	-0.0160571264049058464000000
6920.0451476777961900000000000	-0.0070993621113012135900000
6940.2566851547162400000000000	0.0079811474438453676500000
6960.0803950801782700000000000	0.0286317422381690591000000
6980.1011976957233800000000000	0.0573155395810326096000000
7000.1156424825603500000000000	0.0770279427425815261000000
7019.9393524080223800000000000	0.1059499384214788590000000
7039.9537971948593500000000000	0.1371198935653513140000000
7060.1653346717794100000000000	0.1794309922432108790000000
7080.3768721486994700000000000	0.2132558563225396280000000
7100.0098472127865400000000000	0.2386675033127092230000000
7120.0242919996235200000000000	0.2487224738464192120000000
7140.2358294765435800000000000	0.2527238224946485310000000
7160.0595394020056000000000000	0.2442810741997823160000000
7180.2710768789256600000000000	0.2345376441859134960000000
7200.2855216657626400000000000	0.2277048464484469620000000
7219.9121389011415800000000000	0.1988487294132413600000000
7239.9329415166866900000000000	0.1669365942929553480000000
7259.9473863035236600000000000	0.1379269782632374100000000
7280.1589237804437200000000000	0.1090163410613697870000000
7300.1797263959888300000000000	0.0756172482372531457000000
7320.1941711828258000000000000	0.0466446269921813456000000
7340.0178811082878300000000000	0.0166179600094014633000000
7360.0323258951102500000000000	0.0114204252539493335000000
7380.2438633720448600000000000	0.0001592080975549442770000
7400.0675732974923400000000000	0.0037785952934408719100000
7420.4762034645100300000000000	0.0102453332605255115000000
7439.9057280097913400000000000	0.0327667939078421233000000
7459.9265306253364400000000000	0.0424479162727023004000000
7480.1380681022565000000000000	0.0634788499462605599000000
7499.9617780277185300000000000	0.0840911509033428345000000
7520.1733155046385900000000000	0.1008056252987188230000000
7540.1877602914755600000000000	0.1131747581840902710000000
7560.0114702169375900000000000	0.1272473038146657850000000
7580.2230076938576400000000000	0.1333401929295195410000000
7600.0467176193196700000000000	0.1407905550107591000000000
7620.0611624061566400000000000	0.1338876605155997770000000
7640.0819650217017500000000000	0.1265356284037778000000000
7660.2935024986218100000000000	0.1158614707898547170000000
7679.9201197340007500000000000	0.1116225723645500320000000
7699.9345645208377300000000000	0.1142177699387325470000000
7719.9553671363828400000000000	0.1044246878747916720000000
7740.1669046133029000000000000	0.0943314234978080146000000
7759.9906145387649200000000000	0.0797620354964380385000000
7780.2021520156849800000000000	0.0799840081306080614000000
7800.0195041124388700000000000	0.0818545494508438470000000
7820.2310415893589300000000000	0.0886058925429525773000000
7840.0547515148209500000000000	0.1000420264602904370000000
7860.0755541303660600000000000	0.0959147633778047321000000
7880.2870916072861200000000000	0.0986738442657834891000000
7900.1108015327481500000000000	0.0956888964878140902000000
7919.9281536294874900000000000	0.1097802644194904590000000
7940.1396911064075400000000000	0.0973919847614943546000000
7960.1604937219672000000000000	0.0947335055046959612000000
7980.1749385087896300000000000	0.0988903000351984002000000
7999.8015557441685700000000000	0.0956489803563913693000000
8020.2101859111717100000000000	0.0944183952313438213000000
8040.2246306980086900000000000	0.1005453591413100480000000
8060.2454333135537900000000000	0.0964242619658291778000000
8080.0691432390158200000000000	0.1016983836514952640000000
8100.0835880258528000000000000	0.0971015381142610601000000
8119.9072979513148200000000000	0.1124046689201547430000000
8139.9217427381518000000000000	0.1145179522264973690000000
8160.1332802150718500000000000	0.1143225903484062080000000
8179.9569901405338800000000000	0.1199413537288319260000000
8200.1685276174539400000000000	0.1288802954547394190000000
8219.9922375429159600000000000	0.1524012812914776470000000
8240.0066823297529400000000000	0.1536600997602682320000000
8260.4153124967560800000000000	0.1741679043806423630000000
8280.0419297321350200000000000	0.1701827817380489600000000
8300.0627323476801300000000000	0.1743415233230569130000000
8320.0771771345171000000000000	0.1725959227783970820000000
8340.2887146114371600000000000	0.1765077035853077900000000
8360.1124245368991900000000000	0.1708438318053091260000000
8380.3239620138192400000000000	0.1726196128397071430000000
8399.9505792491836400000000000	0.1652536263734034890000000
8419.9713818647433000000000000	0.1597701884714430590000000
8440.1829193416633500000000000	0.1323280107117926480000000
8460.0066292671253800000000000	0.1110559580133833880000000
8480.2181667440454400000000000	0.1039599732400270930000000
8500.0355188407847800000000000	0.0961639958081384888000000
8520.2470563177048400000000000	0.0848894735340735007000000
8540.2678589332499400000000000	0.0680653108385988193000000
8560.0915688587119700000000000	0.0484982932162658087000000
8580.1060136455489400000000000	0.0313388997515343659000000
8599.9297235710109700000000000	0.0193789880843951226000000
8620.1412610479310300000000000	0.0175558268569321954000000
8640.1557058347680000000000000	0.0170008952620520383000000
8659.7886808988550800000000000	0.0198271521382071131000000
8680.1909532371500900000000000	0.0130806767413615219000000
8700.2117558526951900000000000	0.0076384528439774300500000
8720.0291079494490900000000000	0.0243078191089918030000000
8740.2406454263691400000000000	0.0457797774667783111000000
8760.0643553518311700000000000	0.0640386493549837260000000
8780.2758928287512300000000000	0.0767079646468661336000000
8799.9025100641301700000000000	0.1039528337693803040000000
8819.9233126796752800000000000	0.1157722274070322880000000
8840.1348501565953400000000000	0.1361456803512172690000000
8859.9585600820573600000000000	0.1625383559164214900000000
8879.9730048688797900000000000	0.1847456790003118020000000
8900.1845423458144000000000000	0.2054271024240107430000000
8920.5931725128175400000000000	0.2247549470662122680000000
8939.8319621967239000000000000	0.2291077523916760510000000
8960.0434996736439500000000000	0.2462810994831765850000000
8980.0579444604809300000000000	0.2375277842140850470000000
9000.2694819374009900000000000	0.2449216794098956760000000
9020.2902845529606500000000000	0.2484145030541451420000000
9040.1139944784081200000000000	0.2147528734714257430000000
9059.9313465751620100000000000	0.1881379010568581260000000
9079.9521491907071200000000000	0.1622806859339318560000000
9099.9665939775441000000000000	0.1557850658160809530000000
9120.1781314544641500000000000	0.1414376506626371650000000
9140.0018413799261800000000000	0.1169950240121663260000000
9160.0162861667631600000000000	0.0849852073454717000000000
9180.0370887823082600000000000	0.0660750211164533308000000
9200.2486262592283200000000000	0.0596725384861223618000000
9220.2630710460653000000000000	0.0423388770828990596000000
9240.2838736616104000000000000	0.0328813499617229416000000
9259.9104908969893500000000000	0.0290818534192105876000000
9279.9249356838263200000000000	0.0307836436374191100000000
9299.9457382993714300000000000	0.0295478661487616756000000
9320.1572757762914900000000000	0.0352299113261366065000000
9339.9809857017535100000000000	0.0668240164987243118000000
9359.9954304885904900000000000	0.0694717865685648139000000
9380.0098752754129100000000000	0.0801349105792782263000000
9400.0306778909725700000000000	0.1058889283996243960000000
9420.2422153678926300000000000	0.1189648688609679790000000
9440.0659252933546600000000000	0.1503817846855878550000000
9460.4681976316496600000000000	0.1670475806077311720000000
9479.9040800056391000000000000	0.1790730451529863600000000
9499.9185247924760800000000000	0.1913756509309895710000000
9519.9393274080211900000000000	0.1942479897219576420000000
9540.1508648849412400000000000	0.1872889531091397330000000
9560.1653096717782200000000000	0.1833453692154180530000000
9579.9890195972402500000000000	0.1842387765938706680000000
9600.0098222127853500000000000	0.1749003491526067990000000
9620.2150018609972800000000000	0.1583192533421989290000000
9640.0387117864593000000000000	0.1439848190526780420000000
9660.0595144020044100000000000	0.1260186658275180840000000
9680.2710518789244700000000000	0.1048111928538049410000000
9700.2854966657614400000000000	0.0943015675295754835000000
9719.9121139011403900000000000	0.0905436097876324286000000
9739.9329165166855000000000000	0.0857598399142211060000000
9760.1444539936055500000000000	0.0960968198796525730000000
9779.9681639190675800000000000	0.0943025410937589764000000
9800.1797013959876400000000000	0.0987160320469332997000000
9820.1941461828246100000000000	0.1018135887460743240000000
9840.0178561082866400000000000	0.1176288142906432300000000
9860.2293935852067000000000000	0.1221412842428595410000000
9880.0531035106687200000000000	0.1355443422146012100000000
9900.0675482975057000000000000	0.1413023252429731760000000
9920.2790857744257500000000000	0.1420821501433061630000000
9940.1027956998732300000000000	0.1610098601762089410000000
9959.9265056253352500000000000	0.1622625127361728430000000
9979.9409504121722300000000000	0.1451582883983884850000000
10000.1524878890923000000000000	0.1298363354726509710000000
