0.0000000000020003509321449	-0.1175924112371789510000000
0.0000000000020199775493803	-0.1139736729492779460000000
0.0000000000020401890868572	-0.1171916272906250440000000
0.0000000000020602098894728	-0.1116900157610117710000000
0.0000000000020798365067081	-0.1154427813900740230000000
0.0000000000021000480441851	-0.1162722581243675330000000
0.0000000000021202595816620	-0.1220231021090998210000000
0.0000000000021404711191389	-0.1275886443770289650000000
0.0000000000021602948290644	-0.1276142815688411370000000
0.0000000000021799214462997	-0.1158782891276897990000000
0.0000000000022001329837767	-0.1159055489264713550000000
0.0000000000022199566937021	-0.1122472190281956360000000
0.0000000000022401682311791	-0.1083737314374840640000000
0.0000000000022599919411045	-0.1048951864112394050000000
0.0000000000022802034785814	-0.1105425080428114460000000
0.0000000000023000208306782	-0.1306268138691511200000000
0.0000000000023202323681551	-0.1253160209062209600000000
0.0000000000023402531707706	-0.1147444113072362690000000
0.0000000000023604647082476	-0.1050188290695409780000000
0.0000000000023800913254829	-0.1323691693505388840000000
0.0000000000023999150354084	-0.1306242176978262000000000
0.0000000000024201265728853	-0.1251099498076337080000000
0.0000000000024399502828108	-0.1275724183062614540000000
0.0000000000024601618202877	-0.1306122104054472380000000
0.0000000000024799855302132	-0.1211679881814126810000000
0.0000000000025001970676901	-0.1134054359537125660000000
0.0000000000025200207776155	-0.0997044664174440709000000
0.0000000000025402259572638	-0.1022509859406203340000000
0.0000000000025600496671892	-0.1120628908652420150000000
0.0000000000025802612046661	-0.1301212095035458040000000
0.0000000000026000849145916	-0.1319537819382304850000000
0.0000000000026201057172071	-0.1318733006271036730000000
0.0000000000026401201619940	-0.1297577455180607690000000
0.0000000000026599438719194	-0.1241990181956665330000000
0.0000000000026799583167063	-0.1297243198122502720000000
0.0000000000027001698541832	-0.1350591273681249200000000
0.0000000000027199935641087	-0.1388570015043805170000000
0.0000000000027402051015856	-0.1294179715959484220000000
0.0000000000027600288115110	-0.1202018879302112620000000
0.0000000000027802403489880	-0.1263275541572494440000000
0.0000000000028000640589134	-0.1335663288540101800000000
0.0000000000028200785037003	-0.1332171438103877390000000
0.0000000000028400993063158	-0.1318619423775507500000000
0.0000000000028599166584125	-0.1410309704751871170000000
0.0000000000028799374610281	-0.1487214790227301690000000
0.0000000000029001489985050	-0.1455178035884478470000000
0.0000000000029201634432919	-0.1418114444828777190000000
0.0000000000029401842459074	-0.1292832952084953800000000
0.0000000000029600079558329	-0.1264443818667269070000000
0.0000000000029800224006197	-0.1334670253007143870000000
0.0000000000030004310307867	-0.1286349014203189700000000
0.0000000000030200576480221	-0.1357824856049104080000000
0.0000000000030402691854990	-0.1410332421251073160000000
0.0000000000030600928954245	-0.1411724618129526760000000
0.0000000000030799166053499	-0.1380534864769235870000000
0.0000000000031001217849981	-0.1319550800238921410000000
0.0000000000031201425876137	-0.1339651656743401640000000
0.0000000000031399662975391	-0.1250044803477390050000000
0.0000000000031601778350161	-0.1202398569357103620000000
0.0000000000031800015449415	-0.1151477914247651810000000
0.0000000000032000159897284	-0.1117130567813779120000000
0.0000000000032200304345152	-0.1189797402833653870000000
0.0000000000032402419719921	-0.1125191679728322490000000
0.0000000000032600656819176	-0.1146305042909530470000000
0.0000000000032802772193945	-0.1184773811339337870000000
0.0000000000033001009293199	-0.1228493336311123620000000
0.0000000000033201217319355	-0.1103056074109938780000000
0.0000000000033401361767223	-0.1211040574627327560000000
0.0000000000033601506215092	-0.1340647937490709600000000
0.0000000000033799743314346	-0.1358201300891979100000000
0.0000000000033999951340502	-0.1297937673951909120000000
0.0000000000034200095788370	-0.1378785694334126730000000
0.0000000000034402211163139	-0.1348540298330885840000000
0.0000000000034600448262394	-0.1361462741125783470000000
0.0000000000034802563637163	-0.1433188464650785590000000
0.0000000000035000800736418	-0.1353395138717239100000000
0.0000000000035202916111187	-0.1245809799011138170000000
0.0000000000035403060559055	-0.1250680865450903840000000
0.0000000000035599326731409	-0.1306936652807870470000000
0.0000000000035799534757565	-0.1428135666186423350000000
0.0000000000035999679205433	-0.1472202429445830520000000
0.0000000000036199887231588	-0.1437368300503794880000000
0.0000000000036400031679457	-0.1309545804990245860000000
0.0000000000036602147054226	-0.1230515104725569960000000
0.0000000000036802291502094	-0.1215999261843240530000000
0.0000000000037002499528250	-0.1306060444985482070000000
0.0000000000037200736627504	-0.1289091220163970930000000
0.0000000000037402852002274	-0.1284392150067906470000000
0.0000000000037599118174627	-0.1336520025078444810000000
0.0000000000037801233549397	-0.1310314920745515310000000
0.0000000000038001377997265	-0.1365554956185882910000000
0.0000000000038201586023420	-0.1468369831504419690000000
0.0000000000038399823122675	-0.1238822852946760140000000
0.0000000000038599967570543	-0.1492332492985847520000000
0.0000000000038800175596699	-0.1477255227918078390000000
0.0000000000039002290971468	-0.1446516559255701380000000
0.0000000000039202435419336	-0.1370104746443659700000000
0.0000000000039400672518591	-0.1410864636374742630000000
0.0000000000039602787893360	-0.1453964325783491660000000
0.0000000000039799054065714	-0.1379915028863631930000000
0.0000000000040001169440483	-0.1361465986339958360000000
0.0000000000040199406539738	-0.1409362102214640200000000
0.0000000000040401521914507	-0.1437069740799983840000000
0.0000000000040599759013762	-0.1533647314718347980000000
0.0000000000040801874388531	-0.1499520642391321270000000
0.0000000000041002018836399	-0.1598311452602516610000000
0.0000000000041202226862555	-0.1607391561908889650000000
0.0000000000041400400383522	-0.1612126329414731440000000
0.0000000000041602515758291	-0.1591318016023003660000000
0.0000000000041802723784447	-0.1504459858372195760000000
0.0000000000042002868232315	-0.1649910358278899590000000
0.0000000000042199134404669	-0.1585807642329429000000000
0.0000000000042399342430824	-0.1450891107961088940000000
0.0000000000042601457805594	-0.1540183176083617930000000
0.0000000000042803573180363	-0.1454253149844933760000000
0.0000000000042999839352716	-0.1510022155476556380000000
0.0000000000043201954727486	-0.1595822373318623030000000
0.0000000000043400191826740	-0.1800218944630150030000000
0.0000000000043600336274609	-0.1672480823024873330000000
0.0000000000043802451649378	-0.1851944414041704900000000
0.0000000000044002659675533	-0.2146690997249743880000000
0.0000000000044200896774788	-0.2276197762909944470000000
0.0000000000044401041222656	-0.2319693369845125530000000
0.0000000000044599278321911	-0.2439542378638855920000000
0.0000000000044801393696680	-0.2685425776440972240000000
0.0000000000044999630795935	-0.2881154388841309920000000
0.0000000000045199775243803	-0.3163864483966935540000000
0.0000000000045401890618572	-0.3528152782981353040000000
0.0000000000045600127717827	-0.3870347667587847320000000
0.0000000000045802243092596	-0.4306777097636390050000000
0.0000000000046000480191851	-0.4771170551171988180000000
0.0000000000046204502915234	-0.5361786641770618370000000
0.0000000000046400832665874	-0.6111765515790237300000000
0.0000000000046600977113743	-0.6766270195894259490000000
0.0000000000046801185139898	-0.7362211749132937520000000
0.0000000000047001329587767	-0.7923543103626574660000000
0.0000000000047201474035635	-0.8609321995507619450000000
0.0000000000047399711134890	-0.9070152317443491710000000
0.0000000000047599919161045	-0.9114903838518032540000000
0.0000000000047802034535814	-0.9333303595136264170000000
0.0000000000048000208056782	-0.9034188839909854660000000
0.0000000000048200416082937	-0.7801402939464691100000000
0.0000000000048402531457707	-0.5916630747454409980000000
0.0000000000048600768556961	-0.3782538654060899060000000
0.0000000000048802883931730	-0.1289178840949708190000000
0.0000000000048999150104084	0.1531213942538205700000000
0.0000000000049201265478853	0.4536564256671515300000000
0.0000000000049401409926722	0.7820396003187127800000000
0.0000000000049601617952877	1.0968603815707238500000000
0.0000000000049799855052132	1.3704205551006043400000000
0.0000000000050001970426901	1.5947550682119304700000000
0.0000000000050200207526155	1.7890674717748866700000000
0.0000000000050402259322638	1.8717526187173194600000000
0.0000000000050600496421892	1.9105047008066782200000000
0.0000000000050802611796661	1.8704655665872054200000000
0.0000000000051000848895916	1.7505834466690899400000000
0.0000000000051201056922071	1.6097336791676553100000000
0.0000000000051399230443039	1.3753854080189786800000000
0.0000000000051601345817808	1.0862770903137275400000000
0.0000000000051801553843964	0.7875038911462217680000000
0.0000000000051999790943218	0.4110597501210342950000000
0.0000000000052201906317987	0.0564682142130048317000000
0.0000000000052400143417242	-0.3047906483669218240000000
0.0000000000052600287865110	-0.6036846485748453840000000
0.0000000000052802403239880	-0.8826465846354520920000000
0.0000000000053000640339134	-1.1043175296380751700000000
0.0000000000053202755713903	-1.2463327288506114100000000
0.0000000000053399021886257	-1.3227971660740485100000000
0.0000000000053601137261026	-1.3693692686713951900000000
0.0000000000053801281708895	-1.3608749142324541000000000
0.0000000000053999518808149	-1.3184291047036804600000000
0.0000000000054201634182919	-1.2077347761856498400000000
0.0000000000054399871282173	-1.0659237053307941700000000
0.0000000000054603957583843	-0.9307429491943119970000000
0.0000000000054800223756197	-0.7731945599134099070000000
0.0000000000055002339130966	-0.6330622807108269300000000
0.0000000000055200576230221	-0.4998640626746885250000000
0.0000000000055400720678089	-0.3821916086573944330000000
0.0000000000055602836052858	-0.3071651717251430160000000
0.0000000000055801073152113	-0.2548124003921700130000000
0.0000000000055999310251368	-0.2289681628216967690000000
0.0000000000056199454699236	-0.2459575086480927650000000
0.0000000000056401570074005	-0.2867469319924476070000000
0.0000000000056599807173260	-0.3000747028424017300000000
0.0000000000056801922548029	-0.3478737902735246080000000
0.0000000000057000159647284	-0.3999624032445850960000000
0.0000000000057200304095152	-0.4662884229680895330000000
0.0000000000057402419469921	-0.4925691446380411340000000
0.0000000000057600656569176	-0.5011391075177265010000000
0.0000000000057802771943945	-0.4927716460325385900000000
0.0000000000057999101694586	-0.4590321231065188080000000
0.0000000000058201217069355	-0.3897867086491335060000000
0.0000000000058401361517223	-0.3150289752177172220000000
0.0000000000058599598616478	-0.2263265584036431020000000
0.0000000000058801713991247	-0.1295101356780024860000000
0.0000000000058999951090502	-0.0398864086410527785000000
0.0000000000059202066465271	0.0474796205487386172000000
0.0000000000059400239986238	0.1244564198496662940000000
0.0000000000059602355361008	0.1667191649628547710000000
0.0000000000059802563387163	0.2009642843279957900000000
0.0000000000060000800486418	0.2143653949378163110000000
0.0000000000060202915861187	0.2159321841841078670000000
0.0000000000060401152960442	0.1843338613602529820000000
0.0000000000060599326481409	0.1406010345189121490000000
0.0000000000060801441856178	0.0884994495256281599000000
0.0000000000061001649882334	0.0223434910750285008000000
0.0000000000061199886981588	-0.0352051873625059755000000
0.0000000000061402002356358	-0.1018949859510839690000000
0.0000000000061600175877325	-0.1549769538784182550000000
0.0000000000061802291252094	-0.2001058762675393120000000
0.0000000000062000528351349	-0.2231030870700714540000000
0.0000000000062204614653019	-0.2413817564946436620000000
0.0000000000062402851752274	-0.2581832044957477200000000
0.0000000000062599117924627	-0.2561215198442082780000000
0.0000000000062801233299397	-0.2426405751181656410000000
0.0000000000063001377747265	-0.2172642975672582350000000
0.0000000000063201585773420	-0.1888871706682517530000000
0.0000000000063401730221289	-0.1527296430563073460000000
0.0000000000063598059971929	-0.1072625701188351520000000
0.0000000000063802082695312	-0.0770372948982081113000000
0.0000000000064002290721468	-0.0426425689435468228000000
0.0000000000064202435169336	-0.0172838173110140027000000
0.0000000000064402579617205	0.0032359955096343171400000
0.0000000000064600816716459	0.0118445747251067976000000
0.0000000000064801024742615	0.0131377925079198890000000
0.0000000000064999198263582	-0.0046914133033238584000000
0.0000000000065201313638351	-0.0179987379636416395000000
0.0000000000065401521664507	-0.0332002941195935070000000
0.0000000000065599758763761	-0.0512053907816267598000000
0.0000000000065799903211630	-0.0706623963297743490000000
0.0000000000066000111237785	-0.0971381510902979833000000
0.0000000000066200255685654	-0.1148080175043648680000000
0.0000000000066402371060423	-0.1285274848317939090000000
0.0000000000066600608159678	-0.1392847207315186520000000
0.0000000000066802723534447	-0.1467711053026828640000000
0.0000000000067000960633701	-0.1654242719231585890000000
0.0000000000067203076008471	-0.1769580877249910260000000
0.0000000000067399342180824	-0.1813488625555765290000000
0.0000000000067603364904207	-0.1976781314967352990000000
0.0000000000067799694654848	-0.2097159292098350610000000
0.0000000000067999839102716	-0.2208333842126432020000000
0.0000000000068201954477486	-0.2391045896281802090000000
0.0000000000068400191576740	-0.2542594158742114140000000
0.0000000000068600336024609	-0.2659743150281848600000000
0.0000000000068802451399378	-0.2720879742973243980000000
0.0000000000069000688498632	-0.2711189532985069370000000
0.0000000000069204774800303	-0.2532608634321972250000000
0.0000000000069399133624042	-0.2242810998493083300000000
0.0000000000069599278071911	-0.1983995426214283100000000
0.0000000000069803300795294	-0.1753137376849540630000000
0.0000000000069999630545935	-0.1505069958637972050000000
0.0000000000070201745920704	-0.1144510439490691450000000
0.0000000000070399983019958	-0.0808163467182055201000000
0.0000000000070600127467827	-0.0450537629932765554000000
0.0000000000070802242842596	-0.0108566709150999634000000
0.0000000000071000479941851	0.0040988979169780002600000
0.0000000000071202595316620	0.0101346714627281401000000
0.0000000000071400832415874	0.0118497670675230884000000
0.0000000000071600976863743	0.0109901098761192705000000
0.0000000000071801184889898	-0.0064730358039405159700000
0.0000000000071999358410866	-0.0345064927764151264000000
0.0000000000072201473785635	-0.0529808474007469679000000
0.0000000000072399710884890	-0.0839158507090241035000000
0.0000000000072599918911045	-0.1221594011032880180000000
0.0000000000072802034285814	-0.1512482027825211020000000
0.0000000000073002178733683	-0.1742418434320225640000000
0.0000000000073202323181551	-0.1853125672018068880000000
0.0000000000073402531207706	-0.2075331981058943230000000
0.0000000000073600768306961	-0.2288286186078976880000000
0.0000000000073802883681730	-0.2297697307476266330000000
0.0000000000074001120780985	-0.2221421791257553180000000
0.0000000000074201265228853	-0.2144500477626573030000000
0.0000000000074399502328108	-0.2139927970739836930000000
0.0000000000074599646775976	-0.2017190722660451300000000
0.0000000000074801762150745	-0.1808987513438663760000000
0.0000000000075001970176901	-0.1655547295338846980000000
0.0000000000075200207276155	-0.1556302154938628280000000
0.0000000000075400351724024	-0.1436206513830321770000000
0.0000000000075602467098793	-0.1255113827981083620000000
0.0000000000075800704198048	-0.1233318969749895850000000
0.0000000000076000848645916	-0.1285372204742578070000000
0.0000000000076199085745171	-0.1263324219784754120000000
0.0000000000076399230193039	-0.1284470035207613820000000
0.0000000000076601345567808	-0.1319073753757655510000000
0.0000000000076799582667063	-0.1387012312244008670000000
0.0000000000077001698041832	-0.1463323523462104760000000
0.0000000000077201906067987	-0.1521026676763757300000000
0.0000000000077400143167242	-0.1533348755013524970000000
0.0000000000077600287615110	-0.1632120094059357760000000
0.0000000000077802402989880	-0.1641274843303349440000000
0.0000000000078000640089134	-0.1769983283812048840000000
0.0000000000078200784537002	-0.1856559108663677630000000
0.0000000000078400992563158	-0.1714172089873182980000000
0.0000000000078599166084125	-0.1735545070629614660000000
0.0000000000078799374110281	-0.1654697049219166770000000
0.0000000000078999518558149	-0.1655563521409805780000000
0.0000000000079199726584305	-0.1654171324519234930000000
0.0000000000079401841959074	-0.1693058726269489610000000
0.0000000000079600079058329	-0.1675988899574392120000000
0.0000000000079802194433098	-0.1662803594284646410000000
0.0000000000080000367954065	-0.1628436775948940710000000
0.0000000000080200575980221	-0.1654340075657506900000000
0.0000000000080400720428089	-0.1687681406337973870000000
0.0000000000080602835802858	-0.1640680969105558770000000
0.0000000000080801072902113	-0.1672798854016453170000000
0.0000000000080999310001368	-0.1692636848423252630000000
0.0000000000081201425376137	-0.1672104378177783620000000
0.0000000000081397691548491	-0.1602643813547134090000000
0.0000000000081601777850161	-0.1529571325704905390000000
0.0000000000081800014949415	-0.1410089030188406140000000
0.0000000000082002130324184	-0.1295318786128153150000000
0.0000000000082200303845152	-0.1131571770721908620000000
0.0000000000082400511871307	-0.0971670334959626320000000
0.0000000000082604534594690	-0.0967256843756817003000000
0.0000000000082800864345331	-0.0979812577187758882000000
0.0000000000083001008793200	-0.0918007474319779138000000
0.0000000000083201216819355	-0.0928090354574236387000000
0.0000000000083399390340322	-0.1014270260742746320000000
0.0000000000083601505715092	-0.1078132829569036360000000
0.0000000000083801713741247	-0.1108151060301235530000000
0.0000000000084001858189115	-0.1250628942024500920000000
0.0000000000084200095288370	-0.1375102376256896460000000
0.0000000000084400239736238	-0.1411611035633637550000000
0.0000000000084598476835493	-0.1560102300750198790000000
0.0000000000084802563137163	-0.1659019674530013420000000
0.0000000000085000800236418	-0.1815718087722247580000000
0.0000000000085202915611187	-0.2042441734678717980000000
0.0000000000085399181783541	-0.2182209867312161490000000
0.0000000000085599326231409	-0.2372152258707635190000000
0.0000000000085801441606178	-0.2512829053137092260000000
0.0000000000085999678705433	-0.2675407799820042620000000
0.0000000000086199886731588	-0.2798722699236418920000000
0.0000000000086400031179457	-0.2802753255447730800000000
0.0000000000086600175627325	-0.2797586874217240500000000
0.0000000000086804261928995	-0.2814760548512792450000000
0.0000000000087002499028250	-0.2793338888645993670000000
0.0000000000087200736127504	-0.2625859867567181260000000
0.0000000000087400880575373	-0.2500208414715822670000000
0.0000000000087601088601528	-0.2277161591549002880000000
0.0000000000087799262122496	-0.2167103394931596820000000
0.0000000000088001377497265	-0.2053877869675878600000000
0.0000000000088199614596519	-0.1777888625630628940000000
0.0000000000088399822622675	-0.1511829739774966100000000
0.0000000000088601937997444	-0.1373210416398974450000000
0.0000000000088800175096699	-0.1173860156177394110000000
0.0000000000089002290471468	-0.0918422861726411882000000
0.0000000000089200463992435	-0.0743778419456629647000000
0.0000000000089400672018591	-0.0605876291981500836000000
0.0000000000089600816466459	-0.0605577732286022227000000
0.0000000000089801024492615	-0.0516496605880698498000000
0.0000000000089999198013582	-0.0665094958593099722000000
0.0000000000090201313388351	-0.0742486824246592903000000
0.0000000000090399550487606	-0.0855968716162591875000000
0.0000000000090599758513761	-0.1047906905163067810000000
0.0000000000090799902961630	-0.1169021541891846620000000
0.0000000000091002018336399	-0.1556149629871913520000000
0.0000000000091200255435654	-0.1777849683060010450000000
0.0000000000091402370810423	-0.1973321916592346010000000
0.0000000000091602515258291	-0.2160080751275850470000000
0.0000000000091800752357546	-0.2428985696543968790000000
0.0000000000092000960383701	-0.2545621943690694610000000
0.0000000000092201104831570	-0.2758712451664353530000000
0.0000000000092399341930824	-0.2778813309265182330000000
0.0000000000092601457305594	-0.2733370572933506160000000
0.0000000000092799694404848	-0.2784304211925525130000000
0.0000000000092999838852717	-0.2758001749724914300000000
0.0000000000093200046878872	-0.2721927947201984720000000
0.0000000000093402162253641	-0.2556120211976877780000000
0.0000000000093602306701510	-0.2492338770036162660000000
0.0000000000093800543800764	-0.2238241736803410490000000
0.0000000000094002659175533	-0.1988710722500344200000000
0.0000000000094200896274788	-0.1796344158858496910000000
0.0000000000094403011649557	-0.1570412346221095600000000
0.0000000000094601248748812	-0.1392373406046865660000000
0.0000000000094797514921165	-0.1388855593890432060000000
0.0000000000094999630295935	-0.1289266461728381940000000
0.0000000000095199774743803	-0.1151688853166750040000000
0.0000000000095401890118572	-0.1224319990916839660000000
0.0000000000095602098144728	-0.1250833390515994630000000
0.0000000000095800271665695	-0.1383303032452395940000000
0.0000000000096002387040464	-0.1524859274712335450000000
0.0000000000096200624139719	-0.1697722099077543230000000
0.0000000000096402739514488	-0.1872564505206894550000000
0.0000000000096602947540644	-0.1886366401300868520000000
0.0000000000096799213712997	-0.2081218799705167600000000
0.0000000000096999358160866	-0.2305310580167790330000000
0.0000000000097203444462536	-0.2328234773827013710000000
0.0000000000097399710634890	-0.2323792075478936790000000
0.0000000000097601826009659	-0.2336007062027306570000000
0.0000000000097800063108913	-0.2180412018611656010000000
0.0000000000098002178483683	-0.2049474113945638220000000
0.0000000000098202322931551	-0.1941359801608709130000000
0.0000000000098400560030806	-0.1872003083146285830000000
0.0000000000098602675405575	-0.1720789081636099890000000
0.0000000000098800912504829	-0.1556581243358599040000000
0.0000000000099001120530985	-0.1410299969109384540000000
0.0000000000099201264978853	-0.1416300370108118380000000
0.0000000000099399502078108	-0.1589640240286942780000000
0.0000000000099599646525976	-0.1662985326279726170000000
0.0000000000099801761900745	-0.1671176246916862560000000
0.0000000000099999999000000	-0.1804058033045972680000000
