-1999.6134240142855500000000000	0.0478748876112404034000000
-1979.5926213987404500000000000	0.0428094331103149942000000
-1959.7752693019865500000000000	0.0400974077845756838000000
-1939.5637318250665000000000000	0.0476013160729358356000000
-1919.7400218996044700000000000	0.0496224353376979663000000
-1899.9163119741424400000000000	0.0424329882883874229000000
-1880.0926020486804200000000000	0.0337147209144813068000000
-1859.8810645717603600000000000	0.0350936123386125926000000
-1839.8666197849233800000000000	0.0386412802694871965000000
-1819.8458171693782800000000000	0.0454364338277667215000000
-1800.0221072439162500000000000	0.0474260745181267554000000
-1779.8105697669961900000000000	0.0427627020289734761000000
-1759.7961249801592200000000000	0.0409878945017847149000000
-1739.7816801933367900000000000	0.0392231471370817694000000
-1719.7608775777771400000000000	0.0299320994856154439000000
-1699.7464327909547100000000000	0.0603572786331182387000000
-1679.7256301753950500000000000	0.0546132499079051495000000
-1659.7111853885726300000000000	0.0573616216194020728000000
-1640.0845681531936800000000000	0.0513862091331950127000000
-1619.8730306762736300000000000	0.0480949131189122928000000
-1600.0493207508116000000000000	0.0273459884532360926000000
-1579.8377832738915400000000000	0.0511434671278990505000000
-1559.8169806583464400000000000	0.0569339024182343445000000
-1539.8025358715094600000000000	0.0393094698290886863000000
-1519.9788259460474300000000000	0.0323858057852851808000000
-1499.7672884691273800000000000	0.0282737951345370386000000
-1479.9435785436653500000000000	0.0354557782197510649000000
-1459.7320410667452900000000000	0.0437184175465483715000000
-1439.9083311412832700000000000	0.0300317275552031970000000
-1419.8938863544462900000000000	0.0282309583097978198000000
-1399.8794415676093200000000000	0.0432024285234973993000000
-1379.8586389520642100000000000	0.0563358094836082235000000
-1359.8441941652272300000000000	0.0583478421444953779000000
-1339.8233915496821300000000000	0.0348661228379808230000000
-1319.8089467628451500000000000	0.0354885548810338763000000
-1299.7881441473000400000000000	0.0286534851719355901000000
-1279.9707920505607000000000000	0.0279113047312636968000000
-1259.7592545736260900000000000	0.0322981850075144406000000
-1239.9355446481786200000000000	0.0445949498427514468000000
-1219.7240071712440100000000000	0.0366584545237060647000000
-1199.9002972457965400000000000	0.0454451959055099941000000
-1180.0765873203345100000000000	0.0474098484482359250000000
-1159.8650498434144500000000000	0.0392250942654764762000000
-1140.0413399179524300000000000	0.0329611822258986595000000
-1119.8298024410323700000000000	0.0354995886085970047000000
-1099.8153576541953900000000000	0.0277506666384980741000000
-1079.7945550386502900000000000	0.0157261752005114566000000
-1059.7801102518133100000000000	0.0076832367973702882600000
-1039.7656654649763400000000000	0.0342466114874069444000000
-1019.7448628494312300000000000	0.0353188301894239651000000
-999.7304180625942530000000000	0.0293411460173377825000000
-979.3217878955911140000000000	0.0263441908925641094000000
-960.0829982116702000000000000	0.0268871151941874227000000
-939.8714607347501430000000000	0.0264035783087052528000000
-919.8570159479131680000000000	0.0387301991326938280000000
-899.8362133323680600000000000	0.0294550530285348292000000
-879.6246758554480030000000000	0.0219323224611770659000000
-859.8009659299859770000000000	0.0271369966718880314000000
-839.9836138332320840000000000	0.0435701112676064456000000
-819.9628112176869760000000000	0.0242815328756012840000000
-799.9483664308500000000000000	0.0234880780528351485000000
-779.7368289539299430000000000	0.0294790676120908896000000
-759.7160263383848350000000000	0.0290016966335466392000000
-739.8923164129228090000000000	0.0383612183025122955000000
-720.0749643161834680000000000	0.0420766637931129645000000
-700.0541617006383600000000000	0.0429450830547514623000000
-680.0397169138013840000000000	0.0338182432407585706000000
-659.8281794368813270000000000	0.0430239417545089375000000
-639.8073768213216680000000000	0.0493167361811536961000000
-619.7929320344992440000000000	0.0437278286670906985000000
-599.7784872476622690000000000	0.0401976848966972417000000
-579.7576846321171610000000000	0.0350754391402739937000000
-559.7432398452801860000000000	0.0390933385776712980000000
-539.7224372297350780000000000	0.0359665749015126018000000
-519.8987273042730520000000000	0.0481143844027735954000000
-499.8842825174360760000000000	0.0435337648710152070000000
-479.8698377305991010000000000	0.0346460973295219452000000
-459.8490351150539930000000000	0.0210515713812410472000000
-439.8345903282170180000000000	0.0307628742678641466000000
-419.8137877126719100000000000	0.0263497077563592114000000
-399.9900777872098840000000000	0.0385241280446083842000000
-379.7848981389979600000000000	0.0261319538971668888000000
-359.7640955234528520000000000	0.0206098977555877853000000
-339.9403855979908250000000000	0.0263850805889234361000000
-319.9259408111538500000000000	0.0214679323376268834000000
-299.7144033342337930000000000	0.0277737076578670160000000
-279.8906934087717670000000000	0.0275085736744198027000000
-260.0669834833097410000000000	0.0268744588595989063000000
-239.8554460063896840000000000	0.0251304808575546594000000
-219.6439085294696270000000000	0.0246112466178490183000000
-199.8201986040076010000000000	0.0308151222131476284000000
-179.8057538171851770000000000	0.0201503754528680260000000
-159.7849512016255170000000000	0.0161905653248206396000000
-139.7705064148030940000000000	0.0243321582139425195000000
-119.7560616279661190000000000	0.0308449781818809603000000
-99.7352590124210109000000000	0.0402966639232137727000000
-79.7208142255840357000000000	0.0310974558304895170000000
-59.8971043001220096000000000	0.0312752935572868720000000
-39.8826595132850343000000000	0.0408889154752831580000000
-19.6711220363649772000000000	0.0594236305748252341000000
0.1525878890970489010000000	0.0366970725701555797000000
19.9762978145590750000000000	0.0264113668222975551000000
40.1878352914791321000000000	0.0332860281463611407000000
60.0115452169411582000000000	0.0337984474354239076000000
80.0259900037781335000000000	0.0307398332485139883000000
100.2375274806981910000000000	0.0257980213768588297000000
120.4490649576182480000000000	0.0307862398086125137000000
140.2727748830802740000000000	0.0288842198869504567000000
160.0964848085423000000000000	0.0454533089404601659000000
179.9201947340043260000000000	0.0196243262630247939000000
200.1317322109243830000000000	0.0041965788589027061900000
220.3432696878444400000000000	0.0066811147096810102900000
240.1669796133064660000000000	0.0045850309767553870000000
260.1814244001434410000000000	0.0071834738391684449200000
280.0051343256054680000000000	0.0241023970628541327000000
300.4137644926086070000000000	0.0238966504953362149000000
320.4282092794455820000000000	0.0197366106675290580000000
340.2519192049076080000000000	0.0230126542018894535000000
360.2663639917300310000000000	0.0202068421765120923000000
380.2871666072896910000000000	0.0367191400252549968000000
400.1108765327371650000000000	0.0351899951940747649000000
420.1253213195741410000000000	0.0297007157278678102000000
440.1397661064111160000000000	0.0190233126296244538000000
460.1605687219562240000000000	0.0194614165200731395000000
480.1750135087931990000000000	0.0206692851718256361000000
500.1958161243383070000000000	0.0161788825543957189000000
520.2102609111752820000000000	0.0123002027720915137000000
540.2247056980122570000000000	-0.0045687442131462936000000
560.2455083135573650000000000	0.0067797692157390236000000
580.2599531003943410000000000	-0.0198660341219782655000000
600.2807557159394490000000000	-0.0135333234495025895000000
620.1044656414014750000000000	-0.0419983939521322847000000
640.1189104282384500000000000	-0.0650738131473592718000000
659.9426203537004760000000000	-0.0917822497115329816000000
680.3448926919954820000000000	-0.1314267591589732550000000
700.1686026174575080000000000	-0.1426065219545515630000000
720.1894052330026160000000000	-0.1700805052569865080000000
740.2038500198395920000000000	-0.1864636446861317190000000
760.2182948066765670000000000	-0.2250683888310694160000000
780.2390974222216750000000000	-0.2971040336120491790000000
800.2535422090586500000000000	-0.3555834462184462860000000
820.2743448246037580000000000	-0.4299978373140169730000000
840.2887896114407330000000000	-0.5058222768123072920000000
860.3095922269858410000000000	-0.5780120786431161000000000
880.1269443237251830000000000	-0.6573734837565528010000000
900.1477469392702910000000000	-0.7581182638907122400000000
920.1621917261072660000000000	-0.8563678041723261630000000
940.1829943416523740000000000	-0.9381108864815200790000000
960.3945318185724310000000000	-1.0180755951919309200000000
980.2182417440344570000000000	-1.0797872673529358400000000
1000.0355938407883500000000000	-1.1258050778926636000000000
1020.2471313177084100000000000	-1.1413227271382966300000000
1040.2679339332535200000000000	-1.1331778840516262300000000
1060.2823787200904900000000000	-1.0344324559748905300000000
1080.1060886455525200000000000	-0.8828263695683649100000000
1100.1205334323894900000000000	-0.6578855786751380830000000
1120.1413360479346000000000000	-0.3502745999146533170000000
1140.3528735248546600000000000	0.0466621511464547778000000
1160.1765834503166800000000000	0.4950069389623922290000000
1180.3881209272367400000000000	1.0048718761985784300000000
1200.0147381626156800000000000	1.4926687427220699500000000
1220.2262756395357400000000000	1.9296141477510673200000000
1240.0499855649977700000000000	2.3288184447060200600000000
1260.4522579032927700000000000	2.6945146936885069300000000
1280.2759678287548000000000000	2.9703691593628867000000000
1300.0996777542168300000000000	3.1901352962855482600000000
1320.1141225410392500000000000	3.2780553950187183400000000
1340.3256600179593100000000000	3.2606133204496678900000000
1360.1493699434213300000000000	3.1312342672189656900000000
1379.9730798688833600000000000	2.9000719144666371400000000
1400.1846173458034200000000000	2.5618100118502544700000000
1420.2054199613485200000000000	2.1458561246877629900000000
1440.0227720581024200000000000	1.6534635909220276600000000
1460.2343095350224700000000000	1.0660811513012165000000000
1480.0580194604845000000000000	0.4683445875293286150000000
1500.2695569374045600000000000	-0.0860998798055769010000000
1520.2903595529496700000000000	-0.6357412056128404210000000
1539.9169767883286100000000000	-1.0778443566297133400000000
1560.1285142652486700000000000	-1.4199683626222521200000000
1580.1429590520856400000000000	-1.6842098446500846100000000
1600.3544965290057000000000000	-1.8399942547248135900000000
1620.1782064544677200000000000	-1.9086500912023405300000000
1640.0019163799297500000000000	-1.8974261791459878800000000
1660.2134538568498100000000000	-1.8070896909909663900000000
1680.2278986436867800000000000	-1.6494655724243350000000000
1700.2487012592318900000000000	-1.4590943190853837800000000
1720.2631460460688700000000000	-1.2194594177363729000000000
1740.2839486616139700000000000	-0.9604428372241778920000000
1760.2983934484509500000000000	-0.7023391825707692160000000
1779.9250106838153400000000000	-0.4688781042313528990000000
1799.9458132993750000000000000	-0.2790135862095411420000000
1820.3480856376700100000000000	-0.1168687284837412050000000
1839.9810607017570900000000000	0.0078539350544504452800000
1860.1925981786771400000000000	0.0784951039701406034000000
1880.4041356555972000000000000	0.0798081175345288774000000
1900.0307528909615900000000000	0.0546018916590037887000000
1920.2422903678816500000000000	-0.0078509536803387236500000
1940.2567351547186200000000000	-0.0881258669714539145000000
1960.2775377702637300000000000	-0.1877240858903824470000000
1980.1012476957257600000000000	-0.3035792098408032770000000
2000.1156924825627300000000000	-0.3879096765858696670000000
2020.1301372693997100000000000	-0.4317817317563091840000000
2040.1509398849448200000000000	-0.4696650687755917210000000
2060.3624773618648700000000000	-0.4832582992926728330000000
2079.9890945972438200000000000	-0.4424737401907301030000000
2100.2006320741638700000000000	-0.3735427875526962090000000
2120.0243419996259000000000000	-0.2560867960511575280000000
2140.2358794765459600000000000	-0.1520082319437653100000000
2160.4474169534660200000000000	-0.0097412908526899200800000
2180.2711268789280400000000000	0.1054109083878636690000000
2200.2855716657650200000000000	0.2460390065314576320000000
2219.9121889011439600000000000	0.3541990617636547320000000
2239.9329915166890700000000000	0.4447947205246366440000000
2260.1445289936091300000000000	0.4974178082351183860000000
2280.1589737804461000000000000	0.5271825839128710940000000
2299.9826837058935800000000000	0.5414696372731422350000000
2320.1942211828281800000000000	0.5275161918824647910000000
2340.2150237983732900000000000	0.4699983484456967670000000
2360.4265612752933500000000000	0.3526546645296632090000000
2380.0531785106577400000000000	0.2771434074338964830000000
2400.0676232974947200000000000	0.2028971337016647610000000
2420.2791607744147700000000000	0.1059898545527505760000000
2440.1028706998768000000000000	0.0505119484883545106000000
2460.1173154867137800000000000	-0.0426217995735538313000000
2480.1381181022588800000000000	-0.1012806669172692800000000
2500.1525628890958600000000000	-0.1356646843308060570000000
2520.1733655046409700000000000	-0.1454447862695366080000000
2540.1878102914779400000000000	-0.1584415445442402540000000
2560.2086129070230500000000000	-0.1373687462881137410000000
2580.2230576938600200000000000	-0.1040614909018076490000000
2600.2375024806970000000000000	-0.0468090992817488463000000
2620.2583050962421100000000000	0.0071730891542958761100000
2640.2727498830790800000000000	0.0621733003683514127000000
2660.2935524986241900000000000	0.1154947616167861230000000
2680.1109045953780800000000000	0.1452306566683071450000000
2699.9346145208401100000000000	0.1966734625624897150000000
2720.1461519977601700000000000	0.2339784938418325020000000
2740.1669546133052800000000000	0.2602702427190348720000000
2759.9906645387673000000000000	0.2578051783001105160000000
2780.2022020156873600000000000	0.2442161699231526760000000
2800.2166468025243300000000000	0.2188506049971929430000000
2820.2310915893467600000000000	0.2109939422684096730000000
2840.2518942049064200000000000	0.1850406689410230560000000
2860.2663389917288400000000000	0.1426912767923614040000000
2880.2871416072885000000000000	0.1137374782782513420000000
2900.1108515327505300000000000	0.0883787275669604272000000
2920.1252963195729500000000000	0.0601856068142753442000000
2940.1397411064099300000000000	0.0390923650134732750000000
2960.1605437219550300000000000	0.0100541901552276842000000
2980.1749885087920100000000000	0.0110261317516427218000000
3000.1957911243371200000000000	-0.0009870014949192864810000
3020.4073286012571700000000000	-0.0147256150859084462000000
3040.0339458366361200000000000	-0.0161661655965419857000000
3060.2454833135561700000000000	-0.0155885174980370193000000
3080.2599281003931500000000000	-0.0273926590544883164000000
3100.4714655773132100000000000	-0.0445260911862871076000000
3119.9073479513172000000000000	-0.0636790201335330347000000
3139.9217927381541800000000000	-0.0651069143310366583000000
3160.1333302150742300000000000	-0.0682813827515501570000000
3180.1541328306193400000000000	-0.0700195194182555575000000
3200.1685776174563200000000000	-0.0571791808504022170000000
3220.1893802330014300000000000	-0.0525200270023510052000000
3240.2038250198384000000000000	-0.0211342637692184115000000
3260.2182698066753800000000000	0.0179786782417253287000000
3280.0419797321374000000000000	0.0478654764907058064000000
3300.4506098991405400000000000	0.0886263373907794361000000
3320.0772271345194900000000000	0.1355806886103316230000000
3340.2887646114395400000000000	0.1654931231579685470000000
3360.1124745368870200000000000	0.2204096057288566780000000
3380.1269193237239900000000000	0.2492972012152943060000000
3400.1477219392691000000000000	0.2722291801575977830000000
3420.1621667261060800000000000	0.2770752579438930380000000
3440.1829693416511800000000000	0.2765566727768437590000000
3460.0066792671132100000000000	0.2514510496321706870000000
3480.2182167440332700000000000	0.2348167325758454270000000
3500.2326615308702400000000000	0.2026774327235267570000000
3520.2471063177072200000000000	0.1763688084314419810000000
3540.0708162431692400000000000	0.1414688047160671810000000
3560.2823537200893000000000000	0.0904890901933657066000000
3580.1060636455513300000000000	0.0425108734239575195000000
3600.1205084323883000000000000	0.0051824748772053511800000
3619.9442183578503300000000000	-0.0302601301883945809000000
3639.9650209733954400000000000	-0.0623514030518539306000000
3660.3672933116904400000000000	-0.0704738493910607999000000
3680.0002683757775200000000000	-0.0744184071218628451000000
3700.4025407140725200000000000	-0.0454097629762701197000000
3720.2262506395345500000000000	-0.0329302923103443057000000
3740.2406954263715300000000000	-0.0155677481282059608000000
3760.2614980419166300000000000	0.0120256576668589972000000
3780.2759428287536100000000000	0.0519265372598853164000000
3800.0996527542156400000000000	0.0716798301454438514000000
3819.9233626796776600000000000	0.0974494250481486440000000
3840.1349001565977200000000000	0.0976668543818040302000000
3860.1493449434201400000000000	0.1351500487250850980000000
3880.1701475589798000000000000	0.1230320954626239330000000
3900.1845923458022200000000000	0.1175989583225862250000000
3920.2053949613618800000000000	0.1132961291847993800000000
3940.2198397481843100000000000	0.1141716879010302860000000
3960.0435496736463300000000000	0.1107054749095308380000000
3980.2550871505663900000000000	0.1090478196364523530000000
4000.2695319374033700000000000	0.0889031541400912839000000
4020.2903345529484700000000000	0.0823870890597157707000000
4040.1140444784105000000000000	0.0711735767681438702000000
4059.9313965751643900000000000	0.0572019570921117604000000
4080.1429340520844500000000000	0.0483282440038655253000000
4100.3544715290045100000000000	0.0242847780895980858000000
4120.1781814544665300000000000	0.0360606861071540302000000
4140.0018913799285600000000000	0.0424320147241899690000000
4160.0163361667655400000000000	0.0568806809091397594000000
4180.2278736436855900000000000	0.0686513964797010462000000
4200.4394111206056500000000000	0.0582456179044944788000000
4220.2631210460676800000000000	0.0652361333072789262000000
4240.0868309715297000000000000	0.0724031883363542433000000
4260.1076335870748100000000000	0.0604270507334081289000000
4280.3191710639948700000000000	0.0535095526360147220000000
4300.1365231607487600000000000	0.0427257065895787908000000
4320.1573257762938700000000000	0.0405961971739459068000000
4340.1717705631308400000000000	0.0324270200029752181000000
4359.9954804885783200000000000	0.0392893495023817971000000
4380.2070179655129300000000000	0.0469551939699119486000000
4400.2214627523353500000000000	0.0661490119947762273000000
4420.0451726777973800000000000	0.0752752026865384782000000
4440.2567101547174300000000000	0.0974156748232205688000000
4460.2775127702625400000000000	0.1145565702721654260000000
4480.1012226957245700000000000	0.1102657484227095170000000
4500.1156674825615400000000000	0.1163375436719810700000000
4520.3272049594816000000000000	0.1240845183351209630000000
4539.9538221948605400000000000	0.1424047244049916890000000
4560.1653596717806000000000000	0.1563026774315336430000000
4579.9890695972426300000000000	0.1695668401436306590000000
4600.0098722127877400000000000	0.1656771267851546710000000
4620.4121445510827400000000000	0.1496389552251500000000000
4640.0387617864616900000000000	0.1538921325535216320000000
4660.2502992633817400000000000	0.1468302225983561800000000
4680.2711018789268500000000000	0.1425604946721979460000000
4700.2855466657638300000000000	0.1360642254822052590000000
4720.3063492813089300000000000	0.1150965738686804820000000
4740.1237013780628300000000000	0.0901963718959255950000000
4760.1445039936079400000000000	0.0666396883457266026000000
4780.1589487804449100000000000	0.0311935141646787935000000
4800.1797513959900200000000000	0.0129485965311884558000000
4820.1941961828269900000000000	-0.0063685399122600325900000
4840.0179061082890200000000000	-0.0095657247735396969800000
4860.4265362752921600000000000	-0.0150900526221097904000000
4880.0531535106711000000000000	-0.0381141972432009757000000
4900.2646909875911600000000000	-0.0611545680982110776000000
4920.2791357744135800000000000	-0.0682515267819314014000000
4940.4906732513481900000000000	-0.0649981996591600109000000
4959.9265556253376400000000000	-0.0759423596615811242000000
4980.1380931022576900000000000	-0.0904520364464275473000000
5000.1525378890946700000000000	-0.0768283031102758168000000
5019.9762478145566900000000000	-0.0682992314290438718000000
5040.1877852914767500000000000	-0.0442629043256162133000000
5060.2085879070218600000000000	-0.0122647692837517305000000
5080.2230326938588300000000000	0.0013563675497399142100000
5100.2374774806958100000000000	0.0228964755406795700000000
5120.2582800962409200000000000	0.0645280276206079140000000
5140.2727248830778900000000000	0.1199579043198121670000000
5160.4842623599979500000000000	0.1405134137435566640000000
5179.9201447340019400000000000	0.1679020454227730390000000
5200.1316822109220000000000000	0.1768383908791841540000000
5220.1461269977589800000000000	0.1976028918122929300000000
5240.1669296133040900000000000	0.2077750146478327670000000
5260.1813744001410600000000000	0.2096468539983767090000000
5280.0050843256030900000000000	0.2230375799003191660000000
5300.2166218025231400000000000	0.1959105127836567320000000
5320.0403317279851700000000000	0.2013358613147650240000000
5340.2518692049052300000000000	0.1586350126535194530000000
5360.2663139917422000000000000	0.1349624753613310470000000
5380.0900239171896800000000000	0.1115605887786010330000000
5400.3015613941242900000000000	0.0790604202403766693000000
5419.9281786294886800000000000	0.0824127262499046998000000
5440.1397161064087300000000000	0.0405033840539819126000000
5459.9634260318707600000000000	0.0072435102984262566800000
5480.3720561988884500000000000	-0.0330539349657989617000000
5500.1957661243359300000000000	-0.0541049895559982119000000
5520.2102109111729000000000000	-0.0725845366369245043000000
5540.2246556980098800000000000	-0.0774526823028423989000000
5560.0483656234719000000000000	-0.0815802701180055462000000
5580.2599031003919600000000000	-0.0768523176946011022000000
5600.2807057159370700000000000	-0.0626347102413049861000000
5619.9073229513160100000000000	-0.0440980474511465936000000
5640.1188604282360700000000000	-0.0223833466540902040000000
5660.1333052150730400000000000	0.0013664277131910235200000
5679.9570151405350700000000000	0.0475010389610111550000000
5700.1685526174551300000000000	0.0651627914717322204000000
5720.1893552330002400000000000	0.0888158578850416214000000
5740.2038000198372100000000000	0.1238239276577801500000000
5760.2182448066741900000000000	0.1436716559114212530000000
5780.2390474222192900000000000	0.1586765513912777040000000
5800.2534922090562700000000000	0.1653208023007848860000000
5820.0772021345183000000000000	0.1714091480630366700000000
5840.2887396114383500000000000	0.1766384857044757950000000
5859.9153568468027400000000000	0.1705053559976869860000000
5880.1268943237228000000000000	0.1579947319533598070000000
5900.1476969392824600000000000	0.1412990800290713500000000
5920.1621417261048800000000000	0.1165517277907019420000000
5939.9858516515669100000000000	0.0795196180143490777000000
5960.1973891284869700000000000	0.0523081744231994050000000
5980.2181917440466300000000000	0.0259041398745691286000000
6000.2326365308690500000000000	0.0175434950437124357000000
