135,0
135.05,0.0004511
135.1,0.0008182
135.15,0.0002322
135.2,0.0002138
135.24,3.41e-05
135.29,-0.0014584
135.34,0.0004835
135.39,-0.0011396
135.44,-0.0019851
135.49,-0.0006164
135.54,-3.86e-05
135.59,4.11e-05
135.63,-0.0007278
135.68,0.00086
135.73,-0.0020834
135.78,-0.0005502
135.83,0.0001498
135.88,-0.0021273
135.93,-0.0005765
135.98,-0.0016133
136.03,-0.0020485
136.07,-0.003236
136.12,-0.0021135
136.17,-0.0021632
136.22,-0.0016807
136.27,-0.0021729
136.32,-0.0018752
136.37,-0.0013296
136.42,-0.0036351
136.47,-0.0037857
136.51,-0.0010019
136.56,-0.002536
136.61,-0.0032846
136.66,-0.0026444
136.71,-0.0033717
136.76,-0.0055635
136.81,-0.0043982
136.86,-0.0049789
136.91,-0.0046678
136.96,-0.0034374
137,-0.0038622
137.05,-0.0045593
137.1,-0.0043738
137.15,-0.0045201
137.2,-0.0052819
137.25,-0.0049644
137.3,-0.0052335
137.35,-0.010195
137.4,-0.005504
137.44,-0.0043002
137.49,-0.0082537
137.54,-0.0075499
137.59,-0.0057503
137.64,-0.0077418
137.69,-0.0078002
137.74,-0.0062416
137.79,-0.0098962
137.84,-0.0098751
137.88,-0.0094403
137.93,-0.0089095
137.98,-0.010702
138.03,-0.011256
138.08,-0.010634
138.13,-0.014857
138.18,-0.015713
138.23,-0.01218
138.28,-0.012207
138.32,-0.014538
138.37,-0.014999
138.42,-0.016661
138.47,-0.015318
138.52,-0.017043
138.57,-0.018489
138.62,-0.015684
138.67,-0.019994
138.72,-0.019471
138.76,-0.022528
138.81,-0.022932
138.86,-0.023041
138.91,-0.026781
138.96,-0.023204
139.01,-0.024398
139.06,-0.025923
139.11,-0.028255
139.15,-0.028075
139.2,-0.029862
139.25,-0.029757
139.3,-0.033311
139.35,-0.032919
139.4,-0.033945
139.45,-0.035603
139.5,-0.036075
139.54,-0.038587
139.59,-0.039723
139.64,-0.041157
139.69,-0.04416
139.74,-0.04381
139.79,-0.046795
139.84,-0.047362
139.89,-0.051057
139.94,-0.051955
139.99,-0.05271
140.03,-0.058599
140.08,-0.05815
140.13,-0.065712
140.18,-0.064447
140.23,-0.068075
140.28,-0.071513
140.33,-0.072049
140.38,-0.076965
140.43,-0.077893
140.47,-0.081581
140.52,-0.088044
140.57,-0.087128
140.62,-0.091789
140.67,-0.097918
140.72,-0.10325
140.77,-0.1073
140.82,-0.11133
140.87,-0.11412
140.91,-0.11981
140.96,-0.12489
141.01,-0.13122
141.06,-0.13606
141.11,-0.14307
141.16,-0.14995
141.21,-0.15638
141.26,-0.16349
141.31,-0.17149
141.35,-0.18034
141.4,-0.18945
141.45,-0.1979
141.5,-0.20901
141.55,-0.22074
141.6,-0.22711
141.65,-0.24015
141.7,-0.25059
141.75,-0.26045
141.79,-0.2746
141.84,-0.28749
141.89,-0.30225
141.94,-0.31846
141.99,-0.33059
142.04,-0.34991
142.09,-0.36417
142.14,-0.38245
142.19,-0.40294
142.23,-0.42211
142.28,-0.44446
142.33,-0.46983
142.38,-0.49214
142.43,-0.51558
142.48,-0.54392
142.53,-0.5715
142.58,-0.60444
142.62,-0.63672
142.67,-0.66918
142.72,-0.7047
142.77,-0.73843
142.82,-0.77271
142.87,-0.80153
142.92,-0.82558
142.97,-0.83897
143.02,-0.84024
143.06,-0.82404
143.11,-0.78134
143.16,-0.70914
143.21,-0.60813
143.26,-0.47399
143.31,-0.30613
143.36,-0.11343
143.41,0.10989
143.46,0.3504
143.5,0.58692
143.55,0.81273
143.6,1.0225
143.65,1.1968
143.7,1.3365
143.75,1.4384
143.8,1.5028
143.85,1.5376
143.9,1.5411
143.94,1.5272
143.99,1.504
144.04,1.4674
144.09,1.4343
144.14,1.394
144.19,1.3514
144.24,1.3051
144.29,1.2643
144.34,1.2164
144.38,1.1784
144.43,1.1379
144.48,1.1029
144.53,1.0651
144.58,1.0266
144.63,0.99421
144.68,0.95381
144.73,0.91123
144.78,0.87063
144.82,0.82353
144.87,0.77506
144.92,0.7254
144.97,0.66771
145.02,0.60953
145.07,0.54739
145.12,0.47781
145.17,0.4138
145.22,0.34362
145.26,0.27878
145.31,0.22249
145.36,0.17403
145.41,0.13596
145.46,0.11175
145.51,0.094917
145.56,0.089594
145.61,0.091878
145.66,0.087291
145.7,0.09472
145.75,0.094749
145.8,0.089836
145.85,0.079758
145.9,0.066656
145.95,0.051658
146,0.041913
146.05,0.029877
146.09,0.020753
146.14,0.014444
146.19,0.008415
146.24,0.0011178
146.29,-0.0026064
146.34,-0.0049783
146.39,-0.0044583
146.44,-0.0010438
146.49,-0.0022782
146.53,0.0012584
146.58,0.0074151
146.63,0.01292
146.68,0.018446
146.73,0.025158
146.78,0.026638
146.83,0.027436
146.88,0.018893
146.93,0.011439
146.97,-0.0033959
147.02,-0.015302
147.07,-0.028667
147.12,-0.043844
147.17,-0.05279
147.22,-0.055035
147.27,-0.055728
147.32,-0.04966
147.37,-0.045911
147.41,-0.037768
147.46,-0.031618
147.51,-0.025813
147.56,-0.023147
147.61,-0.023734
147.66,-0.028931
147.71,-0.041333
147.76,-0.043886
147.81,-0.053311
147.85,-0.052784
147.9,-0.057242
147.95,-0.050511
148,-0.043886
148.05,-0.038716
148.1,-0.030572
148.15,-0.020572
148.2,-0.015453
148.25,-0.009843
148.29,-0.0035906
148.34,-0.0027869
148.39,-0.000274
148.44,0.0061332
148.49,0.0081904
148.54,0.0064341
148.59,0.0049713
148.64,0.0018299
148.69,-0.0076456
148.73,-0.013347
148.78,-0.024573
148.83,-0.033456
148.88,-0.045184
148.93,-0.061874
148.98,-0.069346
149.03,-0.083083
149.08,-0.092394
149.12,-0.099361
149.17,-0.10565
149.22,-0.10496
149.27,-0.10973
149.32,-0.1116
149.37,-0.10406
149.42,-0.10466
149.47,-0.10031
149.52,-0.096916
149.56,-0.096485
149.61,-0.089079
149.66,-0.085277
149.71,-0.082077
149.76,-0.083673
149.81,-0.085002
149.86,-0.086584
149.91,-0.088671
149.96,-0.088416
150,-0.087993
150.05,-0.088655
150.1,-0.08421
150.15,-0.07568
150.2,-0.068909
150.25,-0.060878
150.3,-0.055524
150.35,-0.044235
150.4,-0.048635
150.44,-0.04769
150.49,-0.046576
150.54,-0.048061
150.59,-0.050592
150.64,-0.058142
150.69,-0.057627
150.74,-0.066541
150.79,-0.064387
150.84,-0.069093
150.88,-0.075376
150.93,-0.074931
150.98,-0.07102
151.03,-0.073682
151.08,-0.069239
151.13,-0.066089
151.18,-0.060646
151.23,-0.055315
151.28,-0.055729
151.32,-0.046948
151.37,-0.04539
151.42,-0.04749
151.47,-0.046743
151.52,-0.04306
151.57,-0.042901
151.62,-0.044031
151.67,-0.041627
151.72,-0.040143
151.76,-0.039735
151.81,-0.03976
151.86,-0.041562
151.91,-0.040093
151.96,-0.039258
152.01,-0.042544
152.06,-0.040388
152.11,-0.040628
152.16,-0.036192
152.2,-0.031333
152.25,-0.028888
152.3,-0.027172
152.35,-0.031155
152.4,-0.030638
152.45,-0.036322
152.5,-0.044922
152.55,-0.05449
152.59,-0.069217
152.64,-0.084587
152.69,-0.099183
152.74,-0.11191
152.79,-0.12975
152.84,-0.1402
152.89,-0.14621
152.94,-0.15601
152.99,-0.15819
153.03,-0.15847
153.08,-0.15309
153.13,-0.15267
153.18,-0.14928
153.23,-0.14241
153.28,-0.14295
153.33,-0.14304
153.38,-0.14304
153.43,-0.14649
153.47,-0.14374
153.52,-0.14882
153.57,-0.15173
153.62,-0.15523
153.67,-0.15604
153.72,-0.16197
153.77,-0.16799
153.82,-0.1706
153.87,-0.17607
153.91,-0.18025
153.96,-0.18337
154.01,-0.18743
154.06,-0.1867
154.11,-0.19359
154.16,-0.19638
154.21,-0.20214
154.26,-0.20643
154.31,-0.21055
154.35,-0.21774
154.4,-0.22436
154.45,-0.23157
154.5,-0.23738
154.55,-0.24491
154.6,-0.25056
154.65,-0.25534
154.7,-0.26222
154.75,-0.26194
154.79,-0.26607
154.84,-0.26729
154.89,-0.26569
154.94,-0.2606
154.99,-0.25652
155.04,-0.24872
155.09,-0.24432
155.14,-0.23077
155.19,-0.22693
155.24,-0.22357
155.28,-0.22042
155.33,-0.21369
155.38,-0.21947
155.43,-0.22252
155.48,-0.23152
155.53,-0.23788
155.58,-0.24816
155.63,-0.2522
155.67,-0.26423
155.72,-0.26555
155.77,-0.26962
155.82,-0.26776
155.87,-0.26372
155.92,-0.2577
155.97,-0.24887
156.02,-0.24269
156.06,-0.23548
156.11,-0.23845
156.16,-0.23637
156.21,-0.2427
156.26,-0.24558
156.31,-0.25999
156.36,-0.26535
156.41,-0.27399
156.46,-0.28479
156.5,-0.28691
156.55,-0.29029
156.6,-0.29427
156.65,-0.29412
156.7,-0.28809
156.75,-0.28881
156.8,-0.2836
156.85,-0.28284
156.9,-0.28061
156.94,-0.2812
156.99,-0.2785
157.04,-0.27737
157.09,-0.27943
157.14,-0.28065
157.19,-0.28071
157.24,-0.29027
157.29,-0.29159
157.34,-0.30165
157.38,-0.30962
157.43,-0.31481
157.48,-0.3207
157.53,-0.33229
157.58,-0.33884
157.63,-0.34013
157.68,-0.34757
157.73,-0.3456
157.78,-0.34179
157.82,-0.33957
157.87,-0.33448
157.92,-0.31966
157.97,-0.30458
158.02,-0.28017
158.07,-0.24813
158.12,-0.19784
158.17,-0.14771
158.22,-0.073017
158.26,-0.0025947
158.31,0.074774
158.36,0.15857
158.41,0.231
158.46,0.29923
158.51,0.35472
158.56,0.40127
158.61,0.43638
158.66,0.45453
158.71,0.47012
158.75,0.47379
158.8,0.47898
158.85,0.47289
158.9,0.46739
158.95,0.46046
159,0.44963
159.05,0.43076
159.1,0.41512
159.15,0.39604
159.19,0.37875
159.24,0.36381
159.29,0.35648
159.34,0.34512
159.39,0.34432
159.44,0.34439
159.49,0.3382
159.54,0.33431
159.59,0.32518
159.63,0.31826
159.68,0.29984
159.73,0.27838
159.78,0.25266
159.83,0.22774
159.88,0.19984
159.93,0.17118
159.98,0.14395
160.02,0.12024
160.07,0.097706
160.12,0.08325
160.17,0.075879
160.22,0.066451
160.27,0.069651
160.32,0.07311
160.37,0.079603
160.41,0.089006
160.46,0.09477
160.51,0.099377
160.56,0.10634
160.61,0.10454
160.66,0.10026
160.71,0.091324
160.76,0.080257
160.81,0.070008
160.85,0.055879
160.9,0.044379
160.95,0.043246
161,0.038341
161.05,0.034023
161.1,0.032483
161.15,0.035241
161.2,0.033677
161.25,0.033389
161.29,0.033499
161.34,0.037975
161.39,0.035724
161.44,0.03501
161.49,0.037969
161.54,0.03388
161.59,0.025285
161.64,0.017305
161.69,0.0074472
161.74,-0.011699
161.78,-0.030637
161.83,-0.039027
161.88,-0.052199
161.93,-0.067747
161.98,-0.071675
162.03,-0.076441
162.08,-0.078832
162.13,-0.079318
162.18,-0.076496
162.22,-0.071715
162.27,-0.070335
162.32,-0.067939
162.37,-0.069978
162.42,-0.073011
162.47,-0.076362
162.52,-0.081554
162.57,-0.08853
162.62,-0.094101
162.66,-0.09772
162.71,-0.098967
162.76,-0.10167
162.81,-0.098019
162.86,-0.089501
162.91,-0.084236
162.96,-0.074263
163.01,-0.062356
163.06,-0.056056
163.1,-0.046841
163.15,-0.044266
163.2,-0.03903
163.25,-0.039223
163.3,-0.040679
163.35,-0.039223
163.4,-0.049545
163.45,-0.055412
163.5,-0.060455
163.54,-0.068861
163.59,-0.078462
163.64,-0.079279
163.69,-0.088965
163.74,-0.092916
163.79,-0.095298
163.84,-0.096143
163.89,-0.099072
163.94,-0.096811
163.98,-0.10053
164.03,-0.095981
164.08,-0.090521
164.13,-0.088481
164.18,-0.089041
164.23,-0.080786
164.28,-0.079485
164.33,-0.074333
164.37,-0.067037
164.42,-0.063666
164.47,-0.059957
164.52,-0.056087
164.57,-0.052959
164.62,-0.055515
164.67,-0.05244
164.72,-0.05263
164.76,-0.054432
164.81,-0.058871
164.86,-0.060123
164.91,-0.06214
164.96,-0.06298
165.01,-0.063491
165.06,-0.060718
165.11,-0.058677
165.16,-0.052389
165.21,-0.048499
165.25,-0.045923
165.3,-0.045021
165.35,-0.041751
165.4,-0.037118
165.45,-0.042398
165.5,-0.040768
165.55,-0.039576
165.6,-0.039643
165.65,-0.032535
165.69,-0.028709
165.74,-0.027141
165.79,-0.019941
165.84,-0.014648
165.89,-0.011693
165.94,-0.0082549
165.99,-0.0010977
166.04,-0.0013035
166.09,0.0041522
166.13,0.0034797
166.18,0.0064229
166.23,0.0072584
166.28,0.010972
166.33,0.012363
166.38,0.016848
166.43,0.016411
166.48,0.023896
166.53,0.026064
166.57,0.025923
166.62,0.029532
166.67,0.027911
166.72,0.027434
166.77,0.028552
166.82,0.02645
166.87,0.021685
166.92,0.022641
166.97,0.021423
167.01,0.021016
167.06,0.022458
167.11,0.024089
167.16,0.023228
167.21,0.023069
167.26,0.019266
167.31,0.020023
167.36,0.013376
167.41,0.010657
167.45,0.0031155
167.5,-0.0051579
167.55,-0.0070661
167.6,-0.013764
167.65,-0.013991
167.7,-0.017565
167.75,-0.017397
167.8,-0.017715
167.84,-0.016501
167.89,-0.011778
167.94,-0.0035756
167.99,-0.0027475
168.04,0.0060701
168.09,0.011182
168.14,0.015367
168.19,0.016097
168.24,0.020585
168.28,0.020365
168.33,0.023232
168.38,0.01798
168.43,0.01197
168.48,0.009936
168.53,0.0011627
168.58,-0.0007685
168.63,-0.0077874
168.68,-0.0096906
168.72,-0.0089756
168.77,-0.019493
168.82,-0.019185
168.87,-0.017169
168.92,-0.017539
168.97,-0.020234
169.02,-0.018429
169.07,-0.024482
169.12,-0.021096
169.16,-0.029005
169.21,-0.033588
169.26,-0.031566
169.31,-0.035606
169.36,-0.032086
169.41,-0.027409
169.46,-0.02519
169.51,-0.020105
169.56,-0.017007
169.6,-0.012701
169.65,-0.0077789
169.7,-0.0074953
169.75,-0.0052526
169.8,0.0027468
169.85,0.0013396
169.9,0.0085869
169.95,0.0099779
170,0.013945
170.04,0.012246
170.09,0.011907
170.14,0.013334
170.19,0.0082068
170.24,-9.32e-05
170.29,-0.003761
170.34,-0.012613
170.39,-0.01626
170.44,-0.018019
170.48,-0.024475
170.53,-0.022524
170.58,-0.024698
170.63,-0.021903
170.68,-0.016318
170.73,-0.01704
170.78,-0.010841
170.83,-0.0098829
170.88,-0.0078338
170.92,-0.0079438
170.97,-0.012767
171.02,-0.013185
171.07,-0.018313
171.12,-0.021571
171.17,-0.025934
171.22,-0.029156
171.27,-0.02844
171.31,-0.025919
171.36,-0.027046
171.41,-0.022801
171.46,-0.018877
171.51,-0.016348
171.56,-0.015428
171.61,-0.0082661
171.66,-0.0044355
171.71,-0.0087647
171.75,-0.0036091
171.8,-0.004989
171.85,-0.0081789
171.9,-0.011432
171.95,-0.014203
172,-0.018232
172.05,-0.025609
172.1,-0.024084
172.15,-0.02861
172.19,-0.027478
172.24,-0.031538
172.29,-0.03238
172.34,-0.034577
172.39,-0.034582
172.44,-0.037268
172.49,-0.038844
172.54,-0.041232
172.59,-0.039667
172.63,-0.039235
172.68,-0.039423
172.73,-0.03838
172.78,-0.038108
172.83,-0.029818
172.88,-0.022466
172.93,-0.0094898
172.98,0.012094
173.03,0.032369
173.07,0.060371
173.12,0.089396
173.17,0.11446
173.22,0.14373
173.27,0.16891
173.32,0.19023
173.37,0.20273
173.42,0.21448
173.47,0.22259
173.51,0.2236
173.56,0.22531
173.61,0.2218
173.66,0.22071
173.71,0.21309
173.76,0.20987
173.81,0.20359
173.86,0.19226
173.91,0.17922
173.95,0.17604
174,0.16319
174.05,0.15431
174.1,0.14759
174.15,0.14119
174.2,0.13936
174.25,0.13145
174.3,0.13428
174.34,0.12864
174.39,0.1264
174.44,0.12248
174.49,0.11646
174.54,0.10513
174.59,0.097872
174.64,0.085097
174.69,0.078242
174.74,0.065192
174.78,0.054087
174.83,0.048313
174.88,0.039401
174.93,0.038346
174.98,0.037584
175.03,0.033685
175.08,0.035311
175.13,0.036531
175.18,0.036106
175.22,0.04018
175.27,0.036969
175.32,0.032351
175.37,0.03288
175.42,0.028459
175.47,0.021751
175.52,0.015603
175.57,0.010265
175.62,-0.0036726
175.66,-0.0070345
175.71,-0.012664
175.76,-0.022832
175.81,-0.028954
175.86,-0.027689
175.91,-0.034885
175.96,-0.038879
176.01,-0.03639
176.06,-0.037212
176.1,-0.044794
176.15,-0.040265
176.2,-0.040023
176.25,-0.043484
176.3,-0.039007
176.35,-0.040487
176.4,-0.042721
176.45,-0.045681
176.5,-0.047922
176.54,-0.04907
176.59,-0.055221
176.64,-0.056304
176.69,-0.058708
176.74,-0.057265
176.79,-0.060896
176.84,-0.060471
176.89,-0.061897
176.94,-0.055961
176.98,-0.051646
177.03,-0.04885
177.08,-0.043137
177.13,-0.039157
177.18,-0.032742
177.23,-0.027739
177.28,-0.025839
177.33,-0.023969
177.38,-0.023634
177.42,-0.023371
177.47,-0.028714
177.52,-0.030013
177.57,-0.030916
177.62,-0.03254
177.67,-0.030164
177.72,-0.032694
177.77,-0.029834
177.81,-0.026307
177.86,-0.026961
177.91,-0.024747
177.96,-0.022893
178.01,-0.027997
178.06,-0.027553
178.11,-0.029989
178.16,-0.033845
178.21,-0.036426
178.25,-0.041086
178.3,-0.046311
178.35,-0.051958
178.4,-0.054543
178.45,-0.05475
178.5,-0.059691
178.55,-0.056465
178.6,-0.055321
178.65,-0.054978
178.69,-0.053238
178.74,-0.051225
178.79,-0.046723
178.84,-0.043551
178.89,-0.038937
178.94,-0.037537
178.99,-0.033943
179.04,-0.029537
179.09,-0.028543
179.13,-0.028455
179.18,-0.027833
179.23,-0.03104
179.28,-0.03175
179.33,-0.034088
179.38,-0.034937
179.43,-0.039207
179.48,-0.039783
179.53,-0.037714
179.57,-0.04043
179.62,-0.039258
179.67,-0.040938
179.72,-0.037086
179.77,-0.041693
179.82,-0.03769
179.87,-0.040872
179.92,-0.035938
179.97,-0.031943
180.01,-0.030475
180.06,-0.029938
180.11,-0.026821
180.16,-0.02516
180.21,-0.021412
180.26,-0.017029
180.31,-0.013486
180.36,-0.012716
180.41,-0.0095635
180.46,-0.0073363
180.5,-0.0074633
180.55,-0.0001895
180.6,-0.0001092
180.65,0.0071858
180.7,0.015038
180.75,0.016088
180.8,0.021642
180.85,0.023289
180.89,0.025838
180.94,0.022145
180.99,0.022537
181.04,0.022294
181.09,0.017585
181.14,0.016586
181.19,0.015985
181.24,0.015908
181.28,0.018102
181.33,0.01816
181.38,0.021538
181.43,0.026231
181.48,0.025519
181.53,0.029645
181.58,0.031722
181.63,0.029278
181.68,0.031622
181.72,0.031737
181.77,0.030735
181.82,0.031331
181.87,0.026336
181.92,0.028979
181.97,0.026029
182.02,0.027811
182.07,0.029293
182.12,0.024107
182.16,0.024266
182.21,0.021767
182.26,0.022366
182.31,0.020179
182.36,0.019795
182.41,0.018078
182.46,0.018271
182.51,0.020198
182.56,0.019094
182.6,0.023593
182.65,0.025231
182.7,0.03013
182.75,0.029336
182.8,0.030642
182.85,0.031866
182.9,0.032761
182.95,0.031553
183,0.028895
183.04,0.027582
183.09,0.025938
183.14,0.020758
183.19,0.019222
183.24,0.01121
183.29,0.0084145
183.34,0.0016662
183.39,3.26e-05
183.44,-0.000959
183.49,-0.0036863
183.53,-0.0047294
183.58,-0.0045643
183.63,-0.0061275
183.68,-0.0060083
183.73,-0.0043122
183.78,-0.0057289
183.83,-0.0075305
183.88,-0.009476
183.93,-0.010193
183.97,-0.011386
184.02,-0.012116
184.07,-0.013578
184.12,-0.015249
184.17,-0.014275
184.22,-0.013716
184.27,-0.010583
184.32,-0.0105
184.37,-0.0070627
184.41,-0.0042364
184.46,-0.0010931
184.51,0.0006034
184.56,-0.0005343
184.61,0.0006646
184.66,0.0003232
184.71,-0.0025985
184.76,-0.0071239
184.8,-0.0078291
184.85,-0.011947
184.9,-0.014768
184.95,-0.021142
185,-0.024251
