105,0
105.05,0.0004052
105.1,-0.0011162
105.15,0.0008153
105.2,-0.0027299
105.24,-0.0018164
105.29,-0.0038953
105.34,-0.002668
105.39,-0.0039693
105.44,-0.0022423
105.49,-0.0031261
105.54,-0.0048906
105.59,-0.0054753
105.64,-0.0040719
105.68,-0.0059584
105.73,-0.0070876
105.78,-0.0068258
105.83,-0.0060491
105.88,-0.0081406
105.93,-0.0079551
105.98,-0.0093326
106.03,-0.0089518
106.08,-0.010524
106.12,-0.012021
106.17,-0.01171
106.22,-0.010144
106.27,-0.013701
106.32,-0.011806
106.37,-0.014011
106.42,-0.014109
106.47,-0.014006
106.52,-0.017019
106.56,-0.014952
106.61,-0.018625
106.66,-0.015935
106.71,-0.017376
106.76,-0.016425
106.81,-0.018625
106.86,-0.019125
106.91,-0.019154
106.95,-0.02066
107,-0.02048
107.05,-0.02449
107.1,-0.021816
107.15,-0.025453
107.2,-0.025537
107.25,-0.025795
107.3,-0.026747
107.35,-0.028401
107.39,-0.031184
107.44,-0.030385
107.49,-0.029889
107.54,-0.033787
107.59,-0.034397
107.64,-0.03552
107.69,-0.03661
107.74,-0.038794
107.79,-0.039662
107.83,-0.040911
107.88,-0.040886
107.93,-0.044149
107.98,-0.043669
108.03,-0.046749
108.08,-0.046836
108.13,-0.049782
108.18,-0.052077
108.23,-0.053646
108.28,-0.055465
108.32,-0.056611
108.37,-0.058412
108.42,-0.061641
108.47,-0.062698
108.52,-0.065149
108.57,-0.06804
108.62,-0.070093
108.67,-0.071901
108.72,-0.075475
108.76,-0.079322
108.81,-0.081401
108.86,-0.085637
108.91,-0.085771
108.96,-0.089287
109.01,-0.093627
109.06,-0.095826
109.11,-0.10002
109.15,-0.10191
109.2,-0.108
109.25,-0.11332
109.3,-0.11764
109.35,-0.12113
109.4,-0.12577
109.45,-0.13274
109.5,-0.13611
109.55,-0.14227
109.59,-0.1453
109.64,-0.15283
109.69,-0.15839
109.74,-0.16308
109.79,-0.17002
109.84,-0.17813
109.89,-0.18164
109.94,-0.19318
109.98,-0.20197
110.03,-0.20733
110.08,-0.21666
110.13,-0.23004
110.18,-0.23459
110.23,-0.24633
110.28,-0.25593
110.33,-0.26894
110.38,-0.28125
110.42,-0.29016
110.47,-0.30482
110.52,-0.31846
110.57,-0.33383
110.62,-0.34781
110.67,-0.36116
110.72,-0.38043
110.77,-0.40003
110.82,-0.41496
110.86,-0.43676
110.91,-0.45655
110.96,-0.47924
111.01,-0.50072
111.06,-0.52342
111.11,-0.55008
111.16,-0.57777
111.21,-0.60525
111.26,-0.6346
111.31,-0.66624
111.35,-0.69517
111.4,-0.72986
111.45,-0.7658
111.5,-0.80095
111.55,-0.84195
111.6,-0.87569
111.65,-0.91637
111.7,-0.95676
111.75,-0.99655
111.79,-1.0363
111.84,-1.0751
111.89,-1.1141
111.94,-1.1502
111.99,-1.1785
112.04,-1.2057
112.09,-1.2217
112.14,-1.2311
112.19,-1.2217
112.23,-1.1984
112.28,-1.1527
112.33,-1.0775
112.38,-0.96943
112.43,-0.81444
112.48,-0.61482
112.53,-0.35314
112.58,-0.024652
112.62,0.36353
112.67,0.8333
112.72,1.3647
112.77,1.9547
112.82,2.585
112.87,3.2073
112.92,3.8162
112.97,4.3476
113.02,4.7628
113.06,5.0272
113.11,5.1288
113.16,5.0349
113.21,4.7818
113.26,4.3817
113.31,3.8895
113.36,3.3484
113.41,2.7865
113.46,2.2586
113.5,1.7864
113.55,1.385
113.6,1.0535
113.65,0.79143
113.7,0.59233
113.75,0.43725
113.8,0.31429
113.85,0.22198
113.89,0.14563
113.94,0.084183
113.99,0.033621
114.04,-0.011822
114.09,-0.049835
114.14,-0.082609
114.19,-0.10959
114.24,-0.12784
114.29,-0.14537
114.33,-0.1553
114.38,-0.16917
114.43,-0.18538
114.48,-0.21431
114.53,-0.25671
114.58,-0.31688
114.63,-0.38986
114.68,-0.46988
114.73,-0.54594
114.78,-0.60957
114.82,-0.64731
114.87,-0.65431
114.92,-0.62147
114.97,-0.5608
115.02,-0.468
115.07,-0.36171
115.12,-0.25825
115.17,-0.16905
115.22,-0.10293
115.26,-0.068603
115.31,-0.063341
115.36,-0.080334
115.41,-0.11213
115.46,-0.14895
115.51,-0.18333
115.56,-0.21459
115.61,-0.22568
115.66,-0.23319
115.7,-0.22684
115.75,-0.21872
115.8,-0.20195
115.85,-0.1785
115.9,-0.15292
115.95,-0.12475
116,-0.099154
116.05,-0.068462
116.09,-0.041366
116.14,-0.019259
116.19,-0.0037769
116.24,0.0005436
116.29,-0.0072359
116.34,-0.033279
116.39,-0.07151
116.44,-0.12478
116.49,-0.18337
116.53,-0.24257
116.58,-0.29315
116.63,-0.32783
116.68,-0.34182
116.73,-0.33538
116.78,-0.3055
116.83,-0.26176
116.88,-0.20432
116.93,-0.15245
116.97,-0.11126
117.02,-0.081576
117.07,-0.072925
117.12,-0.088539
117.17,-0.11093
117.22,-0.14076
117.27,-0.16624
117.32,-0.18051
117.37,-0.17829
117.41,-0.16065
117.46,-0.12625
117.51,-0.088526
117.56,-0.044059
117.61,-0.010128
117.66,0.01433
117.71,0.028441
117.76,0.025063
117.81,0.012176
117.85,-0.0087321
117.9,-0.038705
117.95,-0.071642
118,-0.10539
118.05,-0.13726
118.1,-0.1665
118.15,-0.19574
118.2,-0.21625
118.25,-0.23753
118.29,-0.25651
118.34,-0.26717
118.39,-0.28051
118.44,-0.28594
118.49,-0.28847
118.54,-0.28131
118.59,-0.26757
118.64,-0.25184
118.69,-0.22922
118.73,-0.19761
118.78,-0.17171
118.83,-0.14235
118.88,-0.11316
118.93,-0.083356
118.98,-0.059322
119.03,-0.038453
119.08,-0.016534
119.12,-0.0057357
119.17,-0.0025264
119.22,-0.0053564
119.27,-0.014156
119.32,-0.028368
119.37,-0.042624
119.42,-0.055774
119.47,-0.065437
119.52,-0.070249
119.56,-0.065752
119.61,-0.061282
119.66,-0.049261
119.71,-0.038747
119.76,-0.031074
119.81,-0.028819
119.86,-0.031619
119.91,-0.044636
119.96,-0.05934
120,-0.079465
120.05,-0.10117
120.1,-0.12089
120.15,-0.13809
120.2,-0.14665
120.25,-0.15765
120.3,-0.16331
120.35,-0.15938
120.4,-0.1523
120.44,-0.14326
120.49,-0.12379
120.54,-0.10663
120.59,-0.086903
120.64,-0.069851
120.69,-0.054811
120.74,-0.043522
120.79,-0.038282
120.84,-0.040468
120.89,-0.046424
120.93,-0.053029
120.98,-0.057896
121.03,-0.065758
121.08,-0.069428
121.13,-0.072861
121.18,-0.078348
121.23,-0.081868
121.28,-0.087093
121.33,-0.093992
121.37,-0.10706
121.42,-0.11837
121.47,-0.12909
121.52,-0.13848
121.57,-0.14656
121.62,-0.14731
121.67,-0.14517
121.72,-0.14727
121.76,-0.14908
121.81,-0.15219
121.86,-0.16804
121.91,-0.18676
121.96,-0.21543
122.01,-0.2484
122.06,-0.28443
122.11,-0.32389
122.16,-0.35635
122.2,-0.38697
122.25,-0.40442
122.3,-0.41264
122.35,-0.40727
122.4,-0.38901
122.45,-0.35585
122.5,-0.31548
122.55,-0.27302
122.59,-0.22632
122.64,-0.18934
122.69,-0.16086
122.74,-0.14242
122.79,-0.13771
122.84,-0.14456
122.89,-0.15415
122.94,-0.16955
122.99,-0.18615
123.03,-0.20497
123.08,-0.21976
123.13,-0.23576
123.18,-0.24849
123.23,-0.26242
123.28,-0.27432
123.33,-0.28317
123.38,-0.29272
123.43,-0.30403
123.47,-0.30909
123.52,-0.32073
123.57,-0.33151
123.62,-0.34256
123.67,-0.35783
123.72,-0.37076
123.77,-0.38804
123.82,-0.40114
123.87,-0.41388
123.92,-0.42583
123.96,-0.43287
124.01,-0.44092
124.06,-0.44277
124.11,-0.43594
124.16,-0.42882
124.21,-0.4155
124.26,-0.39757
124.31,-0.37676
124.36,-0.35528
124.4,-0.3314
124.45,-0.30748
124.5,-0.28041
124.55,-0.25689
124.6,-0.23882
124.65,-0.22349
124.7,-0.21763
124.75,-0.21978
124.8,-0.23037
124.84,-0.24917
124.89,-0.27928
124.94,-0.31694
124.99,-0.35476
125.04,-0.39337
125.09,-0.43007
125.14,-0.45588
125.19,-0.47159
125.23,-0.46772
125.28,-0.45547
125.33,-0.43626
125.38,-0.40551
125.43,-0.37304
125.48,-0.34487
125.53,-0.32924
125.58,-0.32328
125.63,-0.33072
125.67,-0.35566
125.72,-0.38876
125.77,-0.4291
125.82,-0.46767
125.87,-0.50104
125.92,-0.5217
125.97,-0.52895
126.02,-0.52815
126.06,-0.50926
126.11,-0.48353
126.16,-0.45735
126.21,-0.42839
126.26,-0.40451
126.31,-0.38901
126.36,-0.37994
126.41,-0.37896
126.46,-0.38381
126.5,-0.39128
126.55,-0.40273
126.6,-0.41562
126.65,-0.42871
126.7,-0.43872
126.75,-0.44937
126.8,-0.46168
126.85,-0.46841
126.9,-0.47318
126.94,-0.47276
126.99,-0.46423
127.04,-0.44246
127.09,-0.40982
127.14,-0.36423
127.19,-0.30557
127.24,-0.23805
127.29,-0.16262
127.34,-0.076519
127.39,0.013517
127.43,0.11783
127.48,0.23338
127.53,0.36794
127.58,0.51903
127.63,0.68464
127.68,0.86532
127.73,1.0513
127.78,1.2236
127.83,1.3776
127.87,1.4915
127.92,1.5573
127.97,1.5683
128.02,1.5228
128.07,1.4276
128.12,1.2974
128.17,1.1488
128.22,0.98768
128.26,0.83268
128.31,0.69448
128.36,0.57087
128.41,0.46556
128.46,0.37875
128.51,0.29529
128.56,0.23116
128.61,0.17109
128.66,0.12671
128.71,0.095156
128.75,0.07799
128.8,0.07094
128.85,0.080828
128.9,0.091323
128.95,0.10607
129,0.11519
129.05,0.11509
129.1,0.10546
129.15,0.079983
129.19,0.042132
129.24,-0.0038711
129.29,-0.05957
129.34,-0.11078
129.39,-0.15933
129.44,-0.19437
129.49,-0.21801
129.54,-0.22171
129.59,-0.20614
129.63,-0.1747
129.68,-0.13074
129.73,-0.0769
129.78,-0.018301
129.83,0.038079
129.88,0.089433
129.93,0.13029
129.98,0.15466
130.02,0.16133
130.07,0.14665
130.12,0.11454
130.17,0.073092
130.22,0.022963
130.27,-0.027716
130.32,-0.06742
130.37,-0.09255
130.41,-0.10521
130.46,-0.10297
130.51,-0.089875
130.56,-0.070024
130.61,-0.052737
130.66,-0.035093
130.71,-0.020013
130.76,-0.0093124
130.81,-0.0023097
130.85,-0.0010814
130.9,-0.0045235
130.95,-0.0090878
131,-0.019865
131.05,-0.041182
131.1,-0.067797
131.15,-0.095816
131.2,-0.13076
131.25,-0.16348
131.29,-0.18982
131.34,-0.20742
131.39,-0.21408
131.44,-0.20837
131.49,-0.18864
131.54,-0.1578
131.59,-0.12195
131.64,-0.082743
131.69,-0.0478
131.74,-0.015906
131.78,0.0052191
131.83,0.010075
131.88,0.014258
131.93,0.003153
131.98,-0.012084
132.03,-0.029829
132.08,-0.042388
132.13,-0.052571
132.18,-0.056292
132.22,-0.052123
132.27,-0.0417
132.32,-0.024316
132.37,-0.0072391
132.42,0.011222
132.47,0.024256
132.52,0.0334
132.57,0.033497
132.62,0.027125
132.66,0.008452
132.71,-0.016165
132.76,-0.043709
132.81,-0.07637
132.86,-0.10487
132.91,-0.13011
132.96,-0.14803
133.01,-0.16006
133.06,-0.15771
133.1,-0.15038
133.15,-0.13333
133.2,-0.11601
133.25,-0.094069
133.3,-0.071491
133.35,-0.046309
133.4,-0.024146
133.45,-0.00877
133.5,0.011223
133.54,0.021616
133.59,0.034167
133.64,0.043985
133.69,0.053428
133.74,0.059549
133.79,0.065134
133.84,0.067342
133.89,0.070579
133.94,0.070408
133.98,0.06768
134.03,0.063453
134.08,0.05594
134.13,0.044373
134.18,0.02867
134.23,0.0050864
134.28,-0.01825
134.33,-0.0379
134.37,-0.058627
134.42,-0.074051
134.47,-0.080728
134.52,-0.082674
134.57,-0.078207
134.62,-0.06913
134.67,-0.055348
134.72,-0.042794
134.76,-0.027183
134.81,-0.020131
134.86,-0.017098
134.91,-0.011299
134.96,-0.014627
135.01,-0.01353
135.06,-0.013836
135.11,-0.012748
135.16,-0.0080808
135.21,0.002059
135.25,0.015609
135.3,0.029387
135.35,0.042639
135.4,0.058422
135.45,0.063279
135.5,0.066321
135.55,0.064455
135.6,0.058695
135.65,0.053422
135.69,0.047394
135.74,0.044487
135.79,0.038063
135.84,0.038797
135.89,0.045453
135.94,0.052717
135.99,0.054914
136.04,0.053532
136.09,0.051661
136.13,0.041577
136.18,0.030658
136.23,0.014575
136.28,0.0045829
136.33,-0.007274
136.38,-0.018458
136.43,-0.022032
136.48,-0.020387
136.53,-0.014245
136.57,-0.0059845
136.62,-0.0006927
136.67,0.0026639
136.72,0.0047128
136.77,0.0026219
136.82,-0.0015915
136.87,-0.012739
136.92,-0.028778
136.97,-0.0398
137.01,-0.039265
137.06,-0.045963
137.11,-0.039066
137.16,-0.028639
137.21,-0.016662
137.26,0.0085124
137.31,0.034342
137.36,0.061845
137.41,0.088139
137.45,0.10993
137.5,0.1272
137.55,0.14113
137.6,0.14854
137.65,0.14739
137.7,0.13732
137.75,0.12701
137.8,0.11252
137.84,0.096727
137.89,0.075473
137.94,0.052222
137.99,0.034241
138.04,0.016534
138.09,0.0010698
138.14,-0.012664
138.19,-0.01939
138.24,-0.018366
138.28,-0.009333
138.33,0.0003988
138.38,0.0039946
138.43,0.012583
138.48,0.011461
138.53,0.014366
138.58,0.0009032
138.63,-0.0074196
138.68,-0.011464
138.72,-0.010988
138.77,-0.0070493
138.82,0.0084616
138.87,0.033553
138.92,0.059692
138.97,0.085856
139.02,0.10926
139.07,0.13245
139.12,0.1439
139.16,0.14808
139.21,0.14952
139.26,0.14813
139.31,0.14327
139.36,0.13697
139.41,0.1245
139.46,0.11666
139.51,0.10247
139.56,0.087232
139.6,0.069509
139.65,0.050358
139.7,0.026966
139.75,0.0081684
139.8,-0.011876
139.85,-0.022097
139.9,-0.030814
139.95,-0.032378
140,-0.02365
140.04,-0.0098776
140.09,0.0054812
140.14,0.024443
140.19,0.046802
140.24,0.061067
140.29,0.067022
140.34,0.074828
140.39,0.074591
140.44,0.06141
140.48,0.044601
140.53,0.026802
140.58,0.010335
140.63,-0.0023658
140.68,-0.0006575
140.73,0.0073132
140.78,0.012625
140.83,0.025063
140.88,0.047465
140.92,0.065198
140.97,0.083129
141.02,0.098276
141.07,0.10322
141.12,0.10332
141.17,0.1042
141.22,0.095378
141.27,0.074522
141.31,0.054905
141.36,0.039048
141.41,0.014936
141.46,-0.0018723
141.51,-0.011227
141.56,-0.016366
141.61,-0.01398
141.66,-0.010778
141.71,-0.0020824
141.75,0.020218
141.8,0.02754
141.85,0.039013
141.9,0.061921
141.95,0.069903
142,0.079956
142.05,0.10176
142.1,0.11267
142.15,0.12798
142.19,0.14794
142.24,0.17927
142.29,0.20674
142.34,0.24489
142.39,0.3008
142.44,0.35272
142.49,0.41964
142.54,0.4881
142.59,0.5376
142.63,0.60165
142.68,0.63596
142.73,0.65423
142.78,0.65917
142.83,0.63102
142.88,0.60383
142.93,0.54657
142.98,0.48964
143.03,0.42877
143.07,0.36807
143.12,0.31996
143.17,0.26373
143.22,0.23044
143.27,0.19175
143.32,0.16436
143.37,0.13823
143.42,0.11671
143.47,0.093436
143.51,0.074812
143.56,0.058126
143.61,0.049431
143.66,0.044315
143.71,0.04646
143.76,0.048102
143.81,0.052395
143.86,0.056367
143.91,0.056667
143.95,0.050777
144,0.045668
144.05,0.028013
144.1,0.02055
144.15,-0.001026
144.2,-0.0049036
144.25,-0.016644
144.3,-0.0159
144.34,-0.010832
144.39,0.0033742
144.44,0.021041
144.49,0.044973
144.54,0.058637
144.59,0.083315
144.64,0.088826
144.69,0.10174
144.74,0.10417
144.78,0.090452
144.83,0.08742
144.88,0.065056
144.93,0.040705
144.98,0.022044
145.03,-0.0060599
145.08,-0.024691
145.13,-0.041102
145.18,-0.04892
145.22,-0.057223
145.27,-0.051189
145.32,-0.047739
145.37,-0.049139
145.42,-0.030211
145.47,-0.028496
145.52,-0.022249
145.57,-0.0027383
145.62,0.0001604
145.66,0.0059825
145.71,0.018961
145.76,0.018876
145.81,0.020584
145.86,0.029037
145.91,0.021122
145.96,0.015177
146.01,0.016088
146.06,0.0098776
146.1,0.0051607
146.15,0.0061439
146.2,0.008396
146.25,0.0069628
146.3,0.0077544
146.35,0.011428
146.4,0.015712
146.45,0.02012
146.5,0.025511
146.54,0.034783
146.59,0.048051
146.64,0.054258
146.69,0.060338
146.74,0.062853
146.79,0.061477
146.84,0.05229
146.89,0.033641
146.94,0.017772
146.98,0.0035451
147.03,-0.012058
147.08,-0.02503
147.13,-0.033406
147.18,-0.03022
147.23,-0.026862
147.28,-0.023075
147.33,-0.018653
147.38,-0.018895
147.42,-0.01899
147.47,-0.022415
147.52,-0.029981
147.57,-0.037443
147.62,-0.051525
147.67,-0.060212
147.72,-0.069098
147.77,-0.073825
147.81,-0.07448
147.86,-0.069189
147.91,-0.061092
147.96,-0.046303
148.01,-0.031565
148.06,-0.0095075
148.11,0.0080557
148.16,0.026677
148.21,0.04431
148.25,0.060595
148.3,0.070077
148.35,0.076845
148.4,0.081669
148.45,0.07882
148.5,0.078494
148.55,0.070883
148.6,0.057025
148.65,0.042863
148.69,0.025019
148.74,0.01058
148.79,-0.0079004
148.84,-0.017846
148.89,-0.026835
148.94,-0.032929
148.99,-0.033854
149.04,-0.031191
149.09,-0.028894
149.13,-0.022873
149.18,-0.020881
149.23,-0.013486
149.28,-0.0095673
149.33,-0.0069246
149.38,-0.0025653
149.43,-0.0001537
149.48,0.0027714
149.53,0.011071
149.57,0.020588
149.62,0.031224
149.67,0.043931
149.72,0.056118
149.77,0.065884
149.82,0.075064
149.87,0.079715
149.92,0.091754
149.97,0.094305
150.01,0.093755
150.06,0.10064
150.11,0.10374
150.16,0.11037
150.21,0.11373
150.26,0.11257
150.31,0.11223
150.36,0.10605
150.41,0.096872
150.46,0.082505
150.5,0.067749
150.55,0.0543
150.6,0.040984
150.65,0.034579
150.7,0.035917
150.75,0.034254
150.8,0.047564
150.85,0.05761
150.89,0.074564
150.94,0.08122
150.99,0.094028
151.04,0.096793
151.09,0.096789
151.14,0.093478
151.19,0.087811
151.24,0.077516
151.28,0.068975
151.33,0.067284
151.38,0.062215
151.43,0.065582
151.48,0.063741
151.53,0.066789
151.58,0.068548
151.63,0.068412
151.68,0.067453
151.72,0.068359
151.77,0.064137
151.82,0.06272
151.87,0.067563
151.92,0.066107
151.97,0.074396
152.02,0.076048
152.07,0.086669
152.12,0.093458
152.16,0.098701
152.21,0.10357
152.26,0.10462
152.31,0.10505
152.36,0.098993
152.41,0.091605
152.46,0.081028
152.51,0.068563
152.56,0.05582
152.6,0.042431
152.65,0.028273
152.7,0.018593
152.75,0.0064654
152.8,-0.0020574
152.85,-0.0089684
152.9,-0.01125
152.95,-0.01219
153,-0.0086567
153.04,1.09e-05
153.09,0.0074458
153.14,0.015459
153.19,0.02231
153.24,0.030792
153.29,0.034642
153.34,0.034611
153.39,0.034188
153.44,0.033507
153.49,0.030949
153.53,0.033296
153.58,0.032238
153.63,0.03757
153.68,0.040956
153.73,0.051115
153.78,0.059182
153.83,0.069729
153.88,0.077399
153.93,0.08284
153.97,0.084478
154.02,0.085399
154.07,0.074841
154.12,0.065932
154.17,0.051603
154.22,0.03176
154.27,0.014404
154.32,-0.0038679
154.37,-0.021974
154.41,-0.03429
154.46,-0.046716
154.51,-0.047582
154.56,-0.049523
154.61,-0.047319
154.66,-0.040883
154.71,-0.031721
154.76,-0.019233
154.8,-0.0073688
154.85,0.0091227
154.9,0.021925
154.95,0.034813
155,0.043061
