0.0000000000030002172487962	0.0117877834799234252000000
0.0000000000030192064937032	0.0125867551691486550000000
0.0000000000030414493574538	0.0095651364036106970800000
0.0000000000030607103995382	0.0095742230028441361500000
0.0000000000030810554514180	0.0109151454324623292000000
0.0000000000031008569089430	0.0130430322588522690000000
0.0000000000031214737580004	0.0126273203442666421000000
0.0000000000031407332106276	0.0153497303757212863000000
0.0000000000031608080547872	0.0108437507242206636000000
0.0000000000031808813094896	0.0091409869321740031700000
0.0000000000032012263613695	0.0057662888787266058600000
0.0000000000032210294083516	0.0074752185790591240600000
0.0000000000032411026630541	0.0083481811487861965600000
0.0000000000032611759177565	0.0074239441976328571600000
0.0000000000032807071675612	0.0091062631422409497800000
0.0000000000033010522194411	0.0104471855720392592000000
0.0000000000033211270636007	0.0074859277853067266300000
0.0000000000033409285211256	0.0061579862104196884600000
0.0000000000033607315681078	0.0083614865262364168600000
0.0000000000033813484171651	0.0086616688224678828400000
0.0000000000034011498746901	0.0058049069255152411400000
0.0000000000034209529216722	0.0031415597816969644700000
0.0000000000034410261763746	0.0078613990467345032400000
0.0000000000034608292233568	0.0070728120412682019000000
0.0000000000034811742752367	0.0074327062754714710200000
0.0000000000035009773222188	0.0074573699019795302800000
0.0000000000035210505769213	0.0063877473627060831000000
0.0000000000035411238316237	0.0030779535869362444200000
0.0000000000035611986757833	0.0061794046229209920200000
0.0000000000035810001333082	0.0079444765254894651100000
0.0000000000036010749774678	0.0069890855196875264400000
0.0000000000036211482321703	0.0043886955287201273300000
0.0000000000036406794819750	0.0044474339024294625200000
0.0000000000036610245338548	0.0070426315509306948800000
0.0000000000036810977885573	0.0061946571287950919000000
0.0000000000037014428404372	0.0043134065635167268700000
0.0000000000037207038825216	0.0048160902147504087300000
0.0000000000037413191421217	0.0065272915653629614800000
0.0000000000037608503919264	0.0035994594796533723100000
0.0000000000037811954438063	0.0048871604017196070000000
0.0000000000038009984907884	0.0057958203262718230700000
0.0000000000038210717454909	0.0045022780193174870300000
0.0000000000038408747924730	0.0036465150829139850500000
0.0000000000038614916415303	-0.0007108337816347135670000
0.0000000000038810228913350	-0.0024856413307202847300000
0.0000000000039010961460375	-0.0025544398680209150600000
0.0000000000039208991930196	-0.0016899148522097637400000
0.0000000000039407006505446	0.0023175999423423626100000
0.0000000000039613174996019	0.0014446373710886161300000
0.0000000000039811205465841	-0.0002902540444117333410000
0.0000000000040011938012865	0.0001111789300357741410000
0.0000000000040204532539137	0.0031256582330067769800000
0.0000000000040416121078688	0.0013018479542103206400000
0.0000000000040608731499532	0.0009646702175071665120000
0.0000000000040812182018331	0.0027015087607805865700000
0.0000000000041007494516378	0.0061709670664816989100000
0.0000000000041213647112379	0.0056974903415891132700000
0.0000000000041414395553975	0.0099814973613636254200000
0.0000000000041606990080248	0.0083056688452083152200000
0.0000000000041810440599046	0.0065788904682045146600000
0.0000000000042008471068868	0.0090900370721745255000000
0.0000000000042211921587667	0.0086305147679427863400000
0.0000000000042409936162916	0.0091114554846609685500000
0.0000000000042613386681715	0.0108651691366945715000000
0.0000000000042808699179762	0.0090981501072092563900000
0.0000000000043014867670336	0.0108083778914985686000000
0.0000000000043207462196608	0.0086960680910088423300000
0.0000000000043413630687181	0.0117585765538325143000000
0.0000000000043611661157003	0.0137926766948619235000000
0.0000000000043806973655050	0.0121210669587568792000000
0.0000000000044013126251051	0.0126227770446541605000000
0.0000000000044211156720873	0.0094904964813264242100000
0.0000000000044411889267897	0.0075047500265891563600000
0.0000000000044609919737718	0.0043773372796598493400000
0.0000000000044810652284743	0.0044214721902935301400000
0.0000000000045011400726339	0.0061845969653480173400000
0.0000000000045214851245137	0.0132990796441500060000000
0.0000000000045407445771410	0.0208127236307072902000000
0.0000000000045610896290209	0.0213777153883857284000000
0.0000000000045811628837233	0.0178835934714048316000000
0.0000000000046009659307054	0.0183087165059773772000000
0.0000000000046213109825853	0.0182782114943383887000000
0.0000000000046408422323900	0.0187828422719554904000000
0.0000000000046611872842699	0.0164404468032774524000000
0.0000000000046807185340746	0.0151394405080717050000000
0.0000000000047013353831319	0.0138442755975951882000000
0.0000000000047211368406569	0.0142521989984151307000000
0.0000000000047412116848165	0.0186968441008546274000000
0.0000000000047610131423414	0.0160364176595192906000000
0.0000000000047805443921461	0.0156434222433399460000000
0.0000000000048014330383809	0.0134775664146376279000000
0.0000000000048206924910082	0.0099922065676024459600000
0.0000000000048413093400655	0.0108018874634765935000000
0.0000000000048611107975905	0.0100006441240348912000000
0.0000000000048814558494704	0.0074349779252824918500000
0.0000000000049009870992750	0.0060895121946907288700000
0.0000000000049210619434346	0.0074940408203411261800000
0.0000000000049411351981371	0.0057659643573259762600000
0.0000000000049612084528395	0.0052558167139949152400000
0.0000000000049807397026442	0.0044026499489925111100000
0.0000000000050013565517015	0.0032084111904760914900000
0.0000000000050208878015062	-0.0010996104214922677300000
0.0000000000050409610562086	0.0001293521285560223860000
0.0000000000050610359003682	0.0057779716491828036700000
0.0000000000050811091550707	0.0031542161163676109100000
0.0000000000051014542069505	-0.0026693204444673658900000
0.0000000000051207136595778	-0.0042643431375593045300000
0.0000000000051413305086351	-0.0050944688853500159600000
0.0000000000051611335556173	-0.0088754677493387036700000
0.0000000000051812068103197	-0.0077526236952213919000000
0.0000000000052010098573018	-0.0039700022254743087500000
0.0000000000052210831120043	-0.0051590486444677641600000
0.0000000000052408861589864	-0.0098081422616267711900000
0.0000000000052609594136888	-0.0093781514025922125400000
0.0000000000052810326683913	-0.0085048643071584054800000
0.0000000000053011075125509	-0.0053365618517081468000000
0.0000000000053211807672533	-0.0101401276569814177000000
0.0000000000053409838142354	-0.0071282445161535952900000
0.0000000000053610570689379	-0.0070850831695789436000000
0.0000000000053811303236403	-0.0063886602392373963900000
0.0000000000054012051677999	-0.0075384395693303364300000
0.0000000000054207364176046	-0.0062818926977294339800000
0.0000000000054413516772047	0.0000722363617819918471000
0.0000000000054611547241869	0.0001338954281857307190000
0.0000000000054806859739916	-0.0011258966550733791500000
0.0000000000055010310258714	-0.0020971892121102392700000
0.0000000000055211042805739	-0.0038729703261206971700000
0.0000000000055414493324538	-0.0034342173899737349900000
0.0000000000055607103745382	-0.0025197160779684125100000
0.0000000000055810554264180	-0.0016243615289448147600000
0.0000000000056011286811205	-0.0062880586043793825000000
0.0000000000056214737330004	-0.0066820275873178888800000
0.0000000000056407331856276	-0.0135527947337113052000000
0.0000000000056608080297872	-0.0246683018624826930000000
0.0000000000056814232893873	-0.0325616359939143313000000
0.0000000000057006843314718	-0.0426600930994911684000000
0.0000000000057210293833516	-0.0542850989371545661000000
0.0000000000057411026380541	-0.0702242924274164293000000
0.0000000000057611758927565	-0.0959169770172200453000000
0.0000000000057807071425612	-0.1216800829737578610000000
0.0000000000058013239916185	-0.1507497378844480100000000
0.0000000000058208552414232	-0.1856669445947259630000000
0.0000000000058412002933031	-0.2264664271387150650000000
0.0000000000058607315431078	-0.2728811046797762760000000
0.0000000000058810765949877	-0.3267075282659394620000000
0.0000000000059011498496901	-0.3930565867771187440000000
0.0000000000059209528966722	-0.4695878326676944380000000
0.0000000000059410261513747	-0.5584583614954584660000000
0.0000000000059608291983568	-0.6502443955872098110000000
0.0000000000059811742502367	-0.7479892984425361430000000
0.0000000000060007055000414	-0.8602322066005966270000000
0.0000000000060213223490987	-0.9732338544323807520000000
0.0000000000060408535989034	-1.1051028718873252500000000
0.0000000000060611986507833	-1.2440831449344338400000000
0.0000000000060807299005880	-1.3985414946949690200000000
0.0000000000061013451601881	-1.5712668685207569200000000
0.0000000000061208764099928	-1.7461006888836101400000000
0.0000000000061406794569750	-1.9227048073886154900000000
0.0000000000061612963060323	-2.1278289193359447600000000
0.0000000000061810977635573	-2.2952046836693962300000000
0.0000000000062011726077169	-2.4228859206023312100000000
0.0000000000062207038575216	-2.5145741102983500900000000
0.0000000000062407771122240	-2.5280518367077258200000000
0.0000000000062608503669264	-2.4467438074225098500000000
0.0000000000062814672159838	-2.2284683635772974900000000
0.0000000000063007266686110	-1.8575534809375691100000000
0.0000000000063213435176683	-1.3104124464984796500000000
0.0000000000063408747674730	-0.5808088047615870270000000
0.0000000000063614916165303	0.6545422937099868440000000
0.0000000000063810228663350	1.7826656371021971600000000
0.0000000000064000105217848	3.0812705710118275500000000
0.0000000000064214411729173	4.0379034838477956300000000
0.0000000000064404304178243	4.7457677779937812400000000
0.0000000000064613174746019	5.2192242349208441900000000
0.0000000000064811205215841	5.5566478777003682700000000
0.0000000000065014655734639	5.7536278590406135800000000
0.0000000000065199112240160	5.8504600539198747800000000
0.0000000000065413418751485	5.8580899188648922700000000
0.0000000000065611433326735	5.7630669388632158600000000
0.0000000000065812181768331	5.5590292274409813800000000
0.0000000000066007494266378	5.1829679024798238600000000
0.0000000000066208226813402	4.4813699463172964600000000
0.0000000000066414395303975	3.4188722425791628900000000
0.0000000000066612409879225	1.9390791411110404000000000
0.0000000000066807722377272	0.4195430633721315970000000
0.0000000000067005752847093	-1.2079038519533831200000000
0.0000000000067211921337667	-2.3349897815284963400000000
0.0000000000067407233835714	-3.2939750037227422100000000
0.0000000000067613386431715	-4.1427654449455717500000000
0.0000000000067808698929762	-4.5744623264112282900000000
0.0000000000068014867420336	-4.8489880064148476200000000
0.0000000000068207461946608	-4.9447964340734422700000000
0.0000000000068413630437181	-4.8895836235620038200000000
0.0000000000068608942935228	-4.7325136258711122400000000
0.0000000000068806973405050	-4.4188823264690153500000000
0.0000000000069013126001051	-3.8745067143604772200000000
0.0000000000069211156470873	-3.1705224540593768300000000
0.0000000000069414606989671	-2.4473805196793829700000000
0.0000000000069604499438741	-1.7444563370443537700000000
0.0000000000069813370006517	-1.0128387906312523700000000
0.0000000000070008682504564	-0.4551531180980039060000000
0.0000000000070214850995137	0.0654915316459526165000000
0.0000000000070407445521410	0.3420544982561099510000000
0.0000000000070610896040209	0.5438610352550729000000000
0.0000000000070811628587233	0.5476245095923348850000000
0.0000000000071009659057054	0.4099252233950610450000000
0.0000000000071213109575853	0.1937164236911019800000000
0.0000000000071408422073900	-0.0635005333589714061000000
0.0000000000071611872592699	-0.3341526991648430810000000
0.0000000000071807185090746	-0.5946113524143867840000000
0.0000000000072013353581319	-0.8197562587389010110000000
0.0000000000072211368156569	-0.9530297913256550180000000
0.0000000000072414818675368	-1.0147972782970193800000000
0.0000000000072607429096212	-0.9879742727836142710000000
0.0000000000072810879615010	-0.8738419907769034990000000
0.0000000000073011612162035	-0.6806277206184213610000000
0.0000000000073209642631856	-0.4049554902964178080000000
0.0000000000073410375178880	-0.0844380056588830835000000
0.0000000000073611107725905	0.2839901595283920170000000
0.0000000000073811856167501	0.6401380882038211200000000
0.0000000000074009870742750	0.9484833666018374080000000
0.0000000000074210619184346	1.1862747847605823500000000
0.0000000000074411351731371	1.3487110470008394400000000
0.0000000000074609382201192	1.4129688807802831500000000
0.0000000000074812832719991	1.3909647069771240400000000
0.0000000000075010847295241	1.2943212609177563400000000
0.0000000000075211595736837	1.1285778033207700700000000
0.0000000000075406908234884	0.9040554170500304520000000
0.0000000000075610358753682	0.6507937473714748840000000
0.0000000000075813809272481	0.3849948423035739470000000
0.0000000000076011823847731	0.1475915497784101580000000
0.0000000000076207136345778	-0.0609676437671737501000000
0.0000000000076413304836351	-0.2292472512493787530000000
0.0000000000076608617334398	-0.3316730308316054310000000
0.0000000000076817487902174	-0.3872375926645051370000000
0.0000000000077007380351244	-0.3854533737377524030000000
0.0000000000077210830870043	-0.3272498035930140320000000
0.0000000000077411563417067	-0.2245939385048663920000000
0.0000000000077609593886888	-0.1108482072143288640000000
0.0000000000077810326433913	0.0125124397683003437000000
0.0000000000078011074875509	0.1427143178110359120000000
0.0000000000078214525394307	0.2522299009503891630000000
0.0000000000078409837892354	0.3344178611914476180000000
0.0000000000078610570439379	0.3735674710895534600000000
0.0000000000078808600909200	0.3843941532370382940000000
0.0000000000079014753505202	0.3498345737611030510000000
0.0000000000079210066003248	0.2846405003755197450000000
0.0000000000079410814444844	0.2032502129693073980000000
0.0000000000079611546991869	0.1187377038866866130000000
0.0000000000079809577461690	0.0205641402381506050000000
0.0000000000080010310008714	-0.0569195637242124256000000
0.0000000000080211042555739	-0.1116134287074161960000000
0.0000000000080411790997335	-0.1281526625969718340000000
0.0000000000080607103495382	-0.1176443346634615940000000
0.0000000000080813256091383	-0.0846813967166803044000000
0.0000000000081008568589430	-0.0253569362829368511000000
0.0000000000081217455051778	0.0514339137785835912000000
0.0000000000081407331606276	0.1338493669914850860000000
0.0000000000081608080047872	0.2129355537155105950000000
0.0000000000081814232643873	0.2719643707103699960000000
0.0000000000082006843064718	0.3014724508038565950000000
0.0000000000082212995660719	0.2969070840314934620000000
0.0000000000082411026130541	0.2563169232409519550000000
0.0000000000082611758677565	0.1826356409418877500000000
0.0000000000082809789147386	0.0840376048732090347000000
0.0000000000083010521694411	-0.0397971652543804150000000
0.0000000000083211270136007	-0.1716320421676796330000000
0.0000000000083414720654805	-0.2793173382715042900000000
0.0000000000083607315181078	-0.3712610772588953440000000
0.0000000000083813483671651	-0.4278488562360505120000000
0.0000000000084011498246901	-0.4523090120277515890000000
0.0000000000084212246688497	-0.4390247261427500660000000
0.0000000000084407559186544	-0.3799355355491120800000000
0.0000000000084611009705343	-0.2775353910781555020000000
0.0000000000084811742252367	-0.1402719148812986430000000
0.0000000000085007054750414	0.0196538577104125763000000
0.0000000000085213223240987	0.1692510808330476010000000
0.0000000000085408535739034	0.3035808662078469110000000
0.0000000000085614688335036	0.4270761780351269850000000
0.0000000000085810000833082	0.5172447659590878600000000
0.0000000000086013451351881	0.5626982027366006500000000
0.0000000000086208763849928	0.5674488710785909880000000
0.0000000000086409512291524	0.5214333632995107320000000
0.0000000000086610244838548	0.4281957767758399760000000
0.0000000000086813695357347	0.2939380379249507680000000
0.0000000000087011725827169	0.1627918071208133980000000
0.0000000000087207038325216	0.0288404094979939178000000
0.0000000000087413190921217	-0.1124461506548253830000000
0.0000000000087608503419264	-0.2321536651555793080000000
0.0000000000087814671909837	-0.3291622084427947570000000
0.0000000000088007266436110	-0.3885093922241230070000000
0.0000000000088210716954909	-0.4176682936867712190000000
0.0000000000088411465396505	-0.4189809829675034680000000
0.0000000000088614915915303	-0.3856685314583891410000000
0.0000000000088810228413350	-0.3236599474206527380000000
0.0000000000089008242988600	-0.2456537565900124560000000
0.0000000000089211693507399	-0.1538930523409161310000000
0.0000000000089407006005446	-0.0513150790172749449000000
0.0000000000089613174496019	0.0417021660994758917000000
0.0000000000089811204965841	0.1216999351503025020000000
0.0000000000090011937512865	0.1821621642380873430000000
0.0000000000090207250010912	0.2248818349274565860000000
0.0000000000090405280480733	0.2463651505213539090000000
0.0000000000090611433076735	0.2477028276616123620000000
0.0000000000090814883595534	0.2233319207959493510000000
0.0000000000091007494016378	0.1859217445064499100000000
0.0000000000091210944535177	0.1314284374164396420000000
0.0000000000091414395053975	0.0767998042017191962000000
0.0000000000091612409629225	0.0167883337446769199000000
0.0000000000091810440099046	-0.0276788869335219019000000
0.0000000000092005752597093	-0.0744135393007221563000000
0.0000000000092214623164870	-0.1067881198129355250000000
0.0000000000092407233585714	-0.1253728121538695280000000
0.0000000000092613386181715	-0.1337753206459524340000000
0.0000000000092808698679762	-0.1349306168873122270000000
0.0000000000093014867170336	-0.1273436307084551970000000
0.0000000000093207461696608	-0.1110682327326654730000000
0.0000000000093413630187181	-0.0909190227572942433000000
0.0000000000093608942685228	-0.0613862763836730205000000
0.0000000000093804255183275	-0.0304360207899445762000000
0.0000000000094013125751051	0.0004908689704959974660000
0.0000000000094211156220873	0.0280200194001084812000000
0.0000000000094414606739671	0.0564130455760925506000000
0.0000000000094607201265944	0.0766985535264020912000000
0.0000000000094810651784743	0.0897190009251177673000000
0.0000000000095008682254564	0.1009675614739470460000000
0.0000000000095214850745137	0.1049124435283962510000000
0.0000000000095407445271410	0.1033615557912643260000000
0.0000000000095608177818434	0.1003048887888752520000000
0.0000000000095811628337233	0.0885361204431815568000000
0.0000000000096012376778829	0.0787235670322900816000000
0.0000000000096210391354079	0.0683414785465745467000000
0.0000000000096408421823900	0.0564652935210072440000000
0.0000000000096606452293721	0.0483383041671971853000000
0.0000000000096804466868971	0.0429658524242321899000000
0.0000000000097016055408522	0.0400045946646216052000000
0.0000000000097211367906569	0.0364588738634669674000000
0.0000000000097409398376390	0.0395596758273255092000000
0.0000000000097610130923414	0.0417849190560633590000000
0.0000000000097805443421461	0.0478950079379000318000000
0.0000000000098011611912035	0.0618835027612779018000000
0.0000000000098198786389330	0.0697430864555054625000000
0.0000000000098413092900655	0.0820229760547433462000000
0.0000000000098611107475905	0.0938611919981642562000000
0.0000000000098811855917501	0.0976201233011444181000000
0.0000000000099009870492750	0.1019979168973969560000000
0.0000000000099210618934346	0.0928791902603116754000000
0.0000000000099403213460619	0.0785960301240133386000000
0.0000000000099612084028395	0.0527109054772919028000000
0.0000000000099812832469991	0.0204839834523033899000000
0.0000000000100013565017015	-0.0158075694454980521000000
0.0000000000100208877515062	-0.0529285994541613958000000
0.0000000000100406907984884	-0.0910429899364197937000000
0.0000000000100610358503682	-0.1251232551856613080000000
0.0000000000100808373078932	-0.1596234515520791040000000
0.0000000000101011823597731	-0.1855877613677318070000000
0.0000000000101204434018575	-0.2030879036330903720000000
0.0000000000101413304586351	-0.2106288079786502450000000
0.0000000000101611335056173	-0.2017482791942189490000000
0.0000000000101814785574971	-0.1872639145134055990000000
0.0000000000102004662129469	-0.1662534241506337660000000
0.0000000000102210830620043	-0.1327731985133758780000000
0.0000000000102408861089864	-0.0895897830568142817000000
0.0000000000102609593636888	-0.0353035173483932374000000
0.0000000000102813044155687	0.0129485965311868546000000
0.0000000000103008356653734	0.0632685600813931714000000
0.0000000000103211807172533	0.1094787840457935310000000
0.0000000000103409837642354	0.1526154654083791140000000
0.0000000000103607852217604	0.1873113450848177260000000
0.0000000000103811302736403	0.2204306996188475640000000
0.0000000000104012051177999	0.2344376915997424810000000
0.0000000000104204645704271	0.2391396819255395540000000
0.0000000000104416234243822	0.2259079715444193560000000
0.0000000000104611546741869	0.2029308839257821790000000
0.0000000000104809577211690	0.1695892321193989690000000
0.0000000000105010309758714	0.1241692184182736220000000
0.0000000000105208340228536	0.0763211351436891977000000
0.0000000000105414492824538	0.0287118990238303534000000
0.0000000000105607103245382	-0.0191319667061333500000000
0.0000000000105810553764180	-0.0758949795357690554000000
0.0000000000106011286311205	-0.1293410600204683850000000
0.0000000000106214736830003	-0.1698653475553628670000000
0.0000000000106410049328050	-0.1973519874660779600000000
0.0000000000106610781875075	-0.2144682209625011770000000
0.0000000000106806094373121	-0.2205562429145005720000000
0.0000000000107006842814718	-0.2157510541583442240000000
0.0000000000107212995410719	-0.1989778397984436340000000
0.0000000000107408307908766	-0.1702479583098401860000000
0.0000000000107614476399339	-0.1291628977633418330000000
0.0000000000107804368848409	-0.0804123175624659598000000
0.0000000000108010521444411	-0.0317032768770295625000000
0.0000000000108213971963209	0.0216626451776908355000000
0.0000000000108409284461256	0.0708643078779953445000000
0.0000000000108610032902852	0.1167078225802548190000000
0.0000000000108813483421651	0.1534906995951138550000000
0.0000000000109011497996901	0.1790003523622131780000000
0.0000000000109212246438497	0.1890306593916115660000000
0.0000000000109407558936544	0.1876134744958997400000000
0.0000000000109608291483568	0.1714925500597280770000000
0.0000000000109811742002367	0.1507845157298373100000000
0.0000000000110007054500414	0.1220955267266379960000000
0.0000000000110213222990987	0.0807235923896908875000000
0.0000000000110408535489034	0.0416171414931399281000000
0.0000000000110611986007833	-0.0011736013012036770500000
0.0000000000110810000583082	-0.0392905873396107858000000
0.0000000000111013451101881	-0.0743917963662795445000000
0.0000000000111208763599928	-0.0992546797400717246000000
0.0000000000111406794069750	-0.1135540667612298800000000
0.0000000000111610244588548	-0.1140022308336987730000000
0.0000000000111813695107347	-0.1035889877248616500000000
0.0000000000112011725577169	-0.0830237413514823275000000
0.0000000000112209740152418	-0.0517856350577051081000000
0.0000000000112410488594014	-0.0140794929715195999000000
0.0000000000112608503169264	0.0219978757839846585000000
0.0000000000112814671659837	0.0544113975988681706000000
0.0000000000113007266186110	0.0873117012224130934000000
0.0000000000113213434676683	0.1028783434369725390000000
0.0000000000113411465146505	0.1101223099672154480000000
0.0000000000113612197693529	0.1066483084588320670000000
0.0000000000113807510191576	0.0923894874768610291000000
0.0000000000114013678682149	0.0649739200191095379000000
0.0000000000114208991180196	0.0357556359922757278000000
0.0000000000114407005755446	0.0008825663027889986200000
0.0000000000114613174246019	-0.0271658185925709901000000
0.0000000000114811204715841	-0.0469051576181383420000000
0.0000000000115011937262865	-0.0555676075397842154000000
0.0000000000115209967732686	-0.0564201252777064913000000
0.0000000000115407982307936	-0.0412977522361213378000000
0.0000000000115614150798509	-0.0114395113552452979000000
0.0000000000115809463296556	0.0135019055197002861000000
0.0000000000116010195843580	0.0422600183831218293000000
0.0000000000116210944285177	0.0682684612324788859000000
0.0000000000116411676832201	0.0936408419717527502000000
0.0000000000116612409379225	0.1091798998432339380000000
0.0000000000116810439849046	0.1132383643769695890000000
0.0000000000117008470318868	0.1069884068784668910000000
0.0000000000117211920837667	0.0912711867531438848000000
0.0000000000117407233335714	0.0657050667248061104000000
0.0000000000117616103903490	0.0309884166403473320000000
0.0000000000117808698429762	-0.0068799856430172261900000
0.0000000000118012148948561	-0.0386266165430799516000000
0.0000000000118207461446608	-0.0747834937076548023000000
0.0000000000118413629937181	-0.1036211153447222370000000
0.0000000000118608942435228	-0.1241909051603026230000000
0.0000000000118809674982252	-0.1395397945650521390000000
0.0000000000119010423423848	-0.1370922540413109510000000
0.0000000000119211155970873	-0.1259975158780011760000000
0.0000000000119414606489671	-0.1043496659163177520000000
0.0000000000119607201015944	-0.0703544255124887164000000
0.0000000000119810651534743	-0.0285378950921676144000000
0.0000000000120008682004564	0.0107444471754766548000000
0.0000000000120214850495137	0.0551146354664717175000000
0.0000000000120407445021410	0.0917203243624779702000000
0.0000000000120610895540209	0.1216116653317849270000000
0.0000000000120808926010030	0.1401447574443342450000000
0.0000000000121012376528829	0.1500092341305225010000000
0.0000000000121210391104079	0.1421882686378398710000000
0.0000000000121408421573900	0.1317759998260390200000000
0.0000000000121611872092699	0.1093158743067272200000000
0.0000000000121807184590746	0.0762312427172028573000000
0.0000000000122013353081319	0.0432498086476321153000000
0.0000000000122211367656569	0.0128866129436112312000000
0.0000000000122412116098165	-0.0127317555831398064000000
0.0000000000122604710624437	-0.0326651583222051789000000
0.0000000000122813581192213	-0.0487412997379560870000000
0.0000000000123008893690260	-0.0581858462574969884000000
0.0000000000123204206188307	-0.0537188090811526880000000
0.0000000000123413092650655	-0.0513332522160606167000000
0.0000000000123608405148702	-0.0481234109792458981000000
0.0000000000123814557744704	-0.0425319071440084240000000
0.0000000000124007168165548	-0.0457385031611535833000000
0.0000000000124213320761549	-0.0487169606324345181000000
0.0000000000124403213210619	-0.0512797061838759713000000
0.0000000000124617519721944	-0.0465699270050034947000000
0.0000000000124807396276442	-0.0409219564478015829000000
0.0000000000125010846795241	-0.0325882467491481961000000
0.0000000000125211595236837	-0.0230469929259311569000000
0.0000000000125406907734884	-0.0073177650154106791900000
0.0000000000125610358253682	0.0123978837137886343000000
0.0000000000125813808772481	0.0348816998651299004000000
0.0000000000126011823347731	0.0528160504100208053000000
0.0000000000126204433768575	0.0686737884560316564000000
0.0000000000126413304336351	0.0841200333074603873000000
0.0000000000126608616834398	0.0933799267710886949000000
0.0000000000126817487402174	0.0968445171705467067000000
0.0000000000127004661879469	0.0963600067298902852000000
0.0000000000127210830370043	0.0843115009302917023000000
0.0000000000127408860839864	0.0719628128024653729000000
0.0000000000127609593386888	0.0509153285854775720000000
0.0000000000127813043905687	0.0335930253898444817000000
0.0000000000128008356403734	0.0143076921579493518000000
0.0000000000128211806922533	-0.0120518832431880125000000
0.0000000000128407119420580	-0.0300141429633622309000000
0.0000000000128613287911153	-0.0478027838292858151000000
0.0000000000128808600409200	-0.0573281361765816330000000
0.0000000000129012050927999	-0.0688479971315946598000000
0.0000000000129204645454271	-0.0756642448134571960000000
0.0000000000129413516022047	-0.0825807696262097907000000
0.0000000000129614264463643	-0.0817162445889385580000000
0.0000000000129806858989916	-0.0733945420748448596000000
0.0000000000130004889459737	-0.0640785059873545393000000
0.0000000000130205622006761	-0.0485881256338954737000000
0.0000000000130414492574538	-0.0296808594804050876000000
0.0000000000130601667051832	-0.0128226215760755789000000
0.0000000000130810553514180	0.0074132349913848877000000
0.0000000000131005866012227	0.0296487923039619218000000
0.0000000000131214736580003	0.0500949384925591101000000
0.0000000000131404629029073	0.0667870210595628705000000
0.0000000000131616217568624	0.0825607080059139881000000
0.0000000000131803392045919	0.0938985119584572620000000
0.0000000000132001406621168	0.0946160287601518768000000
0.0000000000132212995160719	0.0955081380715265133000000
0.0000000000132408307658766	0.0923193908557671111000000
0.0000000000132614476149339	0.0736649275223246747000000
0.0000000000132807070675612	0.0662470174564128989000000
0.0000000000133007819117208	0.0517091079236265128000000
0.0000000000133205833692457	0.0271447851854774054000000
0.0000000000133414720154805	0.0072256616213502277600000
0.0000000000133601894632100	-0.0043311945464865973100000
0.0000000000133813483171651	-0.0170563278069662989000000
0.0000000000134008795669698	-0.0290194848570621937000000
0.0000000000134206810244948	-0.0285966334664500069000000
0.0000000000134410260763746	-0.0268773190637409294000000
0.0000000000134605573261793	-0.0238086446620381607000000
0.0000000000134814459724141	-0.0230969692222024008000000
0.0000000000135004336278639	-0.0178845064294860627000000
0.0000000000135213222740987	-0.0123004666381111606000000
0.0000000000135408535239034	-0.0073914313738478298200000
0.0000000000135611985757833	-0.0037983304035462410600000
0.0000000000135804580284105	-0.0070445179942281799600000
0.0000000000136016168823656	-0.0105886162360936779000000
0.0000000000136208779244500	-0.0101326636647077473000000
0.0000000000136406793819750	-0.0122576298128743173000000
0.0000000000136610244338548	-0.0183024899976719294000000
0.0000000000136808258913798	-0.0299047792498641184000000
0.0000000000137014443298943	-0.0400924797338482186000000
0.0000000000137204319853441	-0.0490788020011633658000000
0.0000000000137413206315789	-0.0499387837297063514000000
0.0000000000137608518813836	-0.0529496933456403210000000
0.0000000000137811969332635	-0.0530145976271093750000000
0.0000000000138007281830682	-0.0479682897467749794000000
0.0000000000138210732349480	-0.0272174174959233343000000
0.0000000000138408746924730	-0.0097529736231055028100000
0.0000000000138614899520732	0.0188094530267872151000000
0.0000000000138810212018779	0.0395587022631291169000000
0.0000000000139010960460375	0.0598085129513392377000000
0.0000000000139208975035624	0.0800115924491841546000000
0.0000000000139407021400018	0.0963765573209645204000000
0.0000000000139613173996019	0.1070331908306692420000000
0.0000000000139811188571269	0.1100220328569238430000000
0.0000000000140014639090068	0.1050276486228898240000000
0.0000000000140204547433709	0.0856004999095073965000000
0.0000000000140410700029711	0.0634580805768857614000000
0.0000000000140603310450555	0.0354106697453029293000000
0.0000000000140814898990105	0.0084033497870100552800000
0.0000000000141007477621806	-0.0105146253561787407000000
0.0000000000141208226063402	-0.0299508612893750019000000
0.0000000000141417112525750	-0.0420425288633614266000000
0.0000000000141606989080248	-0.0499725339560388934000000
0.0000000000141813141676249	-0.0534316076355855069000000
0.0000000000142008454174296	-0.0465092415019506614000000
0.0000000000142211904693095	-0.0338684836932913666000000
0.0000000000142407217191142	-0.0251618989187859590000000
0.0000000000142610667709941	-0.0182677662074578785000000
0.0000000000142808714074334	-0.0097201969613981819500000
0.0000000000143017568747538	0.0087181355462960640600000
0.0000000000143204743224833	0.0164991851767851000000000
0.0000000000143416331764384	0.0164229226476476191000000
0.0000000000143608942185228	0.0121493003206425594000000
0.0000000000143806956760478	0.0044331549607533622000000
0.0000000000144013141145623	-0.0029471107649155074200000
0.0000000000144211155720873	-0.0058392455044340456000000
0.0000000000144414606239671	-0.0011434208107933498000000
0.0000000000144607216660516	0.0018090749055098853200000
0.0000000000144810667179314	0.0065980372308927538800000
0.0000000000145008681754564	0.0143054205081462309000000
0.0000000000145214834350566	0.0204940436157104687000000
0.0000000000145410146848613	0.0279713411901809823000000
0.0000000000145608193213006	0.0391293604529092121000000
0.0000000000145814345809007	0.0546872407864524776000000
0.0000000000146009658307054	0.0679958632598534757000000
0.0000000000146213108825853	0.0697619086964651747000000
0.0000000000146408421323900	0.0715152977978272125000000
0.0000000000146611871842699	0.0671508095445803033000000
0.0000000000146807184340746	0.0607794809701494368000000
0.0000000000147013336936747	0.0431002042830828935000000
0.0000000000147211383301141	0.0305889307978420288000000
0.0000000000147414833819939	0.0084510544330068000700000
0.0000000000147610146317986	-0.0157514272426661772000000
0.0000000000147810862970439	-0.0382209647857325099000000
0.0000000000148008909334832	-0.0574271152059590076000000
0.0000000000148212359853631	-0.0689395121689403423000000
0.0000000000148410374428880	-0.0838574368551214811000000
0.0000000000148608389004130	-0.0884403282186203565000000
0.0000000000148814573389275	-0.0834456191851365714000000
0.0000000000149009885887322	-0.0743853059380895354000000
0.0000000000149210602539775	-0.0551775328078573449000000
0.0000000000149408648904168	-0.0326041482980091862000000
0.0000000000149614801500170	-0.0057269610991108159400000
0.0000000000149807411921014	0.0204168075224570138000000
0.0000000000150013564517015	0.0422626145543095397000000
