0.0000000000030002172487962	0.0073862997150652889200000
0.0000000000030194767014235	0.0074417928747132419700000
0.0000000000030414493574538	0.0083124837946343174000000
0.0000000000030607103995382	0.0086616688224687033600000
0.0000000000030810554514180	0.0078893078872533158800000
0.0000000000031008569089430	0.0043994047349758492700000
0.0000000000031214737580004	0.0056948941703752640700000
0.0000000000031407332106276	0.0031039152990848832200000
0.0000000000031608080547872	0.0022828761523373650300000
0.0000000000031808813094896	0.0000667194979466729995000
0.0000000000032009545641920	0.0018405534815019708700000
0.0000000000032210294083516	0.0043822051006854254000000
0.0000000000032411026630541	0.0009607759606818654150000
0.0000000000032611759177565	0.0000242071942674378099000
0.0000000000032807071675612	0.0035403965845293037700000
0.0000000000033010522194411	0.0017529327029709160800000
0.0000000000033211270636007	0.0031561632447803648400000
0.0000000000033412003183031	0.0044464603382235769200000
0.0000000000033604597709303	0.0048663910320124138500000
0.0000000000033813484171651	0.0086490124878189547000000
0.0000000000034011498746901	0.0099591053846821153700000
0.0000000000034209529216722	0.0091714919438956460400000
0.0000000000034407559686544	0.0043812315364790809700000
0.0000000000034611010205343	0.0075174063612440745000000
0.0000000000034811742752367	0.0108473204596315417000000
0.0000000000035009773222188	0.0099772785831472952300000
0.0000000000035210505769213	0.0126370559862958674000000
0.0000000000035408536239034	0.0091870689711553987800000
0.0000000000035614688835036	0.0129755318074624114000000
0.0000000000035807299255880	0.0087038566046390517700000
0.0000000000036013451851881	0.0078701611245701342400000
0.0000000000036208764349928	0.0061479260469717586900000
0.0000000000036406794819750	0.0060463508482845639400000
0.0000000000036612963310323	0.0051795541846092951400000
0.0000000000036808275808370	0.0043890200501208454000000
0.0000000000037014428404372	0.0031006700850646682300000
0.0000000000037209740902418	0.0048550327829530231700000
0.0000000000037410489344014	0.0103118601477616163000000
0.0000000000037608503919264	0.0043442360966826102900000
0.0000000000037814672409837	0.0029851404660068531700000
0.0000000000038007266936110	0.0038847137918173783000000
0.0000000000038213435426683	0.0047732533897316201100000
0.0000000000038408747924730	0.0044276380969225882500000
0.0000000000038614916415303	0.0057575268008819534300000
0.0000000000038810228913350	0.0070221867026374991100000
0.0000000000039010961460375	0.0048482178335176040500000
0.0000000000039208991930196	0.0066016069663098302100000
0.0000000000039407006505446	0.0069313207102257188800000
0.0000000000039613174996019	0.0043471567892980041500000
0.0000000000039811205465841	0.0069946023835127397300000
0.0000000000040014655984639	0.0065957655810848416700000
0.0000000000040204532539137	0.0083030726739966934100000
0.0000000000040413419001485	0.0094664818976351039500000
0.0000000000040608731499532	0.0074735959720511596000000
0.0000000000040812182018331	0.0073765640730235355200000
0.0000000000041007494516378	0.0061320244982960041000000
0.0000000000041210945035177	0.0056750983648799734100000
0.0000000000041414395553975	0.0073428138472748623700000
0.0000000000041609708052022	0.0077354847429896489100000
0.0000000000041807722627272	0.0044279626183262128500000
0.0000000000042011173146071	0.0062903909422439979800000
0.0000000000042211921587667	0.0066171839935825161800000
0.0000000000042407234085714	0.0043812315364786516200000
0.0000000000042613386681715	0.0022445826269113125300000
0.0000000000042808699179762	0.0061985513856138664200000
0.0000000000043014867670336	0.0044224457544963574300000
0.0000000000043207462196608	0.0056802907073057783500000
0.0000000000043413630687181	0.0057231275323163816800000
0.0000000000043608943185228	0.0082998274599833839200000
0.0000000000043806973655050	0.0112016978296253910000000
0.0000000000044013126251051	0.0112335009269324236000000
0.0000000000044211156720873	0.0103754663423872903000000
0.0000000000044414607239671	0.0125585218072657556000000
0.0000000000044607201765944	0.0103618364435391335000000
0.0000000000044810652284743	0.0099380114936024697300000
0.0000000000045011400726339	0.0099292494157717879000000
0.0000000000045214851245137	0.0086201300830999836500000
0.0000000000045407445771410	0.0095628647538023216900000
0.0000000000045610896290209	0.0094840060533013248500000
0.0000000000045811628837233	0.0097163633765771501000000
0.0000000000046012377278829	0.0129664452082388967000000
0.0000000000046210391854079	0.0143300841346036458000000
0.0000000000046408422323900	0.0142700476754617656000000
0.0000000000046611872842699	0.0109258546386965440000000
0.0000000000046807185340746	0.0129794260642750736000000
0.0000000000047013353831319	0.0125653367566850062000000
0.0000000000047211368406569	0.0151806547259629374000000
0.0000000000047412116848165	0.0116547297055008322000000
0.0000000000047610131423414	0.0086090963554553094000000
0.0000000000047808161893236	0.0060690673463948520800000
0.0000000000048011612412035	0.0077861100816100561200000
0.0000000000048209642881856	0.0086162358262845892300000
0.0000000000048407657457106	0.0086275940753307162100000
0.0000000000048613825947679	0.0125822118695364752000000
0.0000000000048811856417501	0.0120824489120394934000000
0.0000000000049012588964525	0.0086525822232323187300000
0.0000000000049207901462572	0.0074787883144748282300000
0.0000000000049411351981371	0.0030971003496454221900000
0.0000000000049612084528395	0.0039849909049600668400000
0.0000000000049810114998216	0.0052493262859592678900000
0.0000000000050013565517015	0.0013521487715209377000000
0.0000000000050208878015062	0.0039651950994535898100000
0.0000000000050409610562086	0.0086950945268028431000000
0.0000000000050610359003682	0.0057685605285376587900000
0.0000000000050813809522481	-0.0003285475698633557200000
0.0000000000051011824097731	0.0003620339738613245850000
0.0000000000051204434518575	0.0005466866516555525480000
0.0000000000051413305086351	-0.0029993587107047508400000
0.0000000000051611335556173	-0.0030473878782632671600000
0.0000000000051814786074971	-0.0000075959031422425057000
0.0000000000052007380601244	-0.0030055246173503343500000
0.0000000000052210831120043	-0.0062896812113932320100000
0.0000000000052411563667067	-0.0053806967624689455400000
0.0000000000052609594136888	-0.0062763758338838255400000
0.0000000000052810326683913	-0.0114920838225666209000000
0.0000000000053011075125509	-0.0094505196754656392600000
0.0000000000053211807672533	-0.0058402190686444224100000
0.0000000000053409838142354	-0.0029412693796722964700000
0.0000000000053613288661153	-0.0029360770372353784500000
0.0000000000053808601159200	-0.0061588990861010930700000
0.0000000000054012051677999	-0.0038051453529997572600000
0.0000000000054204646204271	-0.0028971344689455659700000
0.0000000000054416234743822	-0.0089192781387420483400000
0.0000000000054611547241869	-0.0028770141419967639600000
0.0000000000054806859739916	-0.0029519785859519393800000
0.0000000000055010310258714	-0.0029558728427798294500000
0.0000000000055211042805739	0.0000761306186069228119000
0.0000000000055411791247335	-0.0038229940301360309600000
0.0000000000055607103745382	-0.0025333459768662916300000
0.0000000000055810554264180	-0.0030064981815575778100000
0.0000000000056011286811205	-0.0047050432022330002100000
0.0000000000056214737330004	-0.0140087473055598034000000
0.0000000000056410049828050	-0.0208863294164504248000000
0.0000000000056608080297872	-0.0286255158714846213000000
0.0000000000056808812844896	-0.0312638748944053316000000
0.0000000000057009545391920	-0.0507114691999631245000000
0.0000000000057210293833516	-0.0718952531634836911000000
0.0000000000057411026380541	-0.0906899106409033845000000
0.0000000000057611758927565	-0.1124506939545549530000000
0.0000000000057807071425612	-0.1392808264745303560000000
0.0000000000058013239916185	-0.1809597613711213800000000
0.0000000000058205834442457	-0.2216060697290980210000000
0.0000000000058412002933031	-0.2627252064509694170000000
0.0000000000058607315431078	-0.3180914840379149840000000
0.0000000000058810765949877	-0.3887832883273961150000000
0.0000000000059011498496901	-0.4571203671857146380000000
0.0000000000059209528966722	-0.5375474957495248730000000
0.0000000000059410261513747	-0.6187865804358484430000000
0.0000000000059608291983568	-0.7050249225275354580000000
0.0000000000059811742502367	-0.8098067533039378100000000
0.0000000000060007055000414	-0.9345979406903278660000000
0.0000000000060213223490987	-1.0589279936218736200000000
0.0000000000060408535989034	-1.1902089863916418500000000
0.0000000000060611986507833	-1.3485184276348654000000000
0.0000000000060807299005880	-1.5043180396704207700000000
0.0000000000061013451601881	-1.7078853296865830200000000
0.0000000000061206062022725	-1.8720664211485611400000000
0.0000000000061406794569750	-2.0653785734042626700000000
0.0000000000061610245088548	-2.2433444501051793500000000
0.0000000000061813695607347	-2.4071157724766658600000000
0.0000000000062011726077169	-2.5003483607671364000000000
0.0000000000062207038575216	-2.5410616025156462800000000
0.0000000000062407771122240	-2.5089423542348630000000000
0.0000000000062608503669264	-2.3213559634600211500000000
0.0000000000062814672159838	-1.9790291439339080500000000
0.0000000000063007266686110	-1.4890785007396969400000000
0.0000000000063210717204909	-0.7367342434215342630000000
0.0000000000063408747674730	0.2493591847977274510000000
0.0000000000063614916165303	1.5729319760084632400000000
0.0000000000063810228663350	2.8466040443037110600000000
0.0000000000064005541161397	3.9784601171996305500000000
0.0000000000064214411729173	4.8444868812944612500000000
0.0000000000064401586206468	5.2998535477590866800000000
0.0000000000064613174746019	5.6459115053851389700000000
0.0000000000064808487244066	5.8557036997650389000000000
0.0000000000065014655734639	5.9597432535903802600000000
0.0000000000065201830211934	5.9780272198057859900000000
0.0000000000065410700779711	5.8878944552579639500000000
0.0000000000065611433326735	5.6835775997579611700000000
0.0000000000065812181768331	5.3134422922999862100000000
0.0000000000066010196343581	4.6956472274518708000000000
0.0000000000066205508841627	3.4759663524294590600000000
0.0000000000066417097381178	1.9752327810485241800000000
0.0000000000066609707802022	0.3651772954203446050000000
0.0000000000066810440349046	-1.2372545609046534700000000
0.0000000000067005752847093	-2.6185451490733906400000000
0.0000000000067211921337667	-3.7390664921920659900000000
0.0000000000067407233835714	-4.5014150643782713200000000
0.0000000000067613386431715	-4.9377046210018873400000000
0.0000000000067808698929762	-5.1423719351321102100000000
0.0000000000068012149448561	-5.2207833604245612600000000
0.0000000000068207461946608	-5.1836445375540103300000000
0.0000000000068413630437181	-5.0176467849668950900000000
0.0000000000068611660907003	-4.7379828185742107700000000
0.0000000000068806973405050	-4.2036430378364668600000000
0.0000000000069013126001051	-3.4684460924977642500000000
0.0000000000069211156470873	-2.6414830220052021300000000
0.0000000000069414606989671	-1.7981539833361481800000000
0.0000000000069607201515944	-1.0387654680367444100000000
0.0000000000069810652034743	-0.3131412340101562000000000
0.0000000000070011400476339	0.2917932761226414430000000
0.0000000000070214850995137	0.7480722730688473820000000
0.0000000000070407445521410	0.9370631349393366840000000
0.0000000000070610896040209	0.9741565770507133460000000
0.0000000000070811628587233	0.8716360565056611160000000
0.0000000000071009659057054	0.6375308835208922660000000
0.0000000000071213109575853	0.3248613556425531960000000
0.0000000000071408422073900	-0.0070013566479305202500000
0.0000000000071611872592699	-0.3614339188285641270000000
0.0000000000071807185090746	-0.6578229460260525130000000
0.0000000000072013353581319	-0.8730118646843548770000000
0.0000000000072211368156569	-0.9993029960671493400000000
0.0000000000072412116598165	-1.0349036612996629400000000
0.0000000000072610131173414	-0.9599041314392974250000000
0.0000000000072810879615010	-0.7861643868947454370000000
0.0000000000073011612162035	-0.5375455486210012340000000
0.0000000000073209642631856	-0.2092366110653713920000000
0.0000000000073410375178880	0.1631572182041063910000000
0.0000000000073611107725905	0.5355610766721042860000000
0.0000000000073814558244704	0.8838471466822092060000000
0.0000000000074007168665548	1.1529564986738378700000000
0.0000000000074213321261549	1.3776521900092386600000000
0.0000000000074408633759596	1.5010462630216321300000000
0.0000000000074612084278395	1.5326981348292905100000000
0.0000000000074810114748216	1.4623710991893730200000000
0.0000000000075013565267015	1.3187015797884738000000000
0.0000000000075208877765062	1.0944027811552823300000000
0.0000000000075409610312086	0.8322083325178637470000000
0.0000000000075610358753682	0.5454930532289492540000000
0.0000000000075811091300707	0.2480020363764964820000000
0.0000000000076011823847731	-0.0155615822216934076000000
0.0000000000076207136345778	-0.2307030543736024450000000
0.0000000000076413304836351	-0.3867125169598436550000000
0.0000000000076608617334398	-0.4772118153843966090000000
0.0000000000076814785824971	-0.5089055552790704430000000
0.0000000000077010098323018	-0.4897350986817473600000000
0.0000000000077210830870043	-0.4075672389419382480000000
0.0000000000077411563417067	-0.2888644343566460490000000
0.0000000000077609593886888	-0.1453714444292468770000000
0.0000000000077810326433913	0.0047453445491637408200000
0.0000000000078011074875509	0.1524408729009328060000000
0.0000000000078214525394307	0.2746225253448574270000000
0.0000000000078409837892354	0.3607001985090045880000000
0.0000000000078610570439379	0.4080303430875358850000000
0.0000000000078808600909200	0.4131941272026316560000000
0.0000000000079014753505202	0.3736067381760810880000000
0.0000000000079210066003248	0.3028782774208640950000000
0.0000000000079410814444844	0.2075338952584757370000000
0.0000000000079611546991869	0.1187743748039588880000000
0.0000000000079809577461690	0.0312292115185819480000000
0.0000000000080010310008714	-0.0433961076490868777000000
0.0000000000080211042555739	-0.1082822163989601990000000
0.0000000000080411790997335	-0.1238556745386526210000000
0.0000000000080607103495382	-0.1135589345824373070000000
0.0000000000080813256091383	-0.0727967736386662678000000
0.0000000000081011286561205	-0.0111094730881879343000000
0.0000000000081214737080004	0.0708896205468633051000000
0.0000000000081407331606276	0.1490252852776089430000000
0.0000000000081610782125075	0.2047923385938419380000000
0.0000000000081811530566671	0.2536178789034785880000000
0.0000000000082009545141920	0.2695496071107821860000000
0.0000000000082210293583516	0.2493328985673985420000000
0.0000000000082411026130541	0.2015604301137436380000000
0.0000000000082611758677565	0.1154496531432908780000000
0.0000000000082809789147386	0.0067992404997838443200000
0.0000000000083010521694411	-0.1166081377880071050000000
0.0000000000083211270136007	-0.2364944637782110110000000
0.0000000000083412002683031	-0.3415060305193069470000000
0.0000000000083607315181078	-0.4160437392900323550000000
0.0000000000083813483671651	-0.4520646473690800300000000
0.0000000000084011498246901	-0.4493763116041031290000000
0.0000000000084212246688497	-0.4075107722092335400000000
0.0000000000084407559186544	-0.3240201662191479200000000
0.0000000000084611009705343	-0.1933470685813702130000000
0.0000000000084811742252367	-0.0372350687549391976000000
0.0000000000085007054750414	0.1343968345774739500000000
0.0000000000085213223240987	0.2937309932843812360000000
0.0000000000085408535739034	0.4302704419202089680000000
0.0000000000085614688335036	0.5452860085943919130000000
0.0000000000085810000833082	0.6149636674753778950000000
0.0000000000086010749274678	0.6305624361518401550000000
0.0000000000086211481821703	0.5966110104456698870000000
0.0000000000086409512291524	0.5194602733616708880000000
0.0000000000086610244838548	0.3957472090401273340000000
0.0000000000086813695357347	0.2461645963066882160000000
0.0000000000087011725827169	0.0924699687825347311000000
0.0000000000087207038325216	-0.0641206937704860841000000
0.0000000000087410488844014	-0.2067816064862680880000000
0.0000000000087611221391039	-0.3235739492390897200000000
0.0000000000087811953938063	-0.4070200957735961580000000
0.0000000000088009984407884	-0.4592174248602560740000000
0.0000000000088210716954909	-0.4701447114962232780000000
0.0000000000088411465396505	-0.4564677545300699360000000
0.0000000000088614915915303	-0.3955317118778540200000000
0.0000000000088810228413350	-0.3151993489730947620000000
0.0000000000089008242988600	-0.2165841006584981190000000
0.0000000000089211693507399	-0.1096938845467842070000000
0.0000000000089404303928243	0.0008319409640619298760000
0.0000000000089613174496019	0.0945365210186588784000000
0.0000000000089811204965841	0.1817516446833440930000000
0.0000000000090014655484639	0.2414437837469669560000000
0.0000000000090207250010912	0.2763411905797549250000000
0.0000000000090410700529711	0.2855008065556776660000000
0.0000000000090611433076735	0.2699007392456076460000000
0.0000000000090812181518331	0.2300741770731359600000000
0.0000000000091007494016378	0.1867177954683818530000000
0.0000000000091210944535177	0.1260027642793452860000000
0.0000000000091414395053975	0.0544730566643063310000000
0.0000000000091609707552022	-0.0082838652317650512300000
0.0000000000091810440099046	-0.0595747978835559980000000
0.0000000000092003034625319	-0.1037882438722681770000000
0.0000000000092214623164870	-0.1361975484963632300000000
0.0000000000092407233585714	-0.1484988573301675720000000
0.0000000000092613386181715	-0.1598551598452680470000000
0.0000000000092808698679762	-0.1553861753871263460000000
0.0000000000093012149198561	-0.1384575156405411230000000
0.0000000000093210179668382	-0.1152918789325761140000000
0.0000000000093410912215407	-0.0857023410747627529000000
0.0000000000093608942685228	-0.0524028747743108328000000
0.0000000000093806973155050	-0.0183342930952522278000000
0.0000000000094013125751051	0.0155506091227487660000000
0.0000000000094211156220873	0.0478440580784557784000000
0.0000000000094414606739671	0.0742870350374747746000000
0.0000000000094604499188741	0.0950022092187180478000000
0.0000000000094813369756517	0.1087914477362854070000000
0.0000000000095008682254564	0.1151426559063683380000000
0.0000000000095214850745137	0.1143784080278613950000000
0.0000000000095407445271410	0.1045830543145572080000000
0.0000000000095608177818434	0.0994507484816005566000000
0.0000000000095811628337233	0.0899276681815733281000000
0.0000000000096012376778829	0.0816604856567272747000000
0.0000000000096210391354079	0.0671180328835749157000000
0.0000000000096408421823900	0.0589855266892108307000000
0.0000000000096606452293721	0.0494978191210163204000000
0.0000000000096804466868971	0.0365292950069987521000000
0.0000000000097016055408522	0.0309783564769721340000000
0.0000000000097211367906569	0.0335583016001511358000000
0.0000000000097412116348165	0.0347710380681017714000000
0.0000000000097607428846212	0.0448344466344916745000000
0.0000000000097810879365011	0.0495477954162458767000000
0.0000000000098008893940260	0.0576183180443500531000000
0.0000000000098201504361104	0.0692618212254286492000000
0.0000000000098413092900655	0.0812467208782834821000000
0.0000000000098611107475905	0.0945725428933859441000000
0.0000000000098811855917501	0.1002422561599670410000000
0.0000000000099007168415548	0.0985826537542264930000000
0.0000000000099210618934346	0.0868031761973958871000000
0.0000000000099405931432393	0.0679066198759519929000000
0.0000000000099612084028395	0.0315365332836515175000000
0.0000000000099812832469991	-0.0107606125797682882000000
0.0000000000100013565017015	-0.0518554071602666741000000
0.0000000000100208877515062	-0.0974503406886632478000000
0.0000000000100406907984884	-0.1409151163293721200000000
0.0000000000100610358503682	-0.1795932016653438430000000
0.0000000000100808373078932	-0.2046884432978767760000000
0.0000000000101011823597731	-0.2248606951177422870000000
0.0000000000101204434018575	-0.2281283013675984290000000
0.0000000000101413304586351	-0.2230959475986868390000000
0.0000000000101611335056173	-0.2042075025469172470000000
0.0000000000101814785574971	-0.1792044250025595640000000
0.0000000000102007380101244	-0.1439315429007029520000000
0.0000000000102210830620043	-0.0935009151068898342000000
0.0000000000102408861089864	-0.0385756666823514824000000
0.0000000000102612311608663	0.0224019049270565776000000
0.0000000000102810326183913	0.0736662256079060052000000
0.0000000000103008356653734	0.1245145091787159680000000
0.0000000000103211807172533	0.1766874884339888760000000
0.0000000000103409837642354	0.2213656457276667600000000
0.0000000000103610570189378	0.2580362375242541420000000
0.0000000000103808600659200	0.2763317794597008880000000
0.0000000000104014753255202	0.2820313484741791550000000
0.0000000000104204645704271	0.2665305846974160290000000
0.0000000000104416234243822	0.2405919151159275350000000
0.0000000000104611546741869	0.2067540703692972990000000
0.0000000000104809577211690	0.1581307064152798480000000
0.0000000000105010309758714	0.0974159993446091638000000
0.0000000000105208340228536	0.0356371856817010585000000
0.0000000000105414492824538	-0.0239793429207861494000000
0.0000000000105607103245382	-0.0802367514795516990000000
0.0000000000105810553764180	-0.1370588283354319810000000
0.0000000000106011286311205	-0.1883900038490330390000000
0.0000000000106214736830003	-0.2223128773961531300000000
0.0000000000106410049328050	-0.2444653591151607070000000
0.0000000000106610781875075	-0.2522266136332115830000000
0.0000000000106808812344896	-0.2500273319001905520000000
0.0000000000107009544891920	-0.2264427370745268340000000
0.0000000000107210293333516	-0.1932669117898742070000000
0.0000000000107411025880541	-0.1550648991828109950000000
0.0000000000107614476399339	-0.1008870224440027020000000
0.0000000000107804368848409	-0.0436433929607480536000000
0.0000000000108010521444411	0.0188496936804320725000000
0.0000000000108213971963209	0.0754686174381772046000000
0.0000000000108412002433031	0.1229068302055006250000000
0.0000000000108607314931078	0.1657241823864518400000000
0.0000000000108813483421651	0.1975240331154773100000000
0.0000000000109008795919698	0.2146000238991255250000000
0.0000000000109212246438497	0.2171572524117598160000000
0.0000000000109410261013747	0.2079658332224344760000000
0.0000000000109608291483568	0.1804262993380133240000000
0.0000000000109811742002367	0.1426211801721220810000000
0.0000000000110009772472188	0.1012365897089476390000000
0.0000000000110213222990987	0.0554735561316549372000000
0.0000000000110405817517259	0.0088778000757339294700000
0.0000000000110614688085036	-0.0414460585187421265000000
0.0000000000110810000583082	-0.0868300529773837343000000
0.0000000000111013451101881	-0.1220896289991238860000000
0.0000000000111208763599928	-0.1367304126620217660000000
0.0000000000111409512041524	-0.1447626422502919230000000
0.0000000000111610244588548	-0.1331249797282617890000000
0.0000000000111808275058370	-0.1105178444153911000000000
0.0000000000112014427654372	-0.0800449593261392811000000
0.0000000000112209740152418	-0.0440204868350195372000000
0.0000000000112410488594014	0.0093262886522881838300000
0.0000000000112608503169264	0.0484541583061692607000000
0.0000000000112814671659837	0.0851623960268910879000000
0.0000000000113007266186110	0.1085529245126954090000000
0.0000000000113210716704909	0.1211777802311821970000000
0.0000000000113414167223707	0.1197583236638836150000000
0.0000000000113614915665303	0.1108988896594332170000000
0.0000000000113810228163350	0.0842676905420191996000000
0.0000000000114010960710375	0.0462756461627913882000000
0.0000000000114208991180196	0.0110533915493255860000000
0.0000000000114409723727220	-0.0242603784570331431000000
0.0000000000114610456274245	-0.0487656388434731455000000
0.0000000000114813906793043	-0.0616390785606758945000000
0.0000000000115011937262865	-0.0641307539341220839000000
0.0000000000115207249760912	-0.0521195675857554427000000
0.0000000000115413418251485	-0.0294092350644248428000000
0.0000000000115608730749532	-0.0012157890834927388700000
0.0000000000115812181268331	0.0289121287272934430000000
0.0000000000116007493766378	0.0572954192544247593000000
0.0000000000116213646362379	0.0886153036633885727000000
0.0000000000116411676832201	0.1078954441711501010000000
0.0000000000116612409379225	0.1194347758362939850000000
0.0000000000116807721877272	0.1156966139226791450000000
0.0000000000117011172396071	0.0976532244832841873000000
0.0000000000117211920837667	0.0708256898318991579000000
0.0000000000117407233335714	0.0318360665351105007000000
0.0000000000117613385931715	-0.0064548626053933556900000
0.0000000000117808698429762	-0.0464625104193911384000000
0.0000000000118014866920336	-0.0817441534302276729000000
0.0000000000118210179418382	-0.1149469126695400050000000
0.0000000000118410911965407	-0.1424893697230095730000000
0.0000000000118611660407003	-0.1561075865006045780000000
0.0000000000118806972905050	-0.1586382045240956880000000
0.0000000000119010423423848	-0.1440623250318414650000000
0.0000000000119213873942647	-0.1203764804512412050000000
0.0000000000119411888517897	-0.0898188951731059421000000
0.0000000000119607201015944	-0.0457277939547335380000000
0.0000000000119813369506517	0.0037863838070664097300000
0.0000000000120011399976339	0.0606590835320002172000000
0.0000000000120209414551588	0.1009867082361495110000000
0.0000000000120407445021410	0.1407701101631742000000000
0.0000000000120610895540209	0.1619928354622787170000000
0.0000000000120811628087233	0.1705193104173665100000000
0.0000000000121009658557054	0.1641421406182334560000000
0.0000000000121210391104079	0.1486949225030684550000000
0.0000000000121408421573900	0.1237045037857531090000000
0.0000000000121611872092699	0.0902051339735622793000000
0.0000000000121807184590746	0.0555452753604150987000000
0.0000000000122013353081319	0.0222075166084319681000000
0.0000000000122211367656569	-0.0093969736439686712300000
0.0000000000122412116098165	-0.0344328264173675291000000
0.0000000000122607428596212	-0.0490434291678088496000000
0.0000000000122810879115011	-0.0556334853855317210000000
0.0000000000123008893690260	-0.0565093686648189819000000
0.0000000000123206924160082	-0.0560920341345313711000000
0.0000000000123410374678880	-0.0526203041172002006000000
0.0000000000123613825197679	-0.0543399430550134538000000
0.0000000000123811855667501	-0.0556000596805475977000000
0.0000000000124009870242750	-0.0530726869590285172000000
0.0000000000124210618684346	-0.0557548563919866430000000
0.0000000000124405931182393	-0.0574261416417389745000000
0.0000000000124614801750170	-0.0542958081435975168000000
0.0000000000124810114248216	-0.0422265325007019979000000
0.0000000000125013564767015	-0.0326307590532431482000000
0.0000000000125208877265062	-0.0183673942784535506000000
0.0000000000125409609812086	0.0075391492951331533600000
0.0000000000125610358253682	0.0323588705091487350000000
0.0000000000125811090800707	0.0568138295013650985000000
0.0000000000126011823347731	0.0799320847074117824000000
0.0000000000126207135845778	0.1013563381030511130000000
0.0000000000126407884287374	0.1100703865444146580000000
0.0000000000126611334806173	0.1143479030169943930000000
0.0000000000126814785324971	0.1104280091189547700000000
0.0000000000127004661879469	0.1006514776369115270000000
0.0000000000127213548341817	0.0807190490901753127000000
0.0000000000127406142868089	0.0618338509876116133000000
0.0000000000127609593386888	0.0364601719490639450000000
0.0000000000127813043905687	0.0116790688105785096000000
0.0000000000128008356403734	-0.0106119817771219219000000
0.0000000000128211806922533	-0.0275283090016977018000000
0.0000000000128407119420580	-0.0486763954565723050000000
0.0000000000128613287911153	-0.0629102289170059142000000
0.0000000000128808600409200	-0.0732845293170325402000000
0.0000000000129009332956224	-0.0817769300926721732000000
0.0000000000129207363426046	-0.0903384539524937913000000
0.0000000000129416233993822	-0.0865691377630368325000000
0.0000000000129611546491869	-0.0783902246561599542000000
0.0000000000129806858989916	-0.0685585240347926922000000
0.0000000000130004889459737	-0.0508815184172986615000000
0.0000000000130205622006761	-0.0344234152966096593000000
0.0000000000130417210546312	-0.0190037807515590768000000
0.0000000000130601667051832	0.0030328451120785189300000
0.0000000000130810553514180	0.0329138021016270460000000
0.0000000000131003148040453	0.0563309416626491741000000
0.0000000000131214736580003	0.0766518224454882241000000
0.0000000000131407331106276	0.0928126633745597479000000
0.0000000000131602643604323	0.1031126478827804480000000
0.0000000000131806094123122	0.1061167424173986570000000
0.0000000000132006842564718	0.1045875976140579480000000
0.0000000000132212995160719	0.0967721488997753399000000
0.0000000000132408307658766	0.0773278005117576384000000
0.0000000000132614476149339	0.0623722319844195114000000
0.0000000000132804368598409	0.0421230703530618075000000
0.0000000000133010521194411	0.0231135803572811195000000
0.0000000000133205833692457	0.0074791128358759157900000
0.0000000000133412002183031	-0.0098399453591275758900000
0.0000000000133607314681078	-0.0208720504746653865000000
0.0000000000133810765199877	-0.0316919186278462606000000
0.0000000000134011497746901	-0.0339077507833473596000000
0.0000000000134204108167745	-0.0369770742373174005000000
0.0000000000134410260763746	-0.0374333513338098375000000
0.0000000000134611009205343	-0.0260429745322812295000000
0.0000000000134811741752367	-0.0200626940928393047000000
0.0000000000135004336278639	-0.0127865997003001192000000
0.0000000000135213222740987	-0.0098250173745842352900000
0.0000000000135408535239034	-0.0058801352011724848000000
0.0000000000135614687835036	-0.0030165583450331226500000
0.0000000000135804580284105	-0.0059236210691338449300000
0.0000000000136016168823656	-0.0111383554930676015000000
0.0000000000136208779244500	-0.0137270627273584980000000
0.0000000000136404091742547	-0.0226974833734621996000000
0.0000000000136610244338548	-0.0295961593936924818000000
0.0000000000136810992780144	-0.0379814679882145637000000
0.0000000000137014443298943	-0.0495237208501282666000000
0.0000000000137207021930644	-0.0525732485131403249000000
0.0000000000137413206315789	-0.0565411717627753441000000
0.0000000000137605784947489	-0.0543373468837568263000000
0.0000000000137814671409837	-0.0449638705636589489000000
0.0000000000138004547964335	-0.0257242945129335689000000
0.0000000000138210732349480	-0.0019715994294155583300000
0.0000000000138408746924730	0.0218687162667506492000000
0.0000000000138614899520732	0.0486537389657531530000000
0.0000000000138812945885125	0.0765732882678288318000000
0.0000000000139008258383172	0.1018583726983332970000000
0.0000000000139208975035624	0.1145711737348054370000000
0.0000000000139409723477220	0.1227981155393353120000000
0.0000000000139610471918816	0.1186111405438747130000000
0.0000000000139813922437615	0.1097140620554081100000000
0.0000000000140011937012865	0.0926643570975334979000000
0.0000000000140204547433709	0.0637131543944416956000000
0.0000000000140410700029711	0.0366402813253692283000000
0.0000000000140606012527757	0.0068161156126948655300000
0.0000000000140814898990105	-0.0218991607189374243000000
0.0000000000141007477621806	-0.0436411213109001439000000
0.0000000000141210928140605	-0.0573923914153232004000000
0.0000000000141414378659404	-0.0606801177994730559000000
0.0000000000141609691157450	-0.0641969563014569422000000
0.0000000000141810439599046	-0.0563961106935386217000000
0.0000000000142008454174296	-0.0445260911862714742000000
0.0000000000142209202615892	-0.0340115976330833611000000
0.0000000000142409951057488	-0.0226144058939561389000000
0.0000000000142613401576287	-0.0068624614872619428600000
0.0000000000142808714074334	0.0005168306826635855150000
0.0000000000143014866670336	0.0111338728568003576000000
0.0000000000143207477091180	0.0128535117607162432000000
0.0000000000143413629687181	0.0043701978088219071600000
0.0000000000143608942185228	0.0065493590206671704900000
0.0000000000143806956760478	0.0000251807584755104964000
0.0000000000144013141145623	-0.0016707680894719127300000
0.0000000000144211155720873	-0.0067530977745237528700000
0.0000000000144414606239671	-0.0038713477191071612200000
0.0000000000144607216660516	0.0013459828648846249800000
0.0000000000144810667179314	0.0079477217395021952000000
0.0000000000145011383831767	0.0204437427986755536000000
0.0000000000145212132273363	0.0348203653207340008000000
0.0000000000145410146848613	0.0486764554635909716000000
0.0000000000145608193213006	0.0575985222391375840000000
0.0000000000145811643731805	0.0691008586130605479000000
0.0000000000146006956229851	0.0786554175393231192000000
0.0000000000146213108825853	0.0825834245035515641000000
0.0000000000146411123401103	0.0786632060528045796000000
0.0000000000146611871842699	0.0649239437240882456000000
0.0000000000146807184340746	0.0468137026404524467000000
0.0000000000147013336936747	0.0283747212897751122000000
0.0000000000147211383301141	0.0036848086083170871600000
0.0000000000147414833819939	-0.0275977565823228022000000
0.0000000000147607412451640	-0.0499627983138333925000000
0.0000000000147810862970439	-0.0719423087678338763000000
0.0000000000148008909334832	-0.0915021877334960959000000
0.0000000000148209625987284	-0.1044210606271267630000000
0.0000000000148410374428880	-0.1040556495163542650000000
0.0000000000148611122870476	-0.0998232412543396952000000
0.0000000000148814573389275	-0.0843081970944343090000000
0.0000000000149009885887322	-0.0613414924293386246000000
0.0000000000149210602539775	-0.0370822191727781803000000
0.0000000000149411350981371	-0.0098172288609153154900000
0.0000000000149612099422967	0.0196214055704214164000000
0.0000000000149810113998216	0.0392796138604154174000000
0.0000000000150013564517015	0.0596838967350017194000000
