8000.6,0
8020.5,-8.7621e-06
8040.5,-0.0017875
8060.4,-0.004272
8080.3,-0.0055026
8100.3,-0.0051148
8120.2,-0.0021526
8140.2,0.0026069
8160.1,0.0056587
8180,0.0052034
8200,0.0013575
8219.9,0.0012965
8239.9,0.0066394
8259.8,0.0017209
8279.8,-0.0013276
8299.7,-0.0026117
8319.6,-0.0025627
8339.6,-0.00088951
8359.5,0.0021425
8379.5,-0.00093008
8399.4,-0.0037803
8419.3,-0.0029652
8439.3,-0.0017618
8459.2,-0.0042723
8479.2,-0.0037722
8499.1,-0.0033874
8519,-0.0029681
8539,-0.0033831
8558.9,-0.0042571
8578.9,-0.0081552
8598.8,-0.011989
8618.8,-0.012414
8638.7,-0.009883
8658.6,-0.0055289
8678.6,-0.0054987
8698.5,-0.0090395
8718.5,-0.0091895
8738.4,-0.0072154
8758.3,-0.0091891
8778.3,-0.014677
8798.2,-0.012871
8818.2,-0.011584
8838.1,-0.013294
8858.1,-0.015495
8878,-0.011652
8897.9,-0.010717
8917.9,-0.016404
8937.8,-0.019306
8957.8,-0.014603
8977.7,-0.012914
8997.6,-0.017576
9017.6,-0.021854
9037.5,-0.016006
9057.5,-0.015837
9077.4,-0.020231
9097.3,-0.023238
9117.3,-0.019302
9137.2,-0.015968
9157.2,-0.017105
9177.1,-0.017118
9197.1,-0.015833
9217,-0.012946
9236.9,-0.017125
9256.9,-0.020626
9276.8,-0.024477
9296.8,-0.025351
9316.7,-0.026735
9336.6,-0.033123
9356.6,-0.04323
9376.5,-0.054593
9396.5,-0.065884
9416.4,-0.082688
9436.3,-0.10236
9456.3,-0.12476
9476.2,-0.14581
9496.2,-0.17431
9516.1,-0.20902
9536.1,-0.24924
9556,-0.30266
9575.9,-0.35991
9595.9,-0.42125
9615.8,-0.49821
9635.8,-0.57878
9655.7,-0.68143
9675.6,-0.78434
9695.6,-0.91283
9715.5,-1.0331
9735.5,-1.1766
9755.4,-1.3375
9775.3,-1.5151
9795.3,-1.702
9815.2,-1.9113
9835.2,-2.1272
9855.1,-2.3198
9875.1,-2.4955
9895,-2.6214
9914.9,-2.6529
9934.9,-2.5614
9954.8,-2.3293
9974.8,-1.8998
9994.7,-1.2643
10015,-0.43352
10035,0.63334
10055,1.7511
10074,2.7749
10094,3.7474
10114,4.5281
10134,5.0098
10154,5.3216
10174,5.5023
10194,5.5863
10214,5.5677
10234,5.4003
10254,5.088
10274,4.611
10294,3.7511
10314,2.5161
10334,1.279
10354,-0.22115
10374,-1.3544
10394,-2.4946
10413,-3.2659
10433,-3.9819
10453,-4.4146
10473,-4.65
10493,-4.7087
10513,-4.6084
10533,-4.3856
10553,-3.9245
10573,-3.4123
10593,-2.8046
10613,-2.0628
10633,-1.3862
10653,-0.80159
10673,-0.28265
10693,0.17357
10713,0.46961
10733,0.65026
10752,0.7119
10772,0.64429
10792,0.47889
10812,0.25845
10832,-0.0061409
10852,-0.24996
10872,-0.4652
10892,-0.6374
10912,-0.74522
10932,-0.79181
10952,-0.77681
10972,-0.68613
10992,-0.53088
11012,-0.34759
11032,-0.13585
11052,0.077068
11072,0.26815
11091,0.48611
11111,0.64936
11131,0.75592
11151,0.79642
11171,0.78422
11191,0.72647
11211,0.62537
11231,0.51744
11251,0.36993
11271,0.22035
11291,0.097289
11311,-0.022675
11331,-0.1069
11351,-0.14909
11371,-0.16261
11391,-0.14394
11411,-0.096161
11430,-0.0361
11450,0.034069
11470,0.090435
11490,0.1399
11510,0.1662
11530,0.16814
11550,0.14484
11570,0.095737
11590,0.022071
11610,-0.059334
11630,-0.13919
11650,-0.20384
11670,-0.25268
11690,-0.27826
11710,-0.27035
11730,-0.2308
11750,-0.16218
11769,-0.05722
11789,0.057112
11809,0.18067
11829,0.29531
11849,0.3902
11869,0.45842
11889,0.48115
11909,0.4669
11929,0.4096
11949,0.3271
11969,0.18526
11989,0.030865
12009,-0.12888
12029,-0.27847
12049,-0.40484
12069,-0.50214
12089,-0.54499
12108,-0.54359
12128,-0.49012
12148,-0.40478
12168,-0.28882
12188,-0.13195
12208,0.035958
12228,0.17768
12248,0.32045
12268,0.42938
12288,0.50035
12308,0.52457
12328,0.49764
12348,0.43628
12368,0.33319
12388,0.21224
12408,0.077873
12428,-0.050742
12447,-0.16739
12467,-0.27392
12487,-0.34967
12507,-0.38686
12527,-0.39981
12547,-0.37876
12567,-0.32955
12587,-0.25279
12607,-0.17027
12627,-0.077317
12647,0.015687
12667,0.099025
12687,0.16697
12707,0.21052
12727,0.24206
12747,0.24993
12767,0.23955
12786,0.21176
12806,0.17186
12826,0.11825
12846,0.059285
12866,0.00028947
12886,-0.043359
12906,-0.087201
12926,-0.12679
12946,-0.16076
12966,-0.17713
12986,-0.17975
13006,-0.1747
13026,-0.15551
13046,-0.12496
13066,-0.086942
13086,-0.053707
13106,-0.011902
13125,0.025193
13145,0.056444
13165,0.083179
13185,0.0996
13205,0.1097
13225,0.10566
13245,0.093645
13265,0.072678
13285,0.050555
13305,0.019755
13325,-0.01474
13345,-0.051638
13365,-0.081353
13385,-0.10564
13405,-0.12146
13425,-0.1215
13445,-0.12016
13464,-0.11072
13484,-0.089924
13504,-0.064675
13524,-0.033714
13544,0.0036015
13564,0.030823
13584,0.056194
13604,0.07083
13624,0.078993
13644,0.078243
13664,0.075622
13684,0.060058
13704,0.031467
13724,-0.0029204
13744,-0.03599
13764,-0.074266
13784,-0.10534
13803,-0.13348
13823,-0.16281
13843,-0.18117
13863,-0.18966
13883,-0.18958
13903,-0.18074
13923,-0.16322
13943,-0.1359
13963,-0.10387
13983,-0.069585
14003,-0.037222
14023,0.0015541
14043,0.04027
14063,0.078951
14083,0.11005
14103,0.13466
14123,0.14106
14142,0.14505
14162,0.13976
14182,0.12393
14202,0.10318
14222,0.071807
14242,0.03778
14262,0.00037547
14282,-0.04011
14302,-0.081768
14322,-0.11193
14342,-0.14545
14362,-0.17464
14382,-0.1836
14402,-0.18658
14422,-0.17874
14442,-0.16104
14462,-0.1347
14481,-0.10511
14501,-0.071184
14521,-0.033529
14541,0.0031813
14561,0.040177
14581,0.073602
14601,0.10303
14621,0.11748
14641,0.11742
14661,0.11304
14681,0.0996
14701,0.077144
14721,0.046552
14741,0.013335
14761,-0.019504
14781,-0.052274
14801,-0.079165
14820,-0.10181
14840,-0.11603
14860,-0.12185
14880,-0.1209
14900,-0.1125
14920,-0.095561
14940,-0.072023
14960,-0.042099
14980,-0.018917
15000,0
15020,0
15040,0
15060,0
15080,0
15100,0
15120,0
15140,0
15159,0
15179,0
15199,0
15219,0
15239,0
15259,0
15279,0
15299,0
15319,0
15339,0
15359,0
15379,0
15399,0
15419,0
15439,0
15459,0
15479,0
15498,0
15518,0
15538,0
15558,0
15578,0
15598,0
15618,0
15638,0
15658,0
15678,0
15698,0
15718,0
15738,0
15758,0
15778,0
15798,0
15818,0
15837,0
15857,0
15877,0
15897,0
15917,0
15937,0
15957,0
15977,0
15997,0
16017,0
16037,0
16057,0
16077,0
16097,0
16117,0
16137,0
16157,0
16176,0
16196,0
16216,0
16236,0
16256,0
16276,0
16296,0
16316,0
16336,0
16356,0
16376,0
16396,0
16416,0
16436,0
16456,0
16476,0
16496,0
16515,0
16535,0
16555,0
16575,0
16595,0
16615,0
16635,0
16655,0
16675,0
16695,0
16715,0
16735,0
16755,0
16775,0
16795,0
16815,0
16835,0
16854,0
16874,0
16894,0
16914,0
16934,0
16954,0
16974,0
16994,0
17014,0
17034,0
17054,0
17074,0
17094,0
17114,0
17134,0
17154,0
17174,0
17193,0
17213,0
17233,0
17253,0
17273,0
17293,0
17313,0
17333,0
17353,0
17373,0
17393,0
17413,0
17433,0
17453,0
17473,0
17493,0
17513,0
17532,0
17552,0
17572,0
17592,0
17612,0
17632,0
17652,0
17672,0
17692,0
17712,0
17732,0
17752,0
17772,0
17792,0
17812,0
17832,0
17852,0
17871,0
17891,0
17911,0
17931,0
17951,0
17971,0
17991,0
18011,0
18031,0
18051,0
18071,0
18091,0
18111,0
18131,0
18151,0
18171,0
18191,0
18210,0
18230,0
18250,0
18270,0
18290,0
18310,0
18330,0
18350,0
18370,0
18390,0
18410,0
18430,0
18450,0
18470,0
18490,0
18510,0
18530,0
18549,0
18569,0
18589,0
18609,0
18629,0
18649,0
18669,0
18689,0
18709,0
18729,0
18749,0
18769,0
18789,0
18809,0
18829,0
18849,0
18869,0
18888,0
18908,0
18928,0
18948,0
18968,0
18988,0
19008,0
19028,0
19048,0
19068,0
19088,0
19108,0
19128,0
19148,0
19168,0
19188,0
19208,0
19227,0
19247,0
19267,0
19287,0
19307,0
19327,0
19347,0
19367,0
19387,0
19407,0
19427,0
19447,0
19467,0
19487,0
19507,0
19527,0
19547,0
19567,0
19586,0
19606,0
19626,0
19646,0
19666,0
19686,0
19706,0
19726,0
19746,0
19766,0
19786,0
19806,0
19826,0
19846,0
19866,0
19886,0
19906,0
19925,0
19945,0
19965,0
19985,0
20005,0
20025,0
20045,0
20065,0
20085,0
20105,0
20125,0
20145,0
20165,0
20185,0
20205,0
20225,0
20245,0
20264,0
20284,0
20304,0
20324,0
20344,0
20364,0
20384,0
20404,0
20424,0
20444,0
20464,0
20484,0
20504,0
20524,0
20544,0
20564,0
20584,0
20603,0
20623,0
20643,0
20663,0
20683,0
20703,0
20723,0
20743,0
20763,0
20783,0
20803,0
20823,0
20843,0
20863,0
20883,0
20903,0
20923,0
20942,0
20962,0
20982,0
21002,0
21022,0
21042,0
21062,0
21082,0
21102,0
21122,0
21142,0
21162,0
21182,0
21202,0
21222,0
21242,0
21262,0
21281,0
21301,0
21321,0
21341,0
21361,0
21381,0
21401,0
21421,0
21441,0
21461,0
21481,0
21501,0
21521,0
21541,0
21561,0
21581,0
21601,0
21620,0
21640,0
21660,0
21680,0
21700,0
21720,0
21740,0
21760,0
21780,0
21800,0
21820,0
21840,0
21860,0
21880,0
21900,0
21920,0
21940,0
21959,0
21979,0
