8000.6,0
8020.5,-0.0038894
8040.5,-0.0030622
8060.4,-0.00086128
8080.3,-6.4904e-07
8100.3,0.00096318
8120.2,-0.0017346
8140.2,-0.0073871
8160.1,-0.0061348
8180,-0.007082
8200,-0.0060673
8219.9,0.001131
8239.9,0.0041941
8259.8,-0.0017054
8279.8,-0.0038813
8299.7,-0.0029165
8319.6,-0.0062058
8339.6,-0.0070236
8359.5,-0.0087426
8379.5,-0.0091888
8399.4,-0.0079735
8419.3,-0.0039303
8439.3,-0.0016976
8459.2,-3.3426e-05
8479.2,0.0017667
8499.1,2.8882e-05
8519,0.00058641
8539,-0.0030959
8558.9,-0.0039884
8578.9,-0.0034175
8598.8,0.0021746
8618.8,0.0045404
8638.7,0.00089341
8658.6,0.0032098
8678.6,0.00084343
8698.5,-0.002135
8718.5,-0.0044112
8738.4,-0.0003917
8758.3,0.0032936
8778.3,0.0016865
8798.2,0.0046329
8818.2,0.0019085
8838.1,-0.0026679
8858.1,-0.00086258
8878,-0.0015006
8897.9,0.00081617
8917.9,0.0017729
8937.8,0.0045076
8957.8,0.0044855
8977.7,0.0068403
8997.6,0.0041542
9017.6,0.0017712
9037.5,-0.00041052
9057.5,0.0041678
9077.4,0.0088403
9097.3,0.0084801
9117.3,0.0080163
9137.2,0.00017849
9157.2,-0.011374
9177.1,-0.010036
9197.1,-0.013048
9217,-0.012582
9236.9,-0.015879
9256.9,-0.010707
9276.8,-0.0052368
9296.8,-0.0048837
9316.7,-0.014731
9336.6,-0.018485
9356.6,-0.021637
9376.5,-0.025048
9396.5,-0.024704
9416.4,-0.031933
9436.3,-0.041999
9456.3,-0.06036
9476.2,-0.069856
9496.2,-0.086658
9516.1,-0.1033
9536.1,-0.12642
9556,-0.15818
9575.9,-0.19692
9595.9,-0.24304
9615.8,-0.30164
9635.8,-0.3606
9655.7,-0.43081
9675.6,-0.51024
9695.6,-0.60303
9715.5,-0.7047
9735.5,-0.82231
9755.4,-0.95085
9775.3,-1.0877
9795.3,-1.226
9815.2,-1.3863
9835.2,-1.5551
9855.1,-1.74
9875.1,-1.932
9895,-2.1122
9914.9,-2.2392
9934.9,-2.3148
9954.8,-2.3125
9974.8,-2.1929
9994.7,-1.9369
10015,-1.5704
10035,-1.0377
10055,-0.20602
10074,0.66089
10094,1.6668
10114,2.6276
10134,3.4982
10154,4.2486
10174,4.7757
10194,5.1134
10214,5.3316
10234,5.4224
10254,5.3959
10274,5.2728
10294,4.9374
10314,4.4238
10334,3.5865
10354,2.4401
10374,1.1474
10394,-0.19441
10413,-1.2512
10433,-2.3635
10453,-3.1581
10473,-3.839
10493,-4.3198
10513,-4.5613
10533,-4.6275
10553,-4.5644
10573,-4.3698
10593,-3.9634
10613,-3.4574
10633,-2.9056
10653,-2.264
10673,-1.5426
10693,-0.92202
10713,-0.38339
10733,0.038787
10752,0.40069
10772,0.63809
10792,0.74966
10812,0.74011
10832,0.6389
10852,0.47425
10872,0.26587
10892,0.022877
10912,-0.20401
10932,-0.39495
10952,-0.52642
10972,-0.59904
10992,-0.61314
11012,-0.56146
11032,-0.45146
11052,-0.30398
11072,-0.12546
11091,0.074088
11111,0.26462
11131,0.4438
11151,0.58773
11171,0.688
11191,0.74383
11211,0.7542
11231,0.71411
11251,0.63946
11271,0.53493
11291,0.4085
11311,0.2788
11331,0.14811
11351,0.032807
11371,-0.049587
11391,-0.1067
11411,-0.13165
11430,-0.13023
11450,-0.10091
11470,-0.060336
11490,-0.012147
11510,0.029989
11530,0.072996
11550,0.094774
11570,0.10081
11590,0.079969
11610,0.039123
11630,-0.015457
11650,-0.07022
11670,-0.12781
11690,-0.18405
11710,-0.22817
11730,-0.24487
11750,-0.23889
11769,-0.20678
11789,-0.12672
11809,-0.023957
11829,0.080999
11849,0.17342
11869,0.27957
11889,0.36987
11909,0.4221
11929,0.44344
11949,0.43738
11969,0.38837
11989,0.29988
12009,0.18531
12029,0.054336
12049,-0.091395
12069,-0.22852
12089,-0.34384
12108,-0.42013
12128,-0.45507
12148,-0.45946
12168,-0.41704
12188,-0.33477
12208,-0.2341
12228,-0.093714
12248,0.053501
12268,0.19596
12288,0.30943
12308,0.40846
12328,0.47369
12348,0.49278
12368,0.478
12388,0.42798
12408,0.34284
12428,0.23461
12447,0.10973
12467,-0.0018228
12487,-0.12305
12507,-0.21418
12527,-0.28881
12547,-0.3263
12567,-0.34619
12587,-0.34354
12607,-0.31599
12627,-0.25888
12647,-0.18651
12667,-0.10528
12687,-0.019328
12707,0.056761
12727,0.12847
12747,0.17644
12767,0.20173
12786,0.20529
12806,0.20004
12826,0.18044
12846,0.14327
12866,0.09883
12886,0.049686
12906,0.0013698
12926,-0.052806
12946,-0.093667
12966,-0.13081
12986,-0.15717
13006,-0.16435
13026,-0.16475
13046,-0.15728
13066,-0.13911
13086,-0.11852
13106,-0.095208
13125,-0.059971
13145,-0.024457
13165,0.0083217
13185,0.042325
13205,0.06416
13225,0.088346
13245,0.088364
13265,0.081524
13285,0.08153
13305,0.070322
13325,0.047524
13345,0.016442
13365,-0.016699
13385,-0.045752
13405,-0.062899
13425,-0.07794
13445,-0.089118
13464,-0.10166
13484,-0.10282
13504,-0.10044
13524,-0.080819
13544,-0.051742
13564,-0.027606
13584,-0.00036671
13604,0.02105
13624,0.040327
13644,0.057229
13664,0.061736
13684,0.056356
13704,0.050572
13724,0.028233
13744,0.0011196
13764,-0.026963
13784,-0.053221
13803,-0.084717
13823,-0.10622
13843,-0.13458
13863,-0.1585
13883,-0.17308
13903,-0.1829
13923,-0.1803
13943,-0.16637
13963,-0.14722
13983,-0.11771
14003,-0.090971
14023,-0.054065
14043,-0.015662
14063,0.029124
14083,0.068074
14103,0.10312
14123,0.12918
14142,0.14178
14162,0.15544
14182,0.16076
14202,0.15217
14222,0.13581
14242,0.11474
14262,0.087086
14282,0.037927
14302,-0.0048068
14322,-0.046856
14342,-0.084067
14362,-0.12097
14382,-0.15412
14402,-0.17884
14422,-0.19026
14442,-0.1923
14462,-0.18387
14481,-0.17045
14501,-0.14819
14521,-0.11491
14541,-0.083994
14561,-0.041784
14581,-0.0002236
14601,0.034042
14621,0.063503
14641,0.09252
14661,0.1058
14681,0.10688
14701,0.10346
14721,0.089652
14741,0.075748
14761,0.050895
14781,0.021094
14801,-0.015131
14820,-0.04474
14840,-0.072487
14860,-0.093792
14880,-0.10984
14900,-0.12239
14920,-0.11863
14940,-0.11382
14960,-0.10118
14980,-0.079533
15000,0
15020,0
15040,0
15060,0
15080,0
15100,0
15120,0
15140,0
15159,0
15179,0
15199,0
15219,0
15239,0
15259,0
15279,0
15299,0
15319,0
15339,0
15359,0
15379,0
15399,0
15419,0
15439,0
15459,0
15479,0
15498,0
15518,0
15538,0
15558,0
15578,0
15598,0
15618,0
15638,0
15658,0
15678,0
15698,0
15718,0
15738,0
15758,0
15778,0
15798,0
15818,0
15837,0
15857,0
15877,0
15897,0
15917,0
15937,0
15957,0
15977,0
15997,0
16017,0
16037,0
16057,0
16077,0
16097,0
16117,0
16137,0
16157,0
16176,0
16196,0
16216,0
16236,0
16256,0
16276,0
16296,0
16316,0
16336,0
16356,0
16376,0
16396,0
16416,0
16436,0
16456,0
16476,0
16496,0
16515,0
16535,0
16555,0
16575,0
16595,0
16615,0
16635,0
16655,0
16675,0
16695,0
16715,0
16735,0
16755,0
16775,0
16795,0
16815,0
16835,0
16854,0
16874,0
16894,0
16914,0
16934,0
16954,0
16974,0
16994,0
17014,0
17034,0
17054,0
17074,0
17094,0
17114,0
17134,0
17154,0
17174,0
17193,0
17213,0
17233,0
17253,0
17273,0
17293,0
17313,0
17333,0
17353,0
17373,0
17393,0
17413,0
17433,0
17453,0
17473,0
17493,0
17513,0
17532,0
17552,0
17572,0
17592,0
17612,0
17632,0
17652,0
17672,0
17692,0
17712,0
17732,0
17752,0
17772,0
17792,0
17812,0
17832,0
17852,0
17871,0
17891,0
17911,0
17931,0
17951,0
17971,0
17991,0
18011,0
18031,0
18051,0
18071,0
18091,0
18111,0
18131,0
18151,0
18171,0
18191,0
18210,0
18230,0
18250,0
18270,0
18290,0
18310,0
18330,0
18350,0
18370,0
18390,0
18410,0
18430,0
18450,0
18470,0
18490,0
18510,0
18530,0
18549,0
18569,0
18589,0
18609,0
18629,0
18649,0
18669,0
18689,0
18709,0
18729,0
18749,0
18769,0
18789,0
18809,0
18829,0
18849,0
18869,0
18888,0
18908,0
18928,0
18948,0
18968,0
18988,0
19008,0
19028,0
19048,0
19068,0
19088,0
19108,0
19128,0
19148,0
19168,0
19188,0
19208,0
19227,0
19247,0
19267,0
19287,0
19307,0
19327,0
19347,0
19367,0
19387,0
19407,0
19427,0
19447,0
19467,0
19487,0
19507,0
19527,0
19547,0
19567,0
19586,0
19606,0
19626,0
19646,0
19666,0
19686,0
19706,0
19726,0
19746,0
19766,0
19786,0
19806,0
19826,0
19846,0
19866,0
19886,0
19906,0
19925,0
19945,0
19965,0
19985,0
20005,0
20025,0
20045,0
20065,0
20085,0
20105,0
20125,0
20145,0
20165,0
20185,0
20205,0
20225,0
20245,0
20264,0
20284,0
20304,0
20324,0
20344,0
20364,0
20384,0
20404,0
20424,0
20444,0
20464,0
20484,0
20504,0
20524,0
20544,0
20564,0
20584,0
20603,0
20623,0
20643,0
20663,0
20683,0
20703,0
20723,0
20743,0
20763,0
20783,0
20803,0
20823,0
20843,0
20863,0
20883,0
20903,0
20923,0
20942,0
20962,0
20982,0
21002,0
21022,0
21042,0
21062,0
21082,0
21102,0
21122,0
21142,0
21162,0
21182,0
21202,0
21222,0
21242,0
21262,0
21281,0
21301,0
21321,0
21341,0
21361,0
21381,0
21401,0
21421,0
21441,0
21461,0
21481,0
21501,0
21521,0
21541,0
21561,0
21581,0
21601,0
21620,0
21640,0
21660,0
21680,0
21700,0
21720,0
21740,0
21760,0
21780,0
21800,0
21820,0
21840,0
21860,0
21880,0
21900,0
21920,0
21940,0
21959,0
21979,0
