8000.6,0
8020.5,0.0037229
8040.5,-0.0039459
8060.4,-0.0089224
8080.3,-0.0069496
8100.3,-0.0057359
8120.2,-0.0029454
8140.2,-0.001399
8160.1,-0.0029051
8180,-0.0044294
8200,-0.0034224
8219.9,-0.0057119
8239.9,-0.001399
8259.8,-0.0026036
8279.8,-0.0043401
8299.7,-0.0014224
8319.6,-0.0056918
8339.6,-0.011575
8359.5,-0.013754
8379.5,-0.0084918
8399.4,-0.0043479
8419.3,-0.0097691
8439.3,-0.0048062
8459.2,-0.0052235
8479.2,0.00062016
8499.1,0.00040046
8519,-0.0026111
8539,-0.0088961
8558.9,-0.0097606
8578.9,-0.0084992
8598.8,-0.011877
8618.8,-0.012364
8638.7,-0.0085236
8658.6,-0.0094579
8678.6,-0.013319
8698.5,-0.015238
8718.5,-0.016375
8738.4,-0.013403
8758.3,-0.017742
8778.3,-0.023288
8798.2,-0.0253
8818.2,-0.025418
8838.1,-0.024929
8858.1,-0.028691
8878,-0.029669
8897.9,-0.028453
8917.9,-0.029297
8937.8,-0.026225
8957.8,-0.027597
8977.7,-0.027559
8997.6,-0.024544
9017.6,-0.021567
9037.5,-0.023175
9057.5,-0.024937
9077.4,-0.021967
9097.3,-0.01819
9117.3,-0.016339
9137.2,-0.020642
9157.2,-0.020744
9177.1,-0.020272
9197.1,-0.024523
9217,-0.020738
9236.9,-0.021121
9256.9,-0.021072
9276.8,-0.030125
9296.8,-0.02539
9316.7,-0.026652
9336.6,-0.031867
9356.6,-0.034762
9376.5,-0.039534
9396.5,-0.048336
9416.4,-0.053369
9436.3,-0.063079
9456.3,-0.079905
9476.2,-0.10288
9496.2,-0.13
9516.1,-0.15422
9536.1,-0.19148
9556,-0.22502
9575.9,-0.26365
9595.9,-0.31517
9615.8,-0.38227
9635.8,-0.45647
9655.7,-0.52314
9675.6,-0.61582
9695.6,-0.71687
9715.5,-0.82926
9735.5,-0.95197
9755.4,-1.0833
9775.3,-1.2209
9795.3,-1.3758
9815.2,-1.549
9835.2,-1.7353
9855.1,-1.9484
9875.1,-2.1206
9895,-2.2921
9914.9,-2.4135
9934.9,-2.4564
9954.8,-2.4063
9974.8,-2.219
9994.7,-1.9206
10015,-1.4075
10035,-0.73957
10055,0.042841
10074,1.031
10094,2.0003
10114,3.011
10134,3.8533
10154,4.4811
10174,4.9709
10194,5.2565
10214,5.4051
10234,5.4536
10254,5.4103
10274,5.2419
10294,4.8704
10314,4.3553
10334,3.4873
10354,2.3215
10374,1.2341
10394,-0.11843
10413,-1.3634
10433,-2.3135
10453,-3.125
10473,-3.7491
10493,-4.2005
10513,-4.433
10533,-4.5027
10553,-4.4329
10573,-4.2009
10593,-3.7898
10613,-3.2929
10633,-2.6936
10653,-2.1507
10673,-1.4922
10693,-0.97537
10713,-0.52819
10733,-0.11923
10752,0.19428
10772,0.40588
10792,0.49721
10812,0.46689
10832,0.35374
10852,0.1982
10872,-0.0046069
10892,-0.21116
10912,-0.39775
10932,-0.54533
10952,-0.63745
10972,-0.67091
10992,-0.6404
11012,-0.55616
11032,-0.44282
11052,-0.25981
11072,-0.094137
11091,0.097132
11111,0.28245
11131,0.45933
11151,0.59294
11171,0.67544
11191,0.70447
11211,0.69586
11231,0.64871
11251,0.5629
11271,0.4536
11291,0.32917
11311,0.2087
11331,0.10469
11351,0.0099067
11371,-0.055952
11391,-0.094686
11411,-0.10994
11430,-0.094254
11450,-0.064524
11470,-0.021302
11490,0.027305
11510,0.064937
11530,0.10263
11550,0.11632
11570,0.11409
11590,0.092667
11610,0.053212
11630,0.011612
11650,-0.051098
11670,-0.091611
11690,-0.13698
11710,-0.16283
11730,-0.1683
11750,-0.1585
11769,-0.11676
11789,-0.041713
11809,0.036171
11829,0.1355
11849,0.22648
11869,0.2979
11889,0.35197
11909,0.38827
11929,0.38692
11949,0.34613
11969,0.27282
11989,0.17755
12009,0.049885
12029,-0.069356
12049,-0.20538
12069,-0.33446
12089,-0.42235
12108,-0.47958
12128,-0.49269
12148,-0.46501
12168,-0.40359
12188,-0.29415
12208,-0.18172
12228,-0.039412
12248,0.10073
12268,0.25145
12288,0.36339
12308,0.4482
12328,0.495
12348,0.49947
12368,0.47324
12388,0.40573
12408,0.31315
12428,0.18125
12447,0.063094
12467,-0.058174
12487,-0.16789
12507,-0.26129
12527,-0.33766
12547,-0.36923
12567,-0.36558
12587,-0.35523
12607,-0.30823
12627,-0.25241
12647,-0.16779
12667,-0.088078
12687,-0.00038423
12707,0.072987
12727,0.13368
12747,0.17989
12767,0.20331
12786,0.21832
12806,0.21134
12826,0.18395
12846,0.14884
12866,0.10132
12886,0.055548
12906,0.0029181
12926,-0.041244
12946,-0.075849
12966,-0.10842
12986,-0.1321
13006,-0.14686
13026,-0.15198
13046,-0.14138
13066,-0.12585
13086,-0.095604
13106,-0.065875
13125,-0.03614
13145,-0.01088
13165,0.016906
13185,0.044752
13205,0.064802
13225,0.078516
13245,0.082924
13265,0.079854
13285,0.073831
13305,0.060856
13325,0.045996
13345,0.020092
13365,-0.0045715
13385,-0.030333
13405,-0.048731
13425,-0.059826
13445,-0.066525
13464,-0.068539
13484,-0.059521
13504,-0.047701
13524,-0.03419
13544,-0.020038
13564,5.9063e-05
13584,0.02463
13604,0.040944
13624,0.051479
13644,0.05797
13664,0.054913
13684,0.047641
13704,0.02894
13724,0.0045758
13744,-0.027161
13764,-0.057533
13784,-0.090389
13803,-0.12673
13823,-0.15239
13843,-0.17224
13863,-0.19188
13883,-0.1984
13903,-0.19904
13923,-0.18664
13943,-0.16362
13963,-0.13841
13983,-0.10406
14003,-0.072127
14023,-0.024978
14043,0.02092
14063,0.066548
14083,0.10923
14103,0.14585
14123,0.17353
14142,0.18944
14162,0.19593
14182,0.19202
14202,0.17647
14222,0.14611
14242,0.11298
14262,0.073013
14282,0.024434
14302,-0.023308
14322,-0.06496
14342,-0.10649
14362,-0.14427
14382,-0.17879
14402,-0.20177
14422,-0.21173
14442,-0.2121
14462,-0.19829
14481,-0.18161
14501,-0.14816
14521,-0.11097
14541,-0.070798
14561,-0.036207
14581,0.01022
14601,0.055524
14621,0.089988
14641,0.11698
14661,0.13448
14681,0.141
14701,0.13584
14721,0.12469
14741,0.099771
14761,0.068209
14781,0.030733
14801,-0.0068828
14820,-0.041433
14840,-0.068474
14860,-0.089213
14880,-0.1084
14900,-0.11877
14920,-0.11739
14940,-0.10682
14960,-0.095292
14980,-0.07113
15000,0
15020,0
15040,0
15060,0
15080,0
15100,0
15120,0
15140,0
15159,0
15179,0
15199,0
15219,0
15239,0
15259,0
15279,0
15299,0
15319,0
15339,0
15359,0
15379,0
15399,0
15419,0
15439,0
15459,0
15479,0
15498,0
15518,0
15538,0
15558,0
15578,0
15598,0
15618,0
15638,0
15658,0
15678,0
15698,0
15718,0
15738,0
15758,0
15778,0
15798,0
15818,0
15837,0
15857,0
15877,0
15897,0
15917,0
15937,0
15957,0
15977,0
15997,0
16017,0
16037,0
16057,0
16077,0
16097,0
16117,0
16137,0
16157,0
16176,0
16196,0
16216,0
16236,0
16256,0
16276,0
16296,0
16316,0
16336,0
16356,0
16376,0
16396,0
16416,0
16436,0
16456,0
16476,0
16496,0
16515,0
16535,0
16555,0
16575,0
16595,0
16615,0
16635,0
16655,0
16675,0
16695,0
16715,0
16735,0
16755,0
16775,0
16795,0
16815,0
16835,0
16854,0
16874,0
16894,0
16914,0
16934,0
16954,0
16974,0
16994,0
17014,0
17034,0
17054,0
17074,0
17094,0
17114,0
17134,0
17154,0
17174,0
17193,0
17213,0
17233,0
17253,0
17273,0
17293,0
17313,0
17333,0
17353,0
17373,0
17393,0
17413,0
17433,0
17453,0
17473,0
17493,0
17513,0
17532,0
17552,0
17572,0
17592,0
17612,0
17632,0
17652,0
17672,0
17692,0
17712,0
17732,0
17752,0
17772,0
17792,0
17812,0
17832,0
17852,0
17871,0
17891,0
17911,0
17931,0
17951,0
17971,0
17991,0
18011,0
18031,0
18051,0
18071,0
18091,0
18111,0
18131,0
18151,0
18171,0
18191,0
18210,0
18230,0
18250,0
18270,0
18290,0
18310,0
18330,0
18350,0
18370,0
18390,0
18410,0
18430,0
18450,0
18470,0
18490,0
18510,0
18530,0
18549,0
18569,0
18589,0
18609,0
18629,0
18649,0
18669,0
18689,0
18709,0
18729,0
18749,0
18769,0
18789,0
18809,0
18829,0
18849,0
18869,0
18888,0
18908,0
18928,0
18948,0
18968,0
18988,0
19008,0
19028,0
19048,0
19068,0
19088,0
19108,0
19128,0
19148,0
19168,0
19188,0
19208,0
19227,0
19247,0
19267,0
19287,0
19307,0
19327,0
19347,0
19367,0
19387,0
19407,0
19427,0
19447,0
19467,0
19487,0
19507,0
19527,0
19547,0
19567,0
19586,0
19606,0
19626,0
19646,0
19666,0
19686,0
19706,0
19726,0
19746,0
19766,0
19786,0
19806,0
19826,0
19846,0
19866,0
19886,0
19906,0
19925,0
19945,0
19965,0
19985,0
20005,0
20025,0
20045,0
20065,0
20085,0
20105,0
20125,0
20145,0
20165,0
20185,0
20205,0
20225,0
20245,0
20264,0
20284,0
20304,0
20324,0
20344,0
20364,0
20384,0
20404,0
20424,0
20444,0
20464,0
20484,0
20504,0
20524,0
20544,0
20564,0
20584,0
20603,0
20623,0
20643,0
20663,0
20683,0
20703,0
20723,0
20743,0
20763,0
20783,0
20803,0
20823,0
20843,0
20863,0
20883,0
20903,0
20923,0
20942,0
20962,0
20982,0
21002,0
21022,0
21042,0
21062,0
21082,0
21102,0
21122,0
21142,0
21162,0
21182,0
21202,0
21222,0
21242,0
21262,0
21281,0
21301,0
21321,0
21341,0
21361,0
21381,0
21401,0
21421,0
21441,0
21461,0
21481,0
21501,0
21521,0
21541,0
21561,0
21581,0
21601,0
21620,0
21640,0
21660,0
21680,0
21700,0
21720,0
21740,0
21760,0
21780,0
21800,0
21820,0
21840,0
21860,0
21880,0
21900,0
21920,0
21940,0
21959,0
21979,0
