8000.6,0
8020.5,0.0036713
8040.5,0.00099174
8060.4,0.0049045
8080.3,0.0025111
8100.3,-0.0021194
8120.2,0.001805
8140.2,0.0068578
8160.1,0.0097476
8180,0.0014587
8200,-0.001239
8219.9,0.00010742
8239.9,6.4255e-05
8259.8,-0.0064606
8279.8,-0.0089769
8299.7,-0.0068938
8319.6,-0.0056321
8339.6,-0.0098586
8359.5,-0.013614
8379.5,-0.010355
8399.4,-0.0038907
8419.3,-0.0061039
8439.3,0.0001032
8459.2,5.8089e-05
8479.2,-0.001265
8499.1,-0.0038978
8519,0.00051242
8539,0.003117
8558.9,0.0031758
8578.9,0.00098362
8598.8,-0.00296
8618.8,0.0013799
8638.7,0.0053426
8658.6,0.0023473
8678.6,0.0022843
8698.5,0.006431
8718.5,0.004481
8738.4,-0.00056889
8758.3,-0.00082266
8778.3,-0.0016956
8798.2,-0.0069788
8818.2,-0.01095
8838.1,-0.011565
8858.1,-0.0021237
8878,-0.0061211
8897.9,-0.0029583
8917.9,-0.0043658
8937.8,-0.0016758
8957.8,0.00047348
8977.7,0.0035107
8997.6,-0.00078599
9017.6,-0.00042415
9037.5,-0.0029966
9057.5,-0.005193
9077.4,-0.0056457
9097.3,-0.0073488
9117.3,-0.0020714
9137.2,-0.0091486
9157.2,-0.0043862
9177.1,0.0064057
9197.1,-0.0051768
9217,-0.0084619
9236.9,-0.0068698
9256.9,0.001361
9276.8,-0.0056094
9296.8,-0.0172
9316.7,-0.021523
9336.6,-0.024392
9356.6,-0.030906
9376.5,-0.033175
9396.5,-0.037303
9416.4,-0.047323
9436.3,-0.057891
9456.3,-0.065857
9476.2,-0.074924
9496.2,-0.090578
9516.1,-0.11407
9536.1,-0.14235
9556,-0.16675
9575.9,-0.21014
9595.9,-0.27082
9615.8,-0.32879
9635.8,-0.39465
9655.7,-0.46567
9675.6,-0.53467
9695.6,-0.6227
9715.5,-0.72718
9735.5,-0.8362
9755.4,-0.96186
9775.3,-1.0971
9795.3,-1.2437
9815.2,-1.3779
9835.2,-1.559
9855.1,-1.7428
9875.1,-1.8965
9895,-2.0906
9914.9,-2.2386
9934.9,-2.3101
9954.8,-2.2969
9974.8,-2.1803
9994.7,-1.8971
10015,-1.497
10035,-0.87859
10055,-0.1521
10074,0.84059
10094,1.8352
10114,2.7372
10134,3.5612
10154,4.3404
10174,4.834
10194,5.1722
10214,5.3677
10234,5.4356
10254,5.3981
10274,5.2315
10294,4.9017
10314,4.303
10334,3.4139
10354,2.3071
10374,1.0584
10394,-0.24976
10413,-1.5266
10433,-2.5283
10453,-3.3063
10473,-3.9316
10493,-4.3937
10513,-4.6151
10533,-4.6725
10553,-4.5919
10573,-4.3747
10593,-3.9396
10613,-3.4056
10633,-2.7955
10653,-2.1148
10673,-1.4499
10693,-0.83715
10713,-0.28459
10733,0.14521
10752,0.47739
10772,0.67788
10792,0.76386
10812,0.73064
10832,0.62209
10852,0.44062
10872,0.22705
10892,-0.012404
10912,-0.24174
10932,-0.41518
10952,-0.54889
10972,-0.6056
10992,-0.6067
11012,-0.54752
11032,-0.4327
11052,-0.27132
11072,-0.10596
11091,0.083139
11111,0.28026
11131,0.46114
11151,0.5879
11171,0.68934
11191,0.72506
11211,0.71735
11231,0.67407
11251,0.60005
11271,0.50957
11291,0.37705
11311,0.25147
11331,0.1212
11351,0.018668
11371,-0.062761
11391,-0.11313
11411,-0.1338
11430,-0.12625
11450,-0.09747
11470,-0.055359
11490,-0.001266
11510,0.061353
11530,0.090689
11550,0.10707
11570,0.10626
11590,0.087329
11610,0.053461
11630,-0.0099664
11650,-0.073092
11670,-0.13198
11690,-0.17843
11710,-0.21341
11730,-0.23781
11750,-0.22558
11769,-0.17256
11789,-0.09636
11809,-0.0076409
11829,0.099315
11849,0.19623
11869,0.29919
11889,0.38351
11909,0.43825
11929,0.45776
11949,0.43041
11969,0.36715
11989,0.28497
12009,0.16372
12029,0.014323
12049,-0.12329
12069,-0.24205
12089,-0.34764
12108,-0.42724
12128,-0.47111
12148,-0.4656
12168,-0.42254
12188,-0.34661
12208,-0.22844
12228,-0.087773
12248,0.061548
12268,0.20263
12288,0.3187
12308,0.41576
12328,0.48023
12348,0.5071
12368,0.48608
12388,0.42911
12408,0.33242
12428,0.22597
12447,0.10722
12467,-0.025658
12487,-0.14182
12507,-0.23052
12527,-0.30369
12547,-0.34778
12567,-0.35944
12587,-0.34361
12607,-0.30947
12627,-0.25207
12647,-0.18213
12667,-0.10603
12687,-0.024817
12707,0.05602
12727,0.12284
12747,0.16937
12767,0.193
12786,0.20723
12806,0.2094
12826,0.18886
12846,0.15757
12866,0.11681
12886,0.059755
12906,0.0045955
12926,-0.035635
12946,-0.080773
12966,-0.12154
12986,-0.13987
13006,-0.15235
13026,-0.15747
13046,-0.14276
13066,-0.1265
13086,-0.098344
13106,-0.065897
13125,-0.030319
13145,0.0078995
13165,0.034832
13185,0.066821
13205,0.091776
13225,0.10896
13245,0.11913
13265,0.11001
13285,0.095586
13305,0.080488
13325,0.053304
13345,0.027905
13365,-0.00032128
13385,-0.023228
13405,-0.051859
13425,-0.07523
13445,-0.084646
13464,-0.092233
13484,-0.089731
13504,-0.075256
13524,-0.055356
13544,-0.033376
13564,-0.011257
13584,0.012723
13604,0.043623
13624,0.054133
13644,0.068837
13664,0.079978
13684,0.077392
13704,0.062684
13724,0.04352
13744,0.025827
13764,-0.0068938
13784,-0.039685
13803,-0.077874
13823,-0.10394
13843,-0.12697
13863,-0.139
13883,-0.15123
13903,-0.16198
13923,-0.15828
13943,-0.15065
13963,-0.132
13983,-0.10571
14003,-0.069196
14023,-0.034532
14043,0.0021425
14063,0.039413
14083,0.078639
14103,0.11275
14123,0.14078
14142,0.15954
14162,0.17232
14182,0.17134
14202,0.15658
14222,0.13675
14242,0.11796
14262,0.081464
14282,0.039706
14302,-0.003315
14322,-0.040199
14342,-0.076607
14362,-0.12081
14382,-0.15243
14402,-0.17124
14422,-0.18664
14442,-0.18487
14462,-0.17805
14481,-0.1624
14501,-0.14299
14521,-0.10724
14541,-0.07485
14561,-0.03093
14581,0.012621
14601,0.050445
14621,0.077769
14641,0.10823
14661,0.13295
14681,0.12528
14701,0.1127
14721,0.10273
14741,0.090754
14761,0.062574
14781,0.032404
14801,0.00010482
14820,-0.032072
14840,-0.066571
14860,-0.092461
14880,-0.11064
14900,-0.11517
14920,-0.118
14940,-0.10481
14960,-0.089331
14980,-0.072801
15000,0
15020,0
15040,0
15060,0
15080,0
15100,0
15120,0
15140,0
15159,0
15179,0
15199,0
15219,0
15239,0
15259,0
15279,0
15299,0
15319,0
15339,0
15359,0
15379,0
15399,0
15419,0
15439,0
15459,0
15479,0
15498,0
15518,0
15538,0
15558,0
15578,0
15598,0
15618,0
15638,0
15658,0
15678,0
15698,0
15718,0
15738,0
15758,0
15778,0
15798,0
15818,0
15837,0
15857,0
15877,0
15897,0
15917,0
15937,0
15957,0
15977,0
15997,0
16017,0
16037,0
16057,0
16077,0
16097,0
16117,0
16137,0
16157,0
16176,0
16196,0
16216,0
16236,0
16256,0
16276,0
16296,0
16316,0
16336,0
16356,0
16376,0
16396,0
16416,0
16436,0
16456,0
16476,0
16496,0
16515,0
16535,0
16555,0
16575,0
16595,0
16615,0
16635,0
16655,0
16675,0
16695,0
16715,0
16735,0
16755,0
16775,0
16795,0
16815,0
16835,0
16854,0
16874,0
16894,0
16914,0
16934,0
16954,0
16974,0
16994,0
17014,0
17034,0
17054,0
17074,0
17094,0
17114,0
17134,0
17154,0
17174,0
17193,0
17213,0
17233,0
17253,0
17273,0
17293,0
17313,0
17333,0
17353,0
17373,0
17393,0
17413,0
17433,0
17453,0
17473,0
17493,0
17513,0
17532,0
17552,0
17572,0
17592,0
17612,0
17632,0
17652,0
17672,0
17692,0
17712,0
17732,0
17752,0
17772,0
17792,0
17812,0
17832,0
17852,0
17871,0
17891,0
17911,0
17931,0
17951,0
17971,0
17991,0
18011,0
18031,0
18051,0
18071,0
18091,0
18111,0
18131,0
18151,0
18171,0
18191,0
18210,0
18230,0
18250,0
18270,0
18290,0
18310,0
18330,0
18350,0
18370,0
18390,0
18410,0
18430,0
18450,0
18470,0
18490,0
18510,0
18530,0
18549,0
18569,0
18589,0
18609,0
18629,0
18649,0
18669,0
18689,0
18709,0
18729,0
18749,0
18769,0
18789,0
18809,0
18829,0
18849,0
18869,0
18888,0
18908,0
18928,0
18948,0
18968,0
18988,0
19008,0
19028,0
19048,0
19068,0
19088,0
19108,0
19128,0
19148,0
19168,0
19188,0
19208,0
19227,0
19247,0
19267,0
19287,0
19307,0
19327,0
19347,0
19367,0
19387,0
19407,0
19427,0
19447,0
19467,0
19487,0
19507,0
19527,0
19547,0
19567,0
19586,0
19606,0
19626,0
19646,0
19666,0
19686,0
19706,0
19726,0
19746,0
19766,0
19786,0
19806,0
19826,0
19846,0
19866,0
19886,0
19906,0
19925,0
19945,0
19965,0
19985,0
20005,0
20025,0
20045,0
20065,0
20085,0
20105,0
20125,0
20145,0
20165,0
20185,0
20205,0
20225,0
20245,0
20264,0
20284,0
20304,0
20324,0
20344,0
20364,0
20384,0
20404,0
20424,0
20444,0
20464,0
20484,0
20504,0
20524,0
20544,0
20564,0
20584,0
20603,0
20623,0
20643,0
20663,0
20683,0
20703,0
20723,0
20743,0
20763,0
20783,0
20803,0
20823,0
20843,0
20863,0
20883,0
20903,0
20923,0
20942,0
20962,0
20982,0
21002,0
21022,0
21042,0
21062,0
21082,0
21102,0
21122,0
21142,0
21162,0
21182,0
21202,0
21222,0
21242,0
21262,0
21281,0
21301,0
21321,0
21341,0
21361,0
21381,0
21401,0
21421,0
21441,0
21461,0
21481,0
21501,0
21521,0
21541,0
21561,0
21581,0
21601,0
21620,0
21640,0
21660,0
21680,0
21700,0
21720,0
21740,0
21760,0
21780,0
21800,0
21820,0
21840,0
21860,0
21880,0
21900,0
21920,0
21940,0
21959,0
21979,0
