8000.5772108470991900000000000	0.0697959834430294107000000
8020.4009207725612100000000000	0.0663249025914898205000000
8040.2246306980232400000000000	0.0642888553515480327000000
8060.2390754848456600000000000	0.0645377632625123432000000
8080.0627854103076900000000000	0.0671936463688618951000000
8100.2743228872277400000000000	0.0673516882887390811000000
8120.2951255027874000000000000	0.0710917973764164102000000
8140.1188354282494300000000000	0.0693231557692530892000000
8159.9361875249887700000000000	0.0679874257035574248000000
8180.1477250019088300000000000	0.0654746565335050379000000
8200.1685276174539400000000000	0.0654645963702223666000000
8220.1829724042909100000000000	0.0627778837299955983000000
8240.2037750198360200000000000	0.0645861169505617117000000
8260.0274849452980500000000000	0.0645208881499060305000000
8280.0419297321350200000000000	0.0642525089551613249000000
8300.2534672090550800000000000	0.0637482027052493211000000
8320.2679119958920500000000000	0.0633542337300426472000000
8340.2887146114371600000000000	0.0607467043090919520000000
8360.1124245368991900000000000	0.0599814828557791169000000
8379.9297766336530800000000000	0.0577049652573187744000000
8399.9505792491981900000000000	0.0565817967025280325000000
8420.1621167261182500000000000	0.0595174172584861730000000
8440.3736542030383000000000000	0.0564935268825490083000000
8460.0002714384172500000000000	0.0559801340324721369000000
8480.0210740539623600000000000	0.0577234629769413088000000
8500.0355188407993300000000000	0.0577013955219533858000000
8520.2470563177193900000000000	0.0525015891760161058000000
8540.2615011045563600000000000	0.0488101582794311581000000
8560.0852110300183900000000000	0.0473102203791208042000000
8579.9089209554658600000000000	0.0512658116947393369000000
8600.1204584323859200000000000	0.0530980595042782402000000
8620.1349032192229000000000000	0.0466167181519630824000000
8640.1557058347680000000000000	0.0418744869619891644000000
8659.9794157602300300000000000	0.0462720764274205665000000
8679.9938605470670000000000000	0.0457911357157171836000000
8700.2053980239870600000000000	0.0388148992177254001000000
8720.0291079494490900000000000	0.0387817980350732700000000
8740.2406454263691400000000000	0.0444015350895117095000000
8760.0643553518311700000000000	0.0449668513648805654000000
8780.0788001386681500000000000	0.0427046126986928287000000
8800.0996027542132500000000000	0.0479861984506667200000000
8820.1140475410502300000000000	0.0525720103192378954000000
8840.1284923278872000000000000	0.0513333121454093086000000
8859.9522022533492300000000000	0.0521546758022431028000000
8879.9730048688943400000000000	0.0548371696719352556000000
8900.3752772071893400000000000	0.0556410091725548853000000
8920.1989871326513700000000000	0.0512969657488945158000000
8940.2197897481964800000000000	0.0501919703904269154000000
8960.2342345350334500000000000	0.0501578956436852450000000
8980.2486793218704300000000000	0.0496422311429453936000000
9000.2694819374155400000000000	0.0413938707711031459000000
9020.2839267242525100000000000	0.0418306765732217242000000
9039.9169017883395900000000000	0.0437382133518241234000000
9059.9313465751765600000000000	0.0405241534234992359000000
9079.9457913619989900000000000	0.0314618933618380781000000
9100.1573288389190500000000000	0.0266953230469958863000000
9119.9810387643810700000000000	0.0316747793997139565000000
9140.1925762413011300000000000	0.0387204634907452813000000
9160.2133788568607900000000000	0.0379104580798479626000000
9180.2278236436832100000000000	0.0370809813848455086000000
9200.4393611206032700000000000	0.0427075333912778632000000
9220.0659783559822100000000000	0.0513625190711773788000000
9240.2775158329022700000000000	0.0505749056395071728000000
9259.9104908969893500000000000	0.0414480658446227251000000
9280.3127632352843500000000000	0.0374220533748707007000000
9299.9393804706633000000000000	0.0336293717865369518000000
9320.1509179475833600000000000	0.0280050914157300088000000
9339.9746278730453800000000000	0.0267777514825065580000000
9359.9954304885904900000000000	0.0184771431127900912000000
9380.2069679655105500000000000	0.0122933878226790961000000
9400.2214127523475200000000000	0.0036757220090756393000000
9420.0451226778095500000000000	-0.0109416955227339460000000
9440.2566601547296000000000000	-0.0281387337641658998000000
9460.0803700801916300000000000	-0.0491751848590329943000000
9480.4826424184866400000000000	-0.0740763615561980671000000
9499.9185247924906300000000000	-0.1001743734224509740000000
9520.1300622694106900000000000	-0.1331006406220564540000000
9539.9537721948727200000000000	-0.1756509154412622400000000
9560.1653096717927700000000000	-0.2234509740395706770000000
9580.1797544586297500000000000	-0.2889244708221818670000000
9600.0034643840772200000000000	-0.3534581552791478120000000
9620.2150018610118300000000000	-0.4375166749326288570000000
9640.2358044765569400000000000	-0.5217987932525092190000000
9660.0531565732962800000000000	-0.6092284491011481510000000
9680.2646940502163400000000000	-0.7228246025470733690000000
9700.0884039756783600000000000	-0.8605927500257589680000000
9720.1092065912234700000000000	-0.9992883925969224810000000
9740.1236513780604500000000000	-1.1400411913415979800000000
9759.9473613035224700000000000	-1.2958427228432580800000000
9780.1588987804425300000000000	-1.4806659248552398400000000
9800.1733435672795000000000000	-1.6640735943765956300000000
9820.1941461828246100000000000	-1.8787742871995396500000000
9840.0178561082866400000000000	-2.1076310001242637400000000
9860.2293935852067000000000000	-2.2869371617124829600000000
9880.2438383720436700000000000	-2.4684520609061690900000000
9900.2582831588806500000000000	-2.5772240730720117300000000
9920.0819930843426700000000000	-2.5969647528419264000000000
9940.1027956998877800000000000	-2.4875388257907928800000000
9960.1172404867247600000000000	-2.2157409371486318500000000
9980.1316852735617300000000000	-1.7735727557963041300000000
9999.9553951990237600000000000	-1.0667596729299675400000000
10020.1669326759438000000000000	-0.3027185789979038310000000
10040.1877352914889000000000000	0.8895648887369289600000000
10060.2021800783259000000000000	1.9661211914093990000000000
10080.2229826938710000000000000	2.9038006688720163800000000
10100.2374274807080000000000000	3.9104026413139219000000000
10120.0611374061700000000000000	4.7033926053049830400000000
10140.2726748830901000000000000	5.1802191947571438700000000
10160.2871196699125000000000000	5.4469555480472875400000000
10180.1108295953745000000000000	5.6170406372058403400000000
10200.1316322109342000000000000	5.6897821565747577200000000
10220.1460769977566000000000000	5.6440467959146349800000000
10239.9697869232186000000000000	5.5054297142382706500000000
10260.1813244001387000000000000	5.1651525771264941100000000
10280.1957691869757000000000000	4.5453323323716174900000000
10300.2165718025208000000000000	3.6784291012972785100000000
10320.0339238992747000000000000	2.4262693499109198000000000
10340.2454613761947000000000000	1.0727890082134343700000000
10360.2662639917398000000000000	-0.3591440955246173460000000
10380.2807087785768000000000000	-1.4724321605092465200000000
10399.9136838426639000000000000	-2.5743150569755086600000000
10420.1252213195839000000000000	-3.4180960954885315500000000
10440.1396661064209000000000000	-4.0493041356038848000000000
10460.3512035833410000000000000	-4.4469483884466152200000000
10480.1749135088030000000000000	-4.6428234835335198100000000
10499.9986234342650000000000000	-4.6786138641089980400000000
10520.2101609111851000000000000	-4.5508500137176648400000000
10540.2246056980220000000000000	-4.2758834887916705700000000
10560.2390504848590000000000000	-3.8180773948354271800000000
10580.2598531004041000000000000	-3.2417473349530210300000000
10600.0835630258662000000000000	-2.6187213645789539900000000
10620.2951005027862000000000000	-1.8636697436178069100000000
10640.1188104282482000000000000	-1.2487302946389768900000000
10659.9361625249876000000000000	-0.6517264852486781560000000
10679.9569651405327000000000000	-0.1111172354675832860000000
10700.1685026174527000000000000	0.2832525224297666180000000
10719.9922125429148000000000000	0.5829356799111306000000000
10740.2037500198348000000000000	0.7412251966925010870000000
10760.2181948066718000000000000	0.7754378620909787580000000
10780.2326395935088000000000000	0.7062998823917857600000000
10800.0563495189708000000000000	0.5505299494245480260000000
10820.2678869958909000000000000	0.3007325420577289800000000
10840.2886896114360000000000000	0.0506589566811575451000000
10859.9153068468149000000000000	-0.1861206255431550050000000
10880.1268443237350000000000000	-0.3997504907373480300000000
10900.1412891105719000000000000	-0.5749472977895763170000000
10919.9649990360340000000000000	-0.6776271948457583960000000
10940.1765365129540000000000000	-0.7188790700746382490000000
10960.0002464384161000000000000	-0.6903692069877751520000000
10980.2117839153361000000000000	-0.6077820568413702110000000
11000.0354938407981000000000000	-0.4598044841820804200000000
11020.2470313177182000000000000	-0.2512238424136807310000000
11040.2614761045552000000000000	-0.0378497122977495340000000
11060.0851860300172000000000000	0.2004022132875115100000000
11080.1059886455623000000000000	0.3949891271072339390000000
11100.1204334323993000000000000	0.5892031611321908440000000
11120.1348782192217000000000000	0.7178431075010736070000000
11139.9585881446837000000000000	0.8239138908053280640000000
11160.1701256216038000000000000	0.8660721375906832440000000
11179.9938355470658000000000000	0.8471337194074149980000000
11200.2053730239859000000000000	0.7814217116303319160000000
11220.2261756395455000000000000	0.6791634054854504000000000
11240.2406204263680000000000000	0.5512581753804329800000000
11260.0643303518300000000000000	0.4037563965795631930000000
11280.0787751386670000000000000	0.2573521464504183730000000
11300.0995777542121000000000000	0.1193601359161317040000000
11319.9232876796741000000000000	0.0248059594576969765000000
11340.3255600179691000000000000	-0.0478355604913912533000000
11360.1492699434311000000000000	-0.0912402989545201271000000
11380.1637147302681000000000000	-0.0959377463875899783000000
11400.1845173458132000000000000	-0.0610309254416942365000000
11420.0082272712752000000000000	-0.0158270407297369520000000
11440.2197647481953000000000000	0.0489227672043960823000000
11460.0371168449492000000000000	0.1214250655315917690000000
11480.2486543218692000000000000	0.1892695071321802150000000
11500.2694569374143000000000000	0.2341212832506550660000000
11520.2839017242513000000000000	0.2585691016338432240000000
11540.1076116497133000000000000	0.2572375904025438480000000
11560.3191491266334000000000000	0.2311100493305637270000000
11579.9457663619978000000000000	0.1794199585160242140000000
11599.9665689775575000000000000	0.0991972972733464187000000
11620.1781064544775000000000000	0.0227069550430521634000000
11640.0018163799395000000000000	-0.0637877348054142618000000
11660.2133538568596000000000000	-0.1304879187032648710000000
11680.2277986436820000000000000	-0.1837525927263819750000000
11700.0515085691440000000000000	-0.2066537450449073550000000
11720.2630460460641000000000000	-0.1894881843427830280000000
11740.0867559715261000000000000	-0.1516330851843814830000000
11760.1012007583631000000000000	-0.0755808428112071107000000
11779.9249106838251000000000000	0.0230528948554049665000000
11799.9393554706621000000000000	0.1583494338312891050000000
11820.1508929475822000000000000	0.2646911975054476730000000
11839.9746028730442000000000000	0.3911244020470414080000000
11860.1861403499642000000000000	0.4803119621869312850000000
11880.2069429655094000000000000	0.5377811273711254890000000
11900.2213877523463000000000000	0.5589512789925462630000000
11920.2358325391833000000000000	0.5379657800312069860000000
11940.0595424646453000000000000	0.4640141743312045650000000
11960.2710799415654000000000000	0.3722778231400906690000000
11980.4826174184854000000000000	0.2221217805533911290000000
11999.9184997924894000000000000	0.0752797459859642776000000
12020.1300372694095000000000000	-0.0792700021988918535000000
12039.9537471948715000000000000	-0.2344399186159108470000000
12060.1652846717916000000000000	-0.3477556644681618070000000
12079.9889945972536000000000000	-0.4360371816116579420000000
12100.0034393840906000000000000	-0.4739967812526673650000000
12120.2149768610106000000000000	-0.4682102390627537190000000
12140.2357794765557000000000000	-0.4132720015576943350000000
12160.0531315732951000000000000	-0.3220960786017956770000000
12180.2646690502151000000000000	-0.1742710503600039260000000
12200.2854716657748000000000000	-0.0271096763896818242000000
12219.9120889011392000000000000	0.1435220515505700460000000
12239.9265336879762000000000000	0.2878977214725625400000000
12260.1380711648962000000000000	0.4402011204813502390000000
12279.9617810903583000000000000	0.5327393633508868960000000
12300.1733185672783000000000000	0.5930964440086292640000000
12320.1941211828234000000000000	0.6055973316999879730000000
12340.0178311082854000000000000	0.5749686802722200340000000
12360.0322758951224000000000000	0.5056194368652183740000000
12380.2438133720425000000000000	0.3965520220509176070000000
12400.0675232975045000000000000	0.2716674336463159030000000
12420.2790607744246000000000000	0.1335550260900688900000000
12439.9056780098035000000000000	-0.0172847908752750620000000
12460.1172154867236000000000000	-0.1297265914622202920000000
12480.1316602735605000000000000	-0.2380054355493478050000000
12500.1524628891056000000000000	-0.3057963403011289550000000
12520.3640003660257000000000000	-0.3488989535135737510000000
12539.9906176014046000000000000	-0.3535766056062236710000000
12560.2021550783247000000000000	-0.3218218579851023220000000
12580.2229576938698000000000000	-0.2693850352831885790000000
12600.0403097906092000000000000	-0.1838652016598363300000000
12620.0611124061688000000000000	-0.0947353945569222034000000
12640.2726498830889000000000000	-0.0008520005916296702780000
12660.0963598085509000000000000	0.0776360958371682397000000
12680.1108045953733000000000000	0.1635700094104003690000000
12699.9345145208353000000000000	0.2433899384818174750000000
12720.1460519977554000000000000	0.2859272276498239230000000
12740.1604967845924000000000000	0.3077671920040502830000000
12759.9842067100544000000000000	0.3110029946775897950000000
12780.0050093255995000000000000	0.3018936795547859650000000
12800.2165468025196000000000000	0.2744235937381560570000000
12820.2309915893565000000000000	0.2272875119484658590000000
12840.0547015148186000000000000	0.1789928883702902600000000
12860.0691463016555000000000000	0.1231372403934501420000000
12880.2806837785756000000000000	0.0592915503663510937000000
12900.1043937040376000000000000	0.0052334247372680291600000
12920.1251963195827000000000000	-0.0325742923287283825000000
12939.9425484163366000000000000	-0.0682203727266856991000000
12959.9633510318817000000000000	-0.0887116281182764865000000
12980.1748885088018000000000000	-0.1013063041088457520000000
13000.1893332956388000000000000	-0.1103322181668997260000000
13020.2101359111839000000000000	-0.1045008928946808690000000
13040.0274880079378000000000000	-0.0815166639215951089000000
13060.2390254848578000000000000	-0.0450372124015437220000000
13080.2598281004029000000000000	-0.0060975645409895376500000
13100.0835380258650000000000000	0.0340282085858970434000000
13120.2950755027850000000000000	0.0762387067092902410000000
13139.9216927381494000000000000	0.1109628203737470650000000
13160.1332302150840000000000000	0.1430167717465085640000000
13180.1476750019064000000000000	0.1685906798083560420000000
13199.9713849273685000000000000	0.1806375627611115920000000
13219.9921875429136000000000000	0.1897202673382113740000000
13240.2037250198482000000000000	0.1784833897921387910000000
13260.0274349452957000000000000	0.1667477228450227060000000
13280.2326145935076000000000000	0.1485612196905730380000000
13300.2534172090527000000000000	0.1215493572245875260000000
13320.2678619958897000000000000	0.0922632486546168945000000
13340.2886646114348000000000000	0.0569020993213258178000000
13360.1123745368968000000000000	0.0219349186323658241000000
13380.1268193237338000000000000	0.0002143767359092619500000
13399.9505292491958000000000000	-0.0219861324552759300000000
13420.1620667261159000000000000	-0.0403378179168273204000000
13439.9857766515779000000000000	-0.0494205230427057218000000
13460.1973141284979000000000000	-0.0511713160338794493000000
13480.2117589153349000000000000	-0.0403417121737061693000000
13500.2325615308800000000000000	-0.0157316314370553947000000
13520.0499136276339000000000000	0.0122833276592464544000000
13540.0707162431790000000000000	0.0385607989626476702000000
13560.2822537200991000000000000	0.0714653215028837469000000
13579.9088709554780000000000000	0.1056711745450070320000000
13600.1204084323981000000000000	0.1272560658922325390000000
13619.9441183578601000000000000	0.1419698657423482950000000
13640.1556558347802000000000000	0.1495746999900305630000000
13660.1701006216026000000000000	0.1497103499308340140000000
13679.9938105470646000000000000	0.1374187777659088010000000
13700.2053480239847000000000000	0.1113840491411182690000000
13720.2261506395443000000000000	0.0891196099100408645000000
13740.0435027362837000000000000	0.0574849397502117665000000
13760.2550402132037000000000000	0.0314239243581229469000000
13780.2758428287488000000000000	-0.0026991764134858165100000
13800.0995527542109000000000000	-0.0333223141680080090000000
13819.9232626796729000000000000	-0.0604763183551736416000000
13840.1284423278848000000000000	-0.0856212107220708230000000
13860.1492449434299000000000000	-0.1089082182051055860000000
13879.9729548688920000000000000	-0.1189200283431223190000000
13900.1844923458120000000000000	-0.1123939027071699380000000
13920.0082022712740000000000000	-0.0970544245660067140000000
13940.0226470581110000000000000	-0.0790139548062198382000000
13960.2341845350311000000000000	-0.0558038591245379398000000
13980.0578944604931000000000000	-0.0245397913863083621000000
14000.2694319374132000000000000	0.0139968006559568186000000
14020.2838767242501000000000000	0.0503766230656145578000000
14039.9168517883372000000000000	0.0850533568383218946000000
14060.1283892652573000000000000	0.1209343891874341830000000
14079.9457413620112000000000000	0.1565778715693677820000000
14100.1572788389312000000000000	0.1857529933852879180000000
14120.1780814544763000000000000	0.2049036494291029410000000
14140.0017913799383000000000000	0.2165396882165073750000000
14160.2133288568584000000000000	0.2165503974222051100000000
14180.2277736436954000000000000	0.2065778552570023130000000
14200.2422184305178000000000000	0.1936473006358869490000000
14220.0659283559798000000000000	0.1698469021014808460000000
14240.2774658328999000000000000	0.1363958863432693510000000
14259.9104408969870000000000000	0.0954085100036470429000000
14280.1219783739070000000000000	0.0529766885016775269000000
14299.9393304706609000000000000	0.0087025585190088003400000
14320.1508679475810000000000000	-0.0321864892494204344000000
14340.1716705631261000000000000	-0.0631799062073756246000000
14360.1861153499631000000000000	-0.0957371921550502908000000
14380.0098252754251000000000000	-0.1184319481359323860000000
14400.0242700622621000000000000	-0.1329289687930127470000000
14420.2358075391821000000000000	-0.1332242832815445090000000
14440.4473450161022000000000000	-0.1256421649284142350000000
14460.2710549415642000000000000	-0.1060482109912798120000000
14480.2918575571093000000000000	-0.0767608026570421598000000
14499.9184747924882000000000000	-0.0396647605207072970000000
14519.9329195793252000000000000	-0.0001435703706437030760000
14540.1444570562453000000000000	0.0358688939604543608000000
14560.1652596717904000000000000	0.0780806901485506522000000
14580.1797044586274000000000000	0.1151361654785216510000000
14600.0034143840894000000000000	0.1454818362240129500000000
14620.2149518610094000000000000	0.1606629468117360960000000
14640.2357544765546000000000000	0.1676359378844980710000000
14660.2501992633915000000000000	0.1738680466184077120000000
14680.2646440502140000000000000	0.1699617826728311580000000
14700.0883539756760000000000000	0.1571383200080793680000000
14719.9120639011380000000000000	0.1380133009530696840000000
14740.1236013780581000000000000	0.1091253802492797710000000
14760.1380461648950000000000000	0.0729214490051256908000000
14780.1588487804401000000000000	0.0342164309973081032000000
14799.9825587059022000000000000	0.0036341832696475768700000
14820.1940961828222000000000000	-0.0232491697608556286000000
14840.2085409696592000000000000	-0.0421483228417968217000000
14860.2293435852043000000000000	-0.0609053356567329784000000
14880.2437883720413000000000000	-0.0670559899116827812000000
14900.0674982975033000000000000	-0.0655099699205440866000000
14920.2790357744234000000000000	-0.0493400417337733210000000
14940.1027456998854000000000000	-0.0287277401140336279000000
14960.1171904867224000000000000	-0.0077487294383912254400000
14979.9409004121844000000000000	0.0157044322666650936000000
14999.9553451990214000000000000	0.0432176810292107250000000
