8000.5772108470991900000000000	0.0662700584755361311000000
8020.2101859111862600000000000	0.0633438490453576558000000
8040.2246306980232400000000000	0.0665634258176419080000000
8060.2390754848456600000000000	0.0666737630923250890000000
8080.0627854103076900000000000	0.0633922027334226229000000
8100.2743228872277400000000000	0.0670829845728003887000000
8120.2951255027874000000000000	0.0654220840673180731000000
8140.1188354282494300000000000	0.0641950686680122368000000
8159.9361875249887700000000000	0.0693543098232584226000000
8180.1477250019088300000000000	0.0693020618785199216000000
8200.1685276174539400000000000	0.0697768366806743728000000
8220.1829724042909100000000000	0.0701334856946941032000000
8240.2037750198360200000000000	0.0705952796409100580000000
8260.0274849452980500000000000	0.0741231517327657352000000
8280.0419297321350200000000000	0.0804519679821487505000000
8300.0563745189720000000000000	0.0794621777274391872000000
8320.2679119958920500000000000	0.0787433628373931521000000
8340.2887146114371600000000000	0.0757240157763173494000000
8360.1124245368991900000000000	0.0774722125326227501000000
8380.1268693237361600000000000	0.0760238735455984055000000
8400.1413141105731400000000000	0.0750623166511614620000000
8419.9650240360351600000000000	0.0734173176975335545000000
8440.3736542030383000000000000	0.0714624008103264125000000
8460.0002714384172500000000000	0.0739329821950017591000000
8480.0210740539623600000000000	0.0714763552303429028000000
8500.0355188407993300000000000	0.0740803149085600271000000
8520.2470563177193900000000000	0.0763824696874104703000000
8540.2615011045563600000000000	0.0731924243704252936000000
8560.0852110300183900000000000	0.0684677173696038588000000
8579.9089209554658600000000000	0.0723804718386601848000000
8600.1204584323859200000000000	0.0767228926310518505000000
8620.1349032192229000000000000	0.0780787430201972665000000
8640.1557058347680000000000000	0.0737350241437567527000000
8659.9794157602300300000000000	0.0697486033192337290000000
8680.1909532371500900000000000	0.0692842132017457146000000
8700.2053980239870600000000000	0.0644738325474442237000000
8720.2262006395321700000000000	0.0682885815590316275000000
8740.2406454263691400000000000	0.0776351222730103235000000
8760.0643553518311700000000000	0.0763058826381223659000000
8780.2758928287512300000000000	0.0729526030591002572000000
8800.0996027542132500000000000	0.0804078330724352780000000
8819.9233126796752800000000000	0.0847973094580104919000000
8840.1284923278872000000000000	0.0796156763472876394000000
8859.9522022533492300000000000	0.0720384262876555132000000
8879.9730048688943400000000000	0.0706446068930680626000000
8900.3752772071893400000000000	0.0728292849287829336000000
8920.1989871326513700000000000	0.0791665387365612650000000
8940.2197897481964800000000000	0.0750529055306936449000000
8960.2342345350334500000000000	0.0719488583824532818000000
8980.0579444604954800000000000	0.0719741710513147198000000
9000.2694819374155400000000000	0.0689755933542429978000000
9020.2839267242525100000000000	0.0671488624162030201000000
9039.9169017883395900000000000	0.0646046146701514945000000
9059.9313465751765600000000000	0.0602985402603308657000000
9079.9457913619989900000000000	0.0620707516070767643000000
9100.1573288389190500000000000	0.0658683009870921210000000
9120.1781314544787100000000000	0.0699575950981537603000000
9140.0018413799261800000000000	0.0684527893853927733000000
9160.2133788568607900000000000	0.0699329314720727874000000
9180.2278236436832100000000000	0.0763879865511306600000000
9200.2422684305201900000000000	0.0817841283081616743000000
9220.0659783559822100000000000	0.0791139662705628854000000
9240.2775158329022700000000000	0.0764181670408909941000000
9259.9104908969893500000000000	0.0684514912998039488000000
9280.3127632352843500000000000	0.0740696057025122673000000
9299.9393804706633000000000000	0.0722912284548611200000000
9319.9601830862084100000000000	0.0675379635700720932000000
9339.9746278730453800000000000	0.0616381645855063262000000
9360.1861653499654400000000000	0.0603089249450237536000000
9380.0098752754274600000000000	0.0581472879212467583000000
9400.2214127523475200000000000	0.0525859647393229490000000
9420.0451226778095500000000000	0.0404225782257988109000000
9440.2566601547296000000000000	0.0296471696969673841000000
9460.0803700801916300000000000	0.0249539412160616099000000
9480.4826424184866400000000000	0.0012768598062511129500000
9499.9185247924906300000000000	-0.0196378955749494342000000
9520.1300622694106900000000000	-0.0398815408199346133000000
9540.1445070562476600000000000	-0.0635219517718473570000000
9560.1653096717927700000000000	-0.0972166852720089958000000
9580.1797544586297500000000000	-0.1344022960218271000000000
9600.2005570741748600000000000	-0.1806809974700439580000000
9620.2150018610118300000000000	-0.2429871640045835330000000
9640.2358044765569400000000000	-0.3139369605763241420000000
9660.0531565732962800000000000	-0.3748567748925075710000000
9680.2646940502163400000000000	-0.4532887423130630980000000
9700.0884039756783600000000000	-0.5499422689278721240000000
9720.1092065912234700000000000	-0.6561565281538113140000000
9740.1236513780604500000000000	-0.7727668405548074880000000
9759.9473613035224700000000000	-0.8896617667675320580000000
9780.1588987804425300000000000	-1.0369984480606115900000000
9799.9826087059045600000000000	-1.1782860624130866400000000
9820.1941461828246100000000000	-1.3441594527748812500000000
9840.2085909696615900000000000	-1.5112365178192632700000000
9860.0323008951236100000000000	-1.6897039980047370300000000
9880.2438383720436700000000000	-1.8833487468227183600000000
9900.2582831588806500000000000	-2.0251430522228361900000000
9920.2790857744257500000000000	-2.1726233294823300600000000
9940.1027956998877800000000000	-2.2628277752789323100000000
9959.9201477966416700000000000	-2.2442167651352424900000000
9980.1316852735617300000000000	-2.1022838526796410200000000
9999.9553951990237600000000000	-1.8118244640342005000000000
10020.1669326759438000000000000	-1.4488124985367949500000000
10040.1877352914889000000000000	-0.8323068042928878360000000
10060.2021800783259000000000000	-0.0137867746705866538000000
10080.2229826938710000000000000	0.8656259207063909940000000
10100.2374274807080000000000000	1.8197869971858997600000000
10120.0611374061700000000000000	2.7265631537070875700000000
10140.0755821929924000000000000	3.6840138000966642400000000
10160.2871196699125000000000000	4.4332036910976162500000000
10179.9200947339996000000000000	4.9492557522590603300000000
10200.1316322109342000000000000	5.2777720414725228800000000
10220.1460769977566000000000000	5.4516325724223362300000000
10239.9697869232186000000000000	5.5109839247383956000000000
10260.1813244001387000000000000	5.4743361967934456300000000
10280.1957691869757000000000000	5.3345284885429977700000000
10300.2165718025208000000000000	5.0038313720314047100000000
10320.0339238992747000000000000	4.3914720678774097300000000
10340.2454613761947000000000000	3.6040155652258811800000000
10360.2662639917398000000000000	2.4635351365704383200000000
10380.2807087785768000000000000	1.3223057144278094200000000
10400.1044187040388000000000000	-0.1783334095206361160000000
10419.9281286295008000000000000	-1.3288319706702738100000000
10440.1396661064209000000000000	-2.3804231870960301800000000
10460.3512035833410000000000000	-3.1811450456526966200000000
10480.1749135088030000000000000	-3.8470790215846957200000000
10499.9986234342650000000000000	-4.3065937562662242000000000
10520.0130682211020000000000000	-4.5217519614673369300000000
10540.2246056980220000000000000	-4.5948417393458180700000000
10560.2390504848590000000000000	-4.5239106900298713400000000
10580.2598531004041000000000000	-4.3013695836930416700000000
10600.0835630258662000000000000	-3.8317248753727435300000000
10620.2951005027862000000000000	-3.3087154630559738600000000
10640.1188104282482000000000000	-2.7736664156043402400000000
10659.9361625249876000000000000	-2.1094113273177361700000000
10680.1477000019076000000000000	-1.4477110719458889900000000
10700.1685026174527000000000000	-0.8393456762622314440000000
10719.9922125429148000000000000	-0.2990810182052557890000000
10740.2037500198348000000000000	0.1675788221196065080000000
10760.2181948066718000000000000	0.5215573304632681320000000
10780.2326395935088000000000000	0.7363917754148954220000000
10800.2534422090539000000000000	0.8198774939985622460000000
10820.0771521345159000000000000	0.7981683124095512170000000
10840.2886896114360000000000000	0.6833870511077669850000000
10859.9153068468149000000000000	0.4903883507956444120000000
10879.9297516336519000000000000	0.3060050409132926140000000
10900.1412891105719000000000000	0.0676473272802478737000000
10920.1620917261171000000000000	-0.1494772894050590550000000
10940.1765365129540000000000000	-0.3144510025354132490000000
10960.0002464384161000000000000	-0.4351064540745600010000000
10980.2117839153361000000000000	-0.5094403666587201670000000
11000.0354938407981000000000000	-0.5183721710503211840000000
11020.2470313177182000000000000	-0.4752552754848369250000000
11040.2614761045552000000000000	-0.3646317531534455370000000
11060.0851860300172000000000000	-0.2273419859494609230000000
11080.1059886455623000000000000	-0.0175479777339003704000000
11100.1204334323993000000000000	0.1598324965779006620000000
11120.3319709093193000000000000	0.3569000531850320960000000
11139.9585881446837000000000000	0.5319235166239600910000000
11160.1701256216038000000000000	0.6734489086921127130000000
11179.9938355470658000000000000	0.7667445836367087210000000
11200.2053730239859000000000000	0.8255695988380770120000000
11220.2261756395455000000000000	0.8276887233882617160000000
11240.2406204263680000000000000	0.7974303508138393950000000
11260.2550652132049000000000000	0.7193686824586861260000000
11280.0787751386670000000000000	0.6052043363210736210000000
11300.0995777542121000000000000	0.4755943949952560760000000
11319.9232876796741000000000000	0.3406022650906830870000000
11340.1284673278860000000000000	0.2229768944013786060000000
11360.1492699434311000000000000	0.1203878951637854520000000
11380.1637147302681000000000000	0.0330309543266826475000000
11400.1845173458132000000000000	-0.0179117662274103744000000
11420.1989621326502000000000000	-0.0389014861738854745000000
11440.2197647481953000000000000	-0.0408596483378293601000000
11460.0371168449492000000000000	-0.0201496658291332662000000
11480.2486543218692000000000000	0.0192005013142028912000000
11500.2694569374143000000000000	0.0670479362620142461000000
11520.4809944143344000000000000	0.1194571678123148990000000
11539.9168767883384000000000000	0.1503996333620066790000000
11560.1284142652585000000000000	0.1698731883339077430000000
11579.9457663619978000000000000	0.1745813446285421900000000
11599.9665689775575000000000000	0.1496954219469126820000000
11619.9810137643799000000000000	0.1119707838185681900000000
11640.0018163799395000000000000	0.0624958746364470894000000
11660.2133538568596000000000000	0.0077663142760884453700000
11680.2277986436820000000000000	-0.0529201618976027494000000
11700.2422434305190000000000000	-0.1050733486669137300000000
11720.0659533559810000000000000	-0.1394122576482876850000000
11740.0867559715261000000000000	-0.1607836156253244770000000
11760.1012007583631000000000000	-0.1518359110706851700000000
11779.9249106838251000000000000	-0.1204125023282603540000000
11800.1364481607452000000000000	-0.0560018171832638648000000
11820.1508929475822000000000000	0.0368622539620517345000000
11839.9746028730442000000000000	0.1433224708957896720000000
11860.1861403499642000000000000	0.2536500065203152190000000
11880.2069429655094000000000000	0.3514370603222447540000000
11900.2213877523463000000000000	0.4407868815608321780000000
11920.0450976778084000000000000	0.4914875046830059490000000
11940.0595424646453000000000000	0.5146041355594963560000000
11960.0803450801904000000000000	0.4989157988878690770000000
11980.4826174184854000000000000	0.4456426948736040280000000
11999.9184997924894000000000000	0.3458533455026368000000000
12020.1300372694095000000000000	0.2361777752586055880000000
12039.9537471948715000000000000	0.1029922504458647690000000
12060.1652846717916000000000000	-0.0330506897518133905000000
12080.1797294586286000000000000	-0.1630338471467578100000000
12100.0034393840906000000000000	-0.2614975418748591300000000
12120.2149768610106000000000000	-0.3383146866556463460000000
12140.2357794765557000000000000	-0.3814367717684555850000000
12160.0531315732951000000000000	-0.3843999771149097520000000
12180.0739341888402000000000000	-0.3404643166889859130000000
12200.2854716657748000000000000	-0.2643010825243529700000000
12219.9120889011392000000000000	-0.1385529249371296460000000
12239.9265336879762000000000000	-0.0124315732851577390000000
12260.1380711648962000000000000	0.1266936703211999640000000
12280.1588737804413000000000000	0.2688122945317921730000000
12300.1733185672783000000000000	0.3895615071023244000000000
12320.1941211828234000000000000	0.4893528030971853740000000
12340.0178311082854000000000000	0.5486042396106595160000000
12360.0322758951224000000000000	0.5753327932496776760000000
12380.2438133720425000000000000	0.5548606871162117260000000
12400.0675232975045000000000000	0.5023025039244574110000000
12420.4697956357995000000000000	0.4142738098160211320000000
12439.9056780098035000000000000	0.3179714422507306510000000
12460.1172154867236000000000000	0.1897757604952382270000000
12480.1316602735605000000000000	0.0713218830458787756000000
12500.1524628891056000000000000	-0.0543934890873011695000000
12520.1669076759426000000000000	-0.1438341864755990910000000
12539.9906176014046000000000000	-0.2281792512317082910000000
12560.2021550783247000000000000	-0.2741129880402564110000000
12580.0258650037867000000000000	-0.2910014080087368610000000
12600.2374024807068000000000000	-0.2820939436622233450000000
12620.0611124061688000000000000	-0.2425065477679609060000000
12640.2726498830889000000000000	-0.1862780184326617020000000
12660.0963598085509000000000000	-0.1193513173029165240000000
12680.1108045953733000000000000	-0.0412935334578612284000000
12699.9345145208353000000000000	0.0442032525152361577000000
12719.9489593076723000000000000	0.1207351330529398000000000
12739.9697619232174000000000000	0.1868287817826528030000000
12759.9842067100544000000000000	0.2296678763004131870000000
12780.1957441869745000000000000	0.2603017212930933130000000
12800.0194541124365000000000000	0.2701142743146503490000000
12820.2309915893565000000000000	0.2614300821385073800000000
12840.0547015148186000000000000	0.2455950612796103940000000
12860.0691463016555000000000000	0.2093904821040041270000000
12880.2806837785756000000000000	0.1666354384446897820000000
12900.1043937040376000000000000	0.1052622775899626360000000
12920.1251963195827000000000000	0.0613467443713897748000000
12939.9425484163366000000000000	0.0174110903122968418000000
12960.1540858932567000000000000	-0.0197965865415320949000000
12980.1748885088018000000000000	-0.0581504734240415738000000
12999.9985984342638000000000000	-0.0838623046762779212000000
13020.2101359111839000000000000	-0.0958595367273195886000000
13040.0274880079378000000000000	-0.0989480070055354794000000
13060.2390254848578000000000000	-0.0932179324359784095000000
13080.2598281004029000000000000	-0.0732274135489718731000000
13100.2742728872399000000000000	-0.0413337741122177249000000
13120.2950755027850000000000000	-0.0079041751903649228800000
13139.9216927381494000000000000	0.0185800163967082439000000
13160.1332302150840000000000000	0.0475652941977713489000000
13180.1476750019064000000000000	0.0882313948539463905000000
13200.1684776174661000000000000	0.1189466956630238630000000
13219.9921875429136000000000000	0.1483226964692483110000000
13240.2037250198482000000000000	0.1642184031445113320000000
13260.2181698066706000000000000	0.1742311860512429370000000
13280.2326145935076000000000000	0.1728558644100180450000000
13300.0563245189696000000000000	0.1624640405184510920000000
13320.2678619958897000000000000	0.1404624638853067820000000
13340.0915719213517000000000000	0.1169943749693742870000000
13360.1123745368968000000000000	0.0839243469064879649000000
13380.1268193237338000000000000	0.0672751012392707459000000
13400.1412641105708000000000000	0.0393652875096230509000000
13420.1620667261159000000000000	0.0047459935919856588500000
13439.9857766515779000000000000	-0.0198780414139375465000000
13460.1973141284979000000000000	-0.0325321045460312958000000
13480.2117589153349000000000000	-0.0315819058714827336000000
13500.2325615308800000000000000	-0.0298739497163836645000000
13520.0499136276339000000000000	-0.0253027412083692768000000
13540.2614511045540000000000000	-0.0134547892698783228000000
13560.2822537200991000000000000	0.0086214281686982242200000
13579.9088709554780000000000000	0.0420201970698030891000000
13600.1204084323981000000000000	0.0664092781544790151000000
13620.1348532192205000000000000	0.0950064279968360209000000
13639.9585631446825000000000000	0.1136466122884305100000000
13660.1701006216026000000000000	0.1321771082650717020000000
13679.9938105470646000000000000	0.1419185913627220020000000
13700.4024407140823000000000000	0.1295984612930588530000000
13720.0290579494467000000000000	0.1168087487331656430000000
13740.0435027362837000000000000	0.1059583759776916430000000
13760.0643053518288000000000000	0.0843605036608710557000000
13780.2758428287488000000000000	0.0505340159434109759000000
13799.9024600641278000000000000	0.0216733543838867129000000
13820.1139975410478000000000000	-0.0098331304096736307800000
13840.1284423278848000000000000	-0.0398964688046024724000000
13860.1492449434299000000000000	-0.0615138132970970003000000
13879.9729548688920000000000000	-0.0867083574483055175000000
13900.1844923458120000000000000	-0.1044421545189586770000000
13920.1989371326490000000000000	-0.1070208016660892380000000
13940.0226470581110000000000000	-0.0992186578633175026000000
13960.2341845350311000000000000	-0.0825184615154077456000000
13980.0578944604931000000000000	-0.0696528102259879045000000
14000.2694319374132000000000000	-0.0442865943883052823000000
14020.0931418628752000000000000	-0.0070123903753634290000000
14039.9168517883372000000000000	0.0251996039157014115000000
14060.1283892652573000000000000	0.0607720169780157984000000
14080.1428340520942000000000000	0.1011629233526680770000000
14099.9665439775563000000000000	0.1352347488080128390000000
14120.1780814544763000000000000	0.1644595225360870330000000
14140.0017913799383000000000000	0.1926652989207281170000000
14160.2133288568584000000000000	0.2047835765164370550000000
14180.0306809535977000000000000	0.2165312506605024110000000
14200.2422184305178000000000000	0.2181525594987463730000000
14220.2630210460775000000000000	0.2135128772594739880000000
14240.0867309715249000000000000	0.2005800510071450710000000
14259.9104408969870000000000000	0.1750411914348281310000000
14280.1219783739070000000000000	0.1431923378184735970000000
14299.9393304706609000000000000	0.1096546746405629990000000
14320.1508679475810000000000000	0.0696918120749538267000000
14340.1716705631261000000000000	0.0328680445843483327000000
14360.1861153499631000000000000	-0.0119337574524039022000000
14380.0098252754251000000000000	-0.0516856824642872789000000
14400.2213627523451000000000000	-0.0826372363516322123000000
14420.0450726778072000000000000	-0.1040855054863296100000000
14440.4473450161022000000000000	-0.1125973776335325580000000
14460.2710549415642000000000000	-0.1087517988839047930000000
14480.2918575571093000000000000	-0.1025050862066737150000000
14499.9184747924882000000000000	-0.0857652982284554943000000
14520.1300122694083000000000000	-0.0582101853630899654000000
14540.1444570562453000000000000	-0.0266037475195691521000000
14560.1652596717904000000000000	0.0083358493355256448100000
14579.9889695972524000000000000	0.0512255710414545387000000
14600.0034143840894000000000000	0.0954305774584064265000000
14620.2149518610094000000000000	0.1369926811803030000000000
14640.0386617864715000000000000	0.1683842842055259250000000
14660.0531065732939000000000000	0.1831464376051486760000000
14680.2646440502140000000000000	0.1961772693630883520000000
14700.0883539756760000000000000	0.2009691521487824430000000
14720.1091565912356000000000000	0.1940643106173096380000000
14739.9265086879750000000000000	0.1843792943544251270000000
14760.1380461648950000000000000	0.1655440730159463140000000
14780.1588487804401000000000000	0.1436349849943521220000000
14799.9825587059022000000000000	0.1074596119407351390000000
14820.1940961828222000000000000	0.0707351483624817229000000
14840.2085409696592000000000000	0.0415447732213182069000000
14860.0322508951212000000000000	0.0203441147287969290000000
14880.2437883720413000000000000	-0.0037253130879875188100000
14900.0674982975033000000000000	-0.0221324916085897556000000
14920.0819430843403000000000000	-0.0275059170247653022000000
14940.1027456998854000000000000	-0.0303175704770859318000000
14960.1171904867224000000000000	-0.0297460882828094290000000
14979.9409004121844000000000000	-0.0134943808810946732000000
15000.1524378891045000000000000	0.0058081521395314155200000
