8000.5772108470991900000000000	0.0776023456120960437000000
8020.2101859111862600000000000	0.0776338241874300894000000
8040.2246306980232400000000000	0.0822283980976611789000000
8060.2390754848456600000000000	0.0768342034696224280000000
8080.0627854103076900000000000	0.0768069436724221205000000
8100.2743228872277400000000000	0.0754637496172468614000000
8120.0980328126897700000000000	0.0741186084332305234000000
8140.1188354282494300000000000	0.0759339811191003800000000
8159.9361875249887700000000000	0.0772168141946015935000000
8180.1477250019088300000000000	0.0723807963600551912000000
8200.1685276174539400000000000	0.0686290045033872559000000
8220.1829724042909100000000000	0.0697732669453208776000000
8240.2037750198360200000000000	0.0759193776563089756000000
8260.0274849452980500000000000	0.0760381524869919862000000
8280.0419297321350200000000000	0.0696772086121480311000000
8300.2534672090550800000000000	0.0711015330182901556000000
8320.2679119958920500000000000	0.0830614445180135191000000
8340.2887146114371600000000000	0.0846869721838517803000000
8359.9153318468161100000000000	0.0786265351351588954000000
8380.1268693237361600000000000	0.0823588556983637782000000
8400.1413141105731400000000000	0.0856634570600496581000000
8419.9650240360351600000000000	0.0865532947236927752000000
8440.3736542030383000000000000	0.0817237673287227046000000
8460.0002714384172500000000000	0.0834498966274795084000000
8480.0210740539623600000000000	0.0839434936687774164000000
8500.0355188407993300000000000	0.0835511473026229606000000
8520.2470563177193900000000000	0.0834963031869196126000000
8540.2615011045563600000000000	0.0776289563665027854000000
8560.0852110300183900000000000	0.0856959091994983630000000
8579.9089209554658600000000000	0.0883206382373865895000000
8600.1204584323859200000000000	0.0929320872475196402000000
8619.9441683578479500000000000	0.0922285248654647755000000
8640.1557058347680000000000000	0.0873863411431185094000000
8660.1701506216049800000000000	0.0852474206322672984000000
8679.9938605470670000000000000	0.0839308373343853470000000
8700.2053980239870600000000000	0.0817474573905462576000000
8720.0291079494490900000000000	0.0758778389177085788000000
8740.2406454263691400000000000	0.0735837971734371182000000
8760.0643553518311700000000000	0.0745791042933835746000000
8780.2758928287512300000000000	0.0697765121592794774000000
8799.9025100641301700000000000	0.0715402859452946849000000
8820.1140475410502300000000000	0.0684638231128538027000000
8839.9377574665122600000000000	0.0705670462794772690000000
8859.7614673919742800000000000	0.0653685380369425917000000
8879.9730048688943400000000000	0.0684534384281829111000000
8900.3752772071893400000000000	0.0728062439096955061000000
8920.1989871326513700000000000	0.0728305830143648608000000
8940.2197897481964800000000000	0.0715198410973637427000000
8960.2342345350334500000000000	0.0788527265475316014000000
8980.0579444604954800000000000	0.0709989842572349428000000
9000.2694819374155400000000000	0.0668736682723212878000000
9020.2839267242525100000000000	0.0654250047598833179000000
9039.9169017883395900000000000	0.0654006656551670146000000
9059.9313465751765600000000000	0.0692472177626147489000000
9079.9457913619989900000000000	0.0677862224380245404000000
9100.1573288389190500000000000	0.0696992760670667594000000
9119.9810387643810700000000000	0.0708815075119726967000000
9140.1925762413011300000000000	0.0759187286135203504000000
9160.2133788568607900000000000	0.0737269111088705576000000
9180.0307309536001300000000000	0.0740926467215932416000000
9200.2422684305201900000000000	0.0679984594310208551000000
9220.0659783559822100000000000	0.0607616322933356851000000
9240.2775158329022700000000000	0.0645838453007888252000000
9259.9104908969893500000000000	0.0628612857288846638000000
9280.3127632352843500000000000	0.0633480678235124883000000
9299.9393804706633000000000000	0.0633597505937802813000000
9319.9601830862084100000000000	0.0598302558849182625000000
9340.1717205631284600000000000	0.0577166480276073632000000
9359.9954304885904900000000000	0.0512859320213813613000000
9380.2069679655105500000000000	0.0470233434634580311000000
9400.2214127523475200000000000	0.0367006423055395645000000
9420.0451226778095500000000000	0.0304798916076719009000000
9440.2566601547296000000000000	0.0162791596671746606000000
9460.0803700801916300000000000	0.0033628833777344202400000
9480.4826424184866400000000000	-0.0142907564051934343000000
9499.9185247924906300000000000	-0.0359846877787400044000000
9519.9329695793130600000000000	-0.0688716871944635989000000
9540.1445070562476600000000000	-0.1002159121632314050000000
9559.9682169816951400000000000	-0.1437910251270778090000000
9580.1797544586297500000000000	-0.1876059600925381880000000
9600.0034643840772200000000000	-0.2395998093284909810000000
9620.2150018610118300000000000	-0.3007591185527225820000000
9640.2358044765569400000000000	-0.3735502515459054320000000
9660.0531565732962800000000000	-0.4493964319346149260000000
9680.2646940502163400000000000	-0.5450699035075344810000000
9700.0884039756783600000000000	-0.6466694668258184950000000
9720.1092065912234700000000000	-0.7633330000995749430000000
9740.1236513780604500000000000	-0.8848150375625728480000000
9759.9473613035224700000000000	-1.0139882460256570700000000
9780.1588987804425300000000000	-1.1509746485967333700000000
9799.9826087059045600000000000	-1.3083828881352999000000000
9819.9970534927415300000000000	-1.4763179832199606600000000
9840.2085909696615900000000000	-1.6631298851279037200000000
9860.0323008951236100000000000	-1.8617446801903616600000000
9880.2438383720436700000000000	-2.0413805044296573500000000
9900.2582831588806500000000000	-2.2167320271793928800000000
9920.2790857744257500000000000	-2.3303676147146115100000000
9940.1027956998877800000000000	-2.3672774493255164200000000
9959.9201477966416700000000000	-2.3200614452336210100000000
9980.1316852735617300000000000	-2.1182107388815629700000000
9999.9553951990237600000000000	-1.7632500423476595800000000
10020.1669326759438000000000000	-1.3288913581175003600000000
10040.1877352914889000000000000	-0.7000889504788727620000000
10060.0114452169509000000000000	0.1655460201409658660000000
10080.2229826938710000000000000	1.2391042705711259300000000
10100.2374274807080000000000000	2.1682779653416082100000000
10120.2518722675304000000000000	3.0865596267066042200000000
10140.0755821929924000000000000	3.9810472074814358100000000
10160.0963848085521000000000000	4.6024557395518082000000000
10180.1108295953745000000000000	5.0612812946090652800000000
10200.1316322109342000000000000	5.3389218788993355600000000
10219.9489843076735000000000000	5.4885717202902126700000000
10239.9697869232186000000000000	5.5458870198389922400000000
10260.1813244001387000000000000	5.4946075226648414200000000
10280.0050343256007000000000000	5.3501860672339161000000000
10300.2165718025208000000000000	5.0133337197221798900000000
10320.0339238992747000000000000	4.4016169598748371400000000
10340.2454613761947000000000000	3.4443021020182671400000000
10360.2662639917398000000000000	2.3337446819101486100000000
10380.2807087785768000000000000	1.2512747962795618400000000
10399.9136838426639000000000000	-0.0951235221734261921000000
10419.9281286295008000000000000	-1.2546067322955161100000000
10440.1396661064209000000000000	-2.3393893262573257600000000
10460.3512035833410000000000000	-3.1535197525659786100000000
10479.9778208187199000000000000	-3.7232138822408020700000000
10499.9986234342650000000000000	-4.1411522412472061500000000
10520.2101609111851000000000000	-4.3680418816806136900000000
10540.0275130079244000000000000	-4.4201749022220102600000000
10560.2390504848590000000000000	-4.3240212952366761100000000
10580.2598531004041000000000000	-4.1012060611774838700000000
10600.2742978872411000000000000	-3.6932909423578572600000000
10620.2951005027862000000000000	-3.1783982880690224700000000
10640.1188104282482000000000000	-2.5854688816654172200000000
10659.9361625249876000000000000	-2.0376131299184137000000000
10679.9569651405327000000000000	-1.4279833989893171400000000
10700.1685026174527000000000000	-0.8689787110278009980000000
10719.9922125429148000000000000	-0.3666807815649658630000000
10740.2037500198348000000000000	0.0449749643994001511000000
10760.2181948066718000000000000	0.3440954132002164710000000
10780.2326395935088000000000000	0.5298920128407711430000000
10800.0563495189708000000000000	0.5921903803435252240000000
10820.2678869958909000000000000	0.5549135840996173300000000
10840.0915969213529000000000000	0.4475550993273754720000000
10860.1123995368980000000000000	0.2805596440117961160000000
10879.9297516336519000000000000	0.0868671069119638512000000
10900.3383818006550000000000000	-0.1190134905106958880000000
10919.9649990360340000000000000	-0.2997255177765937860000000
10940.1765365129540000000000000	-0.4272556310159520980000000
10960.0002464384161000000000000	-0.5151749855329583740000000
10980.2117839153361000000000000	-0.5575250377292048090000000
11000.0354938407981000000000000	-0.5357522429619636650000000
11020.2470313177182000000000000	-0.4555006805803881730000000
11040.2614761045552000000000000	-0.3473983663590974880000000
11060.0851860300172000000000000	-0.1842990868011109280000000
11080.1059886455623000000000000	0.0189042132755297028000000
11100.1204334323993000000000000	0.2238693282083056570000000
11120.1348782192217000000000000	0.3967006528407856500000000
11139.9585881446837000000000000	0.5615766568801403570000000
11160.1701256216038000000000000	0.6792322040157576790000000
11179.9938355470658000000000000	0.7623135688543698490000000
11200.2053730239859000000000000	0.7964756089429060320000000
11220.0290829494479000000000000	0.7851092479570268570000000
11240.2406204263680000000000000	0.7292656106624392230000000
11260.2550652132049000000000000	0.6454333033902956980000000
11280.0787751386670000000000000	0.5357019189471685650000000
11300.0995777542121000000000000	0.4179694592293186630000000
11319.9232876796741000000000000	0.2968288743788711210000000
11340.3255600179691000000000000	0.1843121184272890620000000
11359.9521772533480000000000000	0.0964927359798400664000000
11379.9729798688931000000000000	0.0263166065735759291000000
11400.1845173458132000000000000	-0.0189602948834274657000000
11420.1989621326502000000000000	-0.0295296325056689617000000
11440.2197647481953000000000000	-0.0130806160917655255000000
11460.0371168449492000000000000	0.0214945430924087869000000
11480.2486543218692000000000000	0.0693069296994487522000000
11500.0723642473313000000000000	0.1164459338168992160000000
11520.2839017242513000000000000	0.1614534809144470560000000
11540.1076116497133000000000000	0.1933263489847838470000000
11560.1284142652585000000000000	0.2125367169332768040000000
11579.9457663619978000000000000	0.2083695378258228480000000
11600.1573038389324000000000000	0.1867528437781581780000000
11619.9810137643799000000000000	0.1459381132980047680000000
11640.1925512412999000000000000	0.0853243322027508466000000
11660.0162611667620000000000000	0.0228776532994475791000000
11680.2277986436820000000000000	-0.0299943471576647400000000
11700.2422434305190000000000000	-0.0725079495843170691000000
11720.0659533559810000000000000	-0.0932276680783231809000000
11740.0867559715261000000000000	-0.0958095604298943443000000
11760.2982934484462000000000000	-0.0768023413975042341000000
11779.9249106838251000000000000	-0.0310840900359626998000000
11799.9393554706621000000000000	0.0393571744746596675000000
11820.1508929475822000000000000	0.1287800183448683520000000
11839.9746028730442000000000000	0.2206912902906139060000000
11860.1861403499642000000000000	0.3130737655983430460000000
11880.0098502754263000000000000	0.3988717008413188990000000
11900.2213877523463000000000000	0.4560851436242183140000000
11920.0450976778084000000000000	0.4870353959784478050000000
11940.0595424646453000000000000	0.4807675901937867870000000
11960.0803450801904000000000000	0.4377808400761917240000000
11980.4826174184854000000000000	0.3614105758028711700000000
11999.9184997924894000000000000	0.2575342029458776440000000
12020.1300372694095000000000000	0.1318078029222199410000000
12039.9537471948715000000000000	-0.0064808243176995589800000
12060.1652846717916000000000000	-0.1340307190004678410000000
12079.9889945972536000000000000	-0.2446383290370981460000000
12100.2005320741737000000000000	-0.3322905951341814660000000
12120.0242419996357000000000000	-0.3862981030694021540000000
12140.2357794765557000000000000	-0.4003969374675597770000000
12160.0531315732951000000000000	-0.3742080565193462440000000
12180.2646690502151000000000000	-0.3052969018088187990000000
12200.2854716657748000000000000	-0.2032037577816030450000000
12219.9120889011392000000000000	-0.0689645003175726190000000
12239.9265336879762000000000000	0.0810017072250724113000000
12260.1380711648962000000000000	0.2183015148142591340000000
12280.1588737804413000000000000	0.3573783976948000650000000
12300.1733185672783000000000000	0.4768421796726301510000000
12319.9970284927403000000000000	0.5542908275893722040000000
12340.0178311082854000000000000	0.5916039702278732550000000
12360.0322758951224000000000000	0.5908124626063366860000000
12380.2438133720425000000000000	0.5543086762647582150000000
12400.0675232975045000000000000	0.4842779378783958480000000
12420.2790607744246000000000000	0.3888534014607363810000000
12439.9056780098035000000000000	0.2733624088212772700000000
12460.1172154867236000000000000	0.1457949993650693170000000
12479.9409254121856000000000000	0.0258019156335512027000000
12500.1524628891056000000000000	-0.0935375860264388015000000
12520.1669076759426000000000000	-0.1866486218968277380000000
12539.9906176014046000000000000	-0.2541078643661063840000000
12560.0114202169498000000000000	-0.2932535867725016290000000
12580.2229576938698000000000000	-0.2958247701101481270000000
12600.2374024807068000000000000	-0.2656562840246526340000000
12620.0611124061688000000000000	-0.2200684872106912220000000
12640.0755571929912000000000000	-0.1587128444504718740000000
12660.0963598085509000000000000	-0.0791135828791559026000000
12680.1108045953733000000000000	0.0040404840646094909400000
12699.9345145208353000000000000	0.0911358613318038746000000
12720.1460519977554000000000000	0.1700821801077544160000000
12740.1604967845924000000000000	0.2330240764522836520000000
12759.9842067100544000000000000	0.2670417058736083150000000
12780.0050093255995000000000000	0.2916813162467775670000000
12800.0194541124365000000000000	0.3079469768482599460000000
12820.2309915893565000000000000	0.2980779571704784690000000
12840.0547015148186000000000000	0.2699594776156607480000000
12860.0691463016555000000000000	0.2363929329359535090000000
12880.2806837785756000000000000	0.1877270569812436450000000
12900.1043937040376000000000000	0.1373337531616206090000000
12920.1251963195827000000000000	0.0901859872113023181000000
12939.9425484163366000000000000	0.0409687477392683755000000
12959.9633510318817000000000000	0.0050974502699874177400000
12979.9777958187187000000000000	-0.0302231347482140623000000
13000.1893332956388000000000000	-0.0538093505538166025000000
13020.0130432211008000000000000	-0.0645295907451912260000000
13040.0274880079378000000000000	-0.0674324347459141632000000
13060.2390254848578000000000000	-0.0537447707937461980000000
13080.0627354103199000000000000	-0.0348787188285272082000000
13100.0835380258650000000000000	-0.0087884960133543087900000
13120.0979828127019000000000000	0.0218450262045443849000000
13140.1187854282470000000000000	0.0472316862008457586000000
13160.1332302150840000000000000	0.0773154686987353179000000
13180.1476750019064000000000000	0.1151400597352281870000000
13199.9713849273685000000000000	0.1460958306934327930000000
13219.9921875429136000000000000	0.1624981152642495930000000
13240.2037250198482000000000000	0.1728458042469962490000000
13260.0274349452957000000000000	0.1823263720599767600000000
13280.2326145935076000000000000	0.1746352151788928550000000
13300.0563245189696000000000000	0.1620285328150194710000000
13320.2678619958897000000000000	0.1443155063489681420000000
13340.0915719213517000000000000	0.1264820823742241470000000
13360.1123745368968000000000000	0.1057172565827902700000000
13380.1268193237338000000000000	0.0804526170249381667000000
13399.9505292491958000000000000	0.0578763125548599211000000
13420.1620667261159000000000000	0.0409768607742371990000000
13439.9857766515779000000000000	0.0244710533731114926000000
13460.1973141284979000000000000	0.0144985107416067474000000
13480.2117589153349000000000000	0.0094872512673129325700000
13500.2325615308800000000000000	0.0196768987298720707000000
13520.0499136276339000000000000	0.0285152390557509433000000
13540.2614511045540000000000000	0.0428506473278797012000000
13560.2822537200991000000000000	0.0671439945952625877000000
13579.9088709554780000000000000	0.0908781913449401846000000
13600.1204084323981000000000000	0.1109543828175443840000000
13619.9441183578601000000000000	0.1221403106786872470000000
13640.1556558347802000000000000	0.1404274155751749350000000
13660.1701006216026000000000000	0.1432364727275178270000000
13679.9938105470646000000000000	0.1423768155654489000000000
13700.2053480239847000000000000	0.1335907234431320810000000
13720.0290579494467000000000000	0.1190414559094288700000000
13740.0435027362837000000000000	0.0928162331098829896000000
13760.0643053518288000000000000	0.0602326624168025293000000
13780.2758428287488000000000000	0.0295283948647874321000000
13799.9024600641278000000000000	0.0005181287682715987610000
13820.1139975410478000000000000	-0.0319758748574264437000000
13839.9377074665099000000000000	-0.0562575400524545216000000
13860.1492449434299000000000000	-0.0785437232830897281000000
13879.9729548688920000000000000	-0.0957917117522423672000000
13900.1844923458120000000000000	-0.1055234598665662490000000
13920.1989371326490000000000000	-0.1112957222435402150000000
13939.8255543680279000000000000	-0.1004816951999408380000000
13960.2341845350311000000000000	-0.0780676503746521172000000
13980.0578944604931000000000000	-0.0510466998135341230000000
14000.2694319374132000000000000	-0.0125217902351829717000000
14020.0931418628752000000000000	0.0265080741993885122000000
14040.1075866497122000000000000	0.0691352578810249668000000
14059.9312965751742000000000000	0.1160565081464658700000000
14079.9457413620112000000000000	0.1593450654521777750000000
14099.9665439775563000000000000	0.2000442661990411430000000
14120.1780814544763000000000000	0.2389157621710012720000000
14140.0017913799383000000000000	0.2636222240736409430000000
14160.2133288568584000000000000	0.2779547108866488040000000
14180.0306809535977000000000000	0.2812080377309345570000000
14200.2422184305178000000000000	0.2785855804514129060000000
14220.2630210460775000000000000	0.2627035040414205660000000
14240.0867309715249000000000000	0.2380557805049603740000000
14259.9104408969870000000000000	0.2089296617368947280000000
14280.1219783739070000000000000	0.1637494697382332610000000
14299.9393304706609000000000000	0.1129719323139082850000000
14320.1508679475810000000000000	0.0664203118819412103000000
14340.1716705631261000000000000	0.0263539265345418793000000
14360.1861153499631000000000000	-0.0161869349663990962000000
14380.0098252754251000000000000	-0.0516454418097926846000000
14400.0242700622621000000000000	-0.0843834860617031918000000
14420.2358075391821000000000000	-0.1017882184063688550000000
14440.4473450161022000000000000	-0.1181625953620494550000000
14460.2710549415642000000000000	-0.1160019317864501850000000
14480.2918575571093000000000000	-0.1090179064427943410000000
14499.9184747924882000000000000	-0.0899636317225147864000000
14519.9329195793252000000000000	-0.0580446794450758183000000
14540.1444570562453000000000000	-0.0244297786301773782000000
14559.9681669817073000000000000	0.0241630825646119672000000
14580.1797044586274000000000000	0.0701743753905504780000000
14600.0034143840894000000000000	0.1138792941266389000000000
14620.2149518610094000000000000	0.1551791843827330650000000
14640.0386617864715000000000000	0.1810318562465835780000000
14660.0531065732939000000000000	0.2022591246573235410000000
14680.2646440502140000000000000	0.2193276514326213680000000
14700.2854466657736000000000000	0.2280627935350813820000000
14719.9120639011380000000000000	0.2245654265777850820000000
14740.1236013780581000000000000	0.2108410926959905780000000
14759.9473113035201000000000000	0.1841355787927938530000000
14779.9617560903571000000000000	0.1549124278009080810000000
14800.1732935672771000000000000	0.1157254963265682560000000
14820.1940961828222000000000000	0.0748211972543649517000000
14840.0178061082843000000000000	0.0406198872360178306000000
14860.2293435852043000000000000	0.0081083598331813649300000
14880.2437883720413000000000000	-0.0124367656275041465000000
14900.2582331588783000000000000	-0.0290009871369781014000000
14920.0819430843403000000000000	-0.0369907041363573899000000
14940.1027456998854000000000000	-0.0378659383677409089000000
14960.1171904867224000000000000	-0.0272605788427512305000000
14979.9409004121844000000000000	-0.0069896738771589713900000
14999.9553451990214000000000000	0.0248020652009434336000000
