-0.0000000000020005965032789	-0.0008195484513712357660000
-0.0000000000019794376493239	0.0014371733788456104000000
-0.0000000000019593635998929	0.0035491586623757607500000
-0.0000000000019392903451904	-0.0013598765860967948900000
-0.0000000000019189452933105	-0.0042507132386513726800000
-0.0000000000018991422463284	-0.0029458126793065098300000
-0.0000000000018785261919997	0.0001128015370470217690000
-0.0000000000018592659446438	-0.0012420753170736341000000
-0.0000000000018389208927639	0.0005064459977970484430000
-0.0000000000018188476380615	-0.0011443943749943322100000
-0.0000000000017990445910794	-0.0039456631202882232600000
-0.0000000000017789713363770	-0.0025521682182039935600000
-0.0000000000017591682893948	0.0026963164183520607100000
-0.0000000000017388232375149	0.0069621502433679901100000
-0.0000000000017190209852614	0.0051422342234207583300000
-0.0000000000016989469358304	0.0057004110342038652800000
-0.0000000000016788736811279	0.0051626790717203864600000
-0.0000000000016587996316969	0.0031441559529115804100000
-0.0000000000016392683818922	0.0009010640227062347110000
-0.0000000000016186523275635	-0.0003577544960584574440000
-0.0000000000015988492805813	0.0031694686222552320900000
-0.0000000000015790470283278	0.0026379025660156056100000
-0.0000000000015589729788968	0.0039045095973260272000000
-0.0000000000015388997241943	0.0036053008648864255800000
-0.0000000000015188256747633	0.0024467594602959972400000
-0.0000000000014990234225098	0.0013829783047110753700000
-0.0000000000014789493730788	0.0009302709488904119600000
-0.0000000000014591471208252	-0.0029669065704643476900000
-0.0000000000014385302717679	-0.0038437633998965087400000
-0.0000000000014189990219632	-0.0053871871905199026900000
-0.0000000000013986539700833	-0.0051564524732472631600000
-0.0000000000013791227202786	-0.0038583668630083091400000
-0.0000000000013590494655762	-0.0026453058606864710200000
-0.0000000000013392464185940	-0.0026232384053231821000000
-0.0000000000013186303642653	-0.0051736521075877450800000
-0.0000000000012985563148343	-0.0062994168534775988800000
-0.0000000000012790250650296	-0.0046820021826464927600000
-0.0000000000012592228127760	-0.0029733969985114090900000
-0.0000000000012388777608961	-0.0042773239936586817900000
-0.0000000000012188037114651	-0.0053190376959683944500000
-0.0000000000011992724616604	-0.0076114568849734477800000
-0.0000000000011786564073317	-0.0037911909326924565300000
-0.0000000000011591251575270	-0.0002993406436696400940000
-0.0000000000011385091031982	-0.0012300680251886701200000
-0.0000000000011189778533936	-0.0029370506014407969800000
-0.0000000000010991748064114	-0.0029558728427816222800000
-0.0000000000010788297545315	-0.0016707680894737951200000
-0.0000000000010592985047268	-0.0054459255643995972700000
-0.0000000000010386824503981	-0.0042734297368296498400000
-0.0000000000010188801981445	0.0001037149377857285510000
-0.0000000000009990771511624	-0.0054326201868907806100000
-0.0000000000009790038964600	-0.0029351034730282282400000
-0.0000000000009589298470289	-0.0042958217136029215600000
-0.0000000000009388557975979	-0.0055088827165128946900000
-0.0000000000009187825428955	-0.0051272455470136582200000
-0.0000000000008989794959134	-0.0037889192828726562600000
-0.0000000000008791772436598	-0.0030155847808251063700000
-0.0000000000008585611893311	-0.0011930725853338142900000
-0.0000000000008387581423489	-0.0016603834045994000800000
-0.0000000000008192268925442	-0.0071100713175948730700000
-0.0000000000007991536378418	-0.0084581332251363137300000
-0.0000000000007788085859619	-0.0007987790816292315900000
-0.0000000000007592773361572	-0.0012657653794391847900000
-0.0000000000007386604870999	-0.0030675082052121311800000
-0.0000000000007191292372952	-0.0020962156479025018500000
-0.0000000000006985131829664	0.0005337057955715736670000
-0.0000000000006792529356106	-0.0000066223389326311711400
-0.0000000000006586368812819	-0.0016353952566229995300000
-0.0000000000006391056314772	0.0000787267898255972096000
-0.0000000000006193033792236	0.0013540958999328353200000
-0.0000000000005989583273437	0.0000190148518345535083000
-0.0000000000005786132754639	0.0013849254331240788800000
-0.0000000000005588102284817	0.0039781759555219233300000
-0.0000000000005392789786770	0.0061424091831456294600000
-0.0000000000005189339267972	0.0065639624837365339100000
-0.0000000000004988606720947	0.0116800423747805329000000
-0.0000000000004787866226637	0.0057065769408360736400000
-0.0000000000004592553728590	0.0086026059274302707500000
-0.0000000000004391813234280	0.0057023581626146572400000
-0.0000000000004188362715481	0.0034605643196845433400000
-0.0000000000003990340192946	0.0030532899603962619100000
-0.0000000000003789599698636	0.0026142125036776155500000
-0.0000000000003591577176100	0.0000206374588448786429000
-0.0000000000003390836681790	0.0022828761523387454400000
-0.0000000000003192814159254	0.0017574760025995163100000
-0.0000000000002983935644192	0.0008335635710813550050000
-0.0000000000002788623146145	0.0043273609837934864900000
-0.0000000000002587890599121	0.0031302015326324923600000
-0.0000000000002392578101074	0.0000702892333692331761000
-0.0000000000002191837606764	-0.0003794974300042527610000
-0.0000000000001988387087965	0.0000251807584745248008000
-0.0000000000001798502586182	-0.0029983851464965493800000
-0.0000000000001586914046631	-0.0008296086148413755290000
-0.0000000000001388883576809	-0.0012229285543412437800000
-0.0000000000001188151029785	-0.0055010942028516415100000
-0.0000000000000992838531738	-0.0042812182504905951100000
-0.0000000000000786670041165	-0.0034926312424137578500000
-0.0000000000000596785539381	-0.0054699401481967287200000
-0.0000000000000387907024319	-0.0067326529261493616300000
-0.0000000000000187174477295	-0.0029737215199131940100000
0.0000000000000013566017015	-0.0025985747787435663600000
0.0000000000000208878515062	-0.0071061770607606595100000
0.0000000000000406901037598	-0.0071181843526657660100000
0.0000000000000610351556396	-0.0014059586252164909000000
0.0000000000000813802075195	-0.0043195117759887505200000
0.0000000000001009114573242	-0.0084633255675800409700000
0.0000000000001207145043064	-0.0081024577675321927300000
0.0000000000001413305586351	-0.0034884124641805258100000
0.0000000000001611328108887	-0.0078639345364084397500000
0.0000000000001814778627686	-0.0136426871624622838000000
0.0000000000002007381101244	-0.0088887731268595237400000
0.0000000000002210831620043	-0.0030152602594220845900000
0.0000000000002408854142578	-0.0038294844581858748500000
0.0000000000002609594636888	-0.0070837850839696433000000
0.0000000000002810327183913	0.0022277075140121720100000
0.0000000000003011075625509	0.0004097386199728587360000
0.0000000000003211808172533	-0.0043016630988491951600000
0.0000000000003409838642354	-0.0060683576147433941300000
0.0000000000003610571189378	-0.0054689665839874387200000
0.0000000000003811303736403	-0.0003298456554737091620000
0.0000000000004012052177999	0.0001202655292978985760000
0.0000000000004204646704271	-0.0038366239290408979800000
0.0000000000004416235243822	-0.0043373604531321474300000
0.0000000000004611547741869	-0.0003158912351793791740000
0.0000000000004809578211690	-0.0062147167673650537800000
0.0000000000005010310758714	-0.0163147963994352413000000
0.0000000000005205623256761	-0.0256600392748197181000000
0.0000000000005414493824538	-0.0370166658488180270000000
0.0000000000005607104245382	-0.0486848330131497281000000
0.0000000000005810554764180	-0.0627917786029521530000000
0.0000000000006011287311205	-0.0888664248313675992000000
0.0000000000006214737830004	-0.1104925317451427440000000
0.0000000000006407332356276	-0.1393366441582005730000000
0.0000000000006610782875075	-0.1728713894725638910000000
0.0000000000006806095373121	-0.2125051908595800290000000
0.0000000000007009545891920	-0.2611405683000340150000000
0.0000000000007210294333516	-0.3194268897608049110000000
0.0000000000007411026880541	-0.3861462270312679970000000
0.0000000000007611759427565	-0.4543856248454777870000000
0.0000000000007801651876634	-0.5298709403219504790000000
0.0000000000008010522444411	-0.6264177032215709760000000
0.0000000000008211270886007	-0.7322500052102438590000000
0.0000000000008412003433031	-0.8434129046012692750000000
0.0000000000008607315931078	-0.9611373133543147370000000
0.0000000000008813484421651	-1.0848231933123373400000000
0.0000000000009011498996901	-1.2390910287656782300000000
0.0000000000009209529466722	-1.4045889560141406900000000
0.0000000000009407559936544	-1.5684974001602407500000000
0.0000000000009608292483568	-1.7444368657341293700000000
0.0000000000009811743002367	-1.9600030766030738200000000
0.0000000000010007055500414	-2.1632485399559437900000000
0.0000000000010213223990987	-2.3540976369889703400000000
0.0000000000010408536489034	-2.5069595243760796100000000
0.0000000000010614689085036	-2.6440908818547654800000000
0.0000000000010810001583082	-2.7103501914557832600000000
0.0000000000011010750024678	-2.7001342338228306900000000
0.0000000000011211482571703	-2.5628454724157312400000000
0.0000000000011409513041524	-2.2457309846063471200000000
0.0000000000011607527616774	-1.7462795003851188100000000
0.0000000000011813696107347	-1.0070012966672154900000000
0.0000000000012011726577169	-0.0458757757187655615000000
0.0000000000012209741152418	1.2530742673880646000000000
0.0000000000012410489594014	2.6444666421419360500000000
0.0000000000012608504169264	3.8620709203315093400000000
0.0000000000012814672659837	4.7174450776635641300000000
0.0000000000013007267186110	5.2963143018128882000000000
0.0000000000013210717704909	5.6576848774362362700000000
0.0000000000013411466146505	5.8855900158535225900000000
0.0000000000013614916665303	6.0215960960115468800000000
0.0000000000013807511191576	6.0642001685738708900000000
0.0000000000014013679682149	6.0008262794874296400000000
0.0000000000014208992180196	5.8231027492402862600000000
0.0000000000014407006755446	5.4889267483992023600000000
0.0000000000014613175246019	4.8323932239385030100000000
0.0000000000014811205715841	3.7178108183579166000000000
0.0000000000015011938262865	2.2024805867033410100000000
0.0000000000015207250760912	0.3613518374307004840000000
0.0000000000015413419251485	-1.2680269998213422600000000
0.0000000000015611433826735	-2.6308591410663004800000000
0.0000000000015812182268331	-3.7649033688976820700000000
0.0000000000016007494766378	-4.5091400151770626400000000
0.0000000000016213647362379	-4.9494121325480069400000000
0.0000000000016408959860426	-5.1802918828262294300000000
0.0000000000016612410379225	-5.2594831462202193900000000
0.0000000000016810440849046	-5.2163990443360273000000000
0.0000000000017008471318868	-5.0580947602091308400000000
0.0000000000017211921837667	-4.7320829833362241200000000
0.0000000000017407234335714	-4.2236709760608723800000000
0.0000000000017616104903490	-3.4022379778221800700000000
0.0000000000017808699429762	-2.5578747674916817400000000
0.0000000000018012149948561	-1.6698263914608271200000000
0.0000000000018210180418382	-0.8773429291298862060000000
0.0000000000018410912965407	-0.1115494979898019050000000
0.0000000000018611661407003	0.4393547687386754050000000
0.0000000000018809675982252	0.8139056517395527600000000
0.0000000000019010424423848	0.9740423455267662730000000
0.0000000000019211156970873	0.9652663139908856940000000
0.0000000000019414607489671	0.7706975784419620720000000
0.0000000000019607202015944	0.4631113558717311890000000
0.0000000000019813370506517	0.0494822420936842714000000
0.0000000000020008683004564	-0.3427213633223326620000000
0.0000000000020214851495137	-0.7262145542080833400000000
0.0000000000020407446021410	-0.9931779760539992670000000
0.0000000000020610896540209	-1.2444534241102678200000000
0.0000000000020811629087233	-1.3634048850838731400000000
0.0000000000021009659557054	-1.3808722635164856200000000
0.0000000000021210392104079	-1.2776652923415163800000000
0.0000000000021411140545675	-1.0888200011696105300000000
0.0000000000021611873092699	-0.7880384986691931770000000
0.0000000000021804467618971	-0.3994821114975672380000000
0.0000000000022013354081319	0.0717220179265805058000000
0.0000000000022211368656569	0.5155105237499506550000000
0.0000000000022412117098165	0.9616050638443118800000000
0.0000000000022610131673414	1.3261467496726564400000000
0.0000000000022810880115010	1.6246584196534514800000000
0.0000000000023008894690260	1.7870259073204191000000000
0.0000000000023209643131856	1.8401406585293507100000000
0.0000000000023410375678880	1.7945418241581410100000000
0.0000000000023611108225905	1.6456792953187418000000000
0.0000000000023814558744704	1.4045952549739304500000000
0.0000000000024009871242750	1.0786268233042288800000000
0.0000000000024210619684346	0.7438489519652822230000000
0.0000000000024405932182393	0.3768431898608188280000000
0.0000000000024614802750170	0.0022481523620962676900000
0.0000000000024807397276442	-0.3007467867382937480000000
0.0000000000025013565767015	-0.5449365251816841170000000
0.0000000000025211596236837	-0.6943715306561396570000000
0.0000000000025406908734884	-0.7576058444208415560000000
0.0000000000025610359253682	-0.7546062920752453220000000
0.0000000000025813809772481	-0.6833021022894392170000000
0.0000000000026011824347731	-0.5413865847785115370000000
0.0000000000026204434768575	-0.3715735914122588190000000
0.0000000000026413305336351	-0.1448165128056892740000000
0.0000000000026608617834398	0.0788984840641724083000000
0.0000000000026814786324971	0.2963641597626433530000000
0.0000000000027004662879469	0.4619164681765939310000000
0.0000000000027210831370043	0.5922562581816360750000000
0.0000000000027408861839864	0.6688777006829177420000000
0.0000000000027609594386888	0.6817566557480754240000000
0.0000000000027813044905687	0.6286876761995516810000000
0.0000000000028008357403734	0.5251913207790390720000000
0.0000000000028211807922533	0.3856601111239604810000000
0.0000000000028409838392354	0.2274364672637535500000000
0.0000000000028613288911153	0.0667039435821375759000000
0.0000000000028808601409200	-0.0655852588873774844000000
0.0000000000029012051927999	-0.1862419965548014760000000
0.0000000000029207364426046	-0.2679691482728502330000000
0.0000000000029413517022047	-0.3030911295991661200000000
0.0000000000029611547491869	-0.2938643361148663420000000
0.0000000000029806859989916	-0.2491644294175988090000000
0.0000000000030004890459737	-0.1769879436957466910000000
0.0000000000030211043055739	-0.0670358695843557145000000
0.0000000000030414493574538	0.0246972447887963513000000
0.0000000000030604386023607	0.1105915679007435510000000
0.0000000000030807836542406	0.1850883735849126190000000
0.0000000000031008569089430	0.2318214002039722660000000
0.0000000000031212019608229	0.2445848262143162370000000
0.0000000000031404630029073	0.2239926463344804330000000
0.0000000000031610782625075	0.1687500198098851600000000
0.0000000000031806095123122	0.0919439196029400441000000
0.0000000000032004125592943	-0.0049607660674804285000000
0.0000000000032212996160719	-0.1090464643271748380000000
0.0000000000032411026630541	-0.1986968042455106160000000
0.0000000000032614477149339	-0.2606223075738590130000000
0.0000000000032801651626634	-0.2985750892835306590000000
0.0000000000033013240166185	-0.3046793375132998970000000
0.0000000000033211270636007	-0.2687814254184873740000000
0.0000000000033412003183031	-0.2094845454337954660000000
0.0000000000033601895632100	-0.1304278822413816040000000
0.0000000000033813484171651	-0.0156589386426360354000000
0.0000000000034011498746901	0.0932699140185375975000000
0.0000000000034209529216722	0.2014273763455483310000000
0.0000000000034410261763746	0.2857295941290190490000000
0.0000000000034608292233568	0.3485994453988119360000000
0.0000000000034811742752367	0.3819725747303560620000000
0.0000000000035007055250414	0.3758378226376196670000000
0.0000000000035213223740987	0.3382822617605669710000000
0.0000000000035408536239034	0.2715781902664760050000000
0.0000000000035614688835036	0.1913107466536886620000000
0.0000000000035810001333082	0.0869894514777793532000000
0.0000000000036013451851881	-0.0129365285886817744000000
0.0000000000036208764349928	-0.1015652721960043080000000
0.0000000000036406794819750	-0.1761808589216626030000000
0.0000000000036610245338548	-0.2299693114256040890000000
0.0000000000036813695857347	-0.2618980013214712300000000
0.0000000000037011726327169	-0.2751112159692408740000000
0.0000000000037209740902418	-0.2639321016560864370000000
0.0000000000037413191421217	-0.2352976287505173510000000
0.0000000000037608503919264	-0.1817551633754512230000000
0.0000000000037814672409837	-0.1232815961556971850000000
0.0000000000038007266936110	-0.0605522563646825399000000
0.0000000000038210717454909	-0.0036526202938398345000000
0.0000000000038408747924730	0.0440705232634668875000000
0.0000000000038617618492506	0.0797454849052889880000000
0.0000000000038810228913350	0.1002695159570056170000000
0.0000000000039008243488600	0.1113986526037866600000000
0.0000000000039208991930196	0.1033099568897678510000000
0.0000000000039409724477220	0.0806609597604845130000000
0.0000000000039610457024245	0.0549251149705482361000000
0.0000000000039811205465841	0.0315212807778939216000000
0.0000000000040011938012865	0.0044120610696416597400000
0.0000000000040207250510912	-0.0183109275541718970000000
0.0000000000040410701029711	-0.0335244910035577687000000
0.0000000000040606013527757	-0.0444472324844983890000000
0.0000000000040814884095534	-0.0436002316136863480000000
0.0000000000041007494516378	-0.0396718999916407591000000
0.0000000000041208227063402	-0.0271424530514223807000000
0.0000000000041417097631178	-0.0158062713598815241000000
0.0000000000041609708052022	-0.0071405763294590841900000
0.0000000000041807722627272	0.0016432444691021261500000
0.0000000000042011173146071	0.0125786421341252327000000
0.0000000000042211921587667	0.0147444979633846798000000
0.0000000000042407234085714	0.0138734825236702091000000
0.0000000000042613386681715	0.0117728554954779699000000
0.0000000000042808699179762	0.0083754409464973870300000
0.0000000000043014867670336	0.0004934651417151002730000
0.0000000000043207462196608	-0.0054261297588387678900000
0.0000000000043413630687181	-0.0139973890564379557000000
0.0000000000043611661157003	-0.0182856148846686113000000
0.0000000000043806973655050	-0.0208600431827127251000000
0.0000000000044013126251051	-0.0221422272507185505000000
0.0000000000044208438749098	-0.0170339358301063622000000
0.0000000000044414607239671	-0.0114349680556003214000000
0.0000000000044609919737718	0.0023961341216011196500000
0.0000000000044807950207540	0.0155902007336302315000000
0.0000000000045011400726339	0.0308258314193139218000000
0.0000000000045214851245137	0.0466258047510997517000000
0.0000000000045407445771410	0.0630121881782225168000000
0.0000000000045608178318434	0.0799337073143864402000000
0.0000000000045814346809007	0.0990856619140288303000000
0.0000000000046009659307054	0.1154451098438119830000000
0.0000000000046213109825853	0.1229603762351014620000000
0.0000000000046408422323900	0.1234007517633489290000000
0.0000000000046611872842699	0.1135531501274625180000000
0.0000000000046807185340746	0.1130731829883080960000000
0.0000000000047013353831319	0.1087992362497078450000000
0.0000000000047211368406569	0.0911653927786864049000000
0.0000000000047412116848165	0.0753660686772420069000000
0.0000000000047610131423414	0.0538184970061883067000000
0.0000000000047810879865011	0.0261803075857178560000000
0.0000000000048011612412035	-0.0047641060975020426200000
0.0000000000048209642881856	-0.0364266859332444057000000
0.0000000000048410375428880	-0.0671595122410914153000000
0.0000000000048611107975905	-0.1057454325129982970000000
0.0000000000048814558494704	-0.1367904491240506110000000
0.0000000000049009870992750	-0.1580579602271648680000000
0.0000000000049210619434346	-0.1775970704031550880000000
0.0000000000049408634009596	-0.1899366729488133060000000
0.0000000000049614802500170	-0.1851535517050010020000000
0.0000000000049807397026442	-0.1796084541721472690000000
0.0000000000050013565517015	-0.1647320677350288810000000
0.0000000000050208878015062	-0.1404413150607945750000000
0.0000000000050409610562086	-0.1177030730394398730000000
0.0000000000050610359003682	-0.0891782899074578389000000
0.0000000000050811091550707	-0.0545674325616762740000000
0.0000000000051011824097731	-0.0238816619780378402000000
0.0000000000051204434518575	0.0109781025842713743000000
0.0000000000051413305086351	0.0434844376184975942000000
0.0000000000051611335556173	0.0710846579057044237000000
0.0000000000051814786074971	0.0971576803153459123000000
0.0000000000052007380601244	0.1194659298899053420000000
0.0000000000052210831120043	0.1374840065653747110000000
0.0000000000052411563667067	0.1478845925933035270000000
0.0000000000052606876165114	0.1500303280208372110000000
0.0000000000052813044655687	0.1462334277626840260000000
0.0000000000053008357153734	0.1366843858593919940000000
0.0000000000053211807672533	0.1203554430246704110000000
0.0000000000053407120170580	0.1022059351104103590000000
0.0000000000053615990738356	0.0745288034770753283000000
0.0000000000053808601159200	0.0446361640602957535000000
0.0000000000054009333706224	0.0119201882115306506000000
0.0000000000054207364176046	-0.0160074746301513589000000
0.0000000000054413516772047	-0.0542902912796711448000000
0.0000000000054611547241869	-0.0794069502338274197000000
0.0000000000054806859739916	-0.1091613449074666510000000
0.0000000000055013028230489	-0.1303214392170102540000000
0.0000000000055211042805739	-0.1512563158179788260000000
0.0000000000055411791247335	-0.1628680167013551730000000
0.0000000000055607103745382	-0.1735811178194609780000000
0.0000000000055813256341383	-0.1740318780728050410000000
0.0000000000056008568839430	-0.1580264816495299260000000
0.0000000000056214737330004	-0.1392035903773620190000000
0.0000000000056407331856276	-0.1109157076683163770000000
0.0000000000056610782375075	-0.0800735172102308990000000
0.0000000000056811530816671	-0.0468658905279306023000000
0.0000000000057006843314718	-0.0141901547701151331000000
0.0000000000057210293833516	0.0248861162434996334000000
0.0000000000057413744352315	0.0642271962862449308000000
0.0000000000057609056850362	0.0985761633263558396000000
0.0000000000057809789397386	0.1243369959776353670000000
0.0000000000058010521944411	0.1458306967180153790000000
0.0000000000058211270386007	0.1483168550842361990000000
0.0000000000058412002933031	0.1406250491017834170000000
0.0000000000058604597459303	0.1287826145160302640000000
0.0000000000058813483921651	0.1088401259451779320000000
0.0000000000059011498496901	0.0840333860950896877000000
0.0000000000059209528966722	0.0513440213515196642000000
0.0000000000059410261513747	0.0213588931471734508000000
0.0000000000059605574011793	-0.0140110189553845181000000
0.0000000000059811742502367	-0.0459192615846451130000000
0.0000000000060007055000414	-0.0710979040609196061000000
0.0000000000060213223490987	-0.0913574511840216097000000
0.0000000000060408535989034	-0.0989097134788966131000000
0.0000000000060614688585036	-0.0967023188340297435000000
0.0000000000060804581034105	-0.0848861697268036286000000
0.0000000000061016169573656	-0.0647638952021691861000000
0.0000000000061206062022725	-0.0400567823791803321000000
0.0000000000061404076597975	-0.0110426216791235984000000
0.0000000000061612963060323	0.0166977922739353600000000
0.0000000000061810977635573	0.0426302972985023801000000
0.0000000000062014428154371	0.0589994811092701410000000
0.0000000000062204320603441	0.0723025867037062481000000
0.0000000000062410489094014	0.0742153158090794601000000
0.0000000000062605801592061	0.0665669955530002883000000
0.0000000000062814672159838	0.0537993502437511886000000
0.0000000000063007266686110	0.0323085696922835938000000
0.0000000000063210717204909	0.0081421100589136371400000
0.0000000000063403327625753	-0.0157861510328571077000000
0.0000000000063617618242506	-0.0339239768536146874000000
0.0000000000063810228663350	-0.0480974492666965542000000
0.0000000000064005541161397	-0.0444501531771546443000000
0.0000000000064208991680196	-0.0348303651391050212000000
0.0000000000064407006255446	-0.0170498373788907365000000
0.0000000000064613174746019	0.0086970416552097952500000
0.0000000000064805769272291	0.0348638511881883273000000
0.0000000000065014655734639	0.0598016980020089767000000
0.0000000000065199112240160	0.0782166646131298438000000
0.0000000000065410700779711	0.0972274524149630837000000
0.0000000000065608731249532	0.1057743723479411260000000
0.0000000000065812181768331	0.0976863256654247197000000
0.0000000000066007494266378	0.0848099657923975930000000
0.0000000000066205508841627	0.0598756888804581750000000
0.0000000000066417097381178	0.0288955781359281662000000
0.0000000000066606989830248	-0.0063487441066958543300000
0.0000000000066813158320821	-0.0454756408218110544000000
0.0000000000067000332798116	-0.0738615283830982433000000
0.0000000000067214623414870	-0.1061611444429922530000000
0.0000000000067407233835714	-0.1287793134502113190000000
0.0000000000067610684354512	-0.1410170160542668640000000
0.0000000000067808698929762	-0.1451215629378480030000000
0.0000000000068014867420336	-0.1349919514349698650000000
0.0000000000068207461946608	-0.1117607614291789700000000
0.0000000000068413630437181	-0.0821180020949713041000000
0.0000000000068608942935228	-0.0457433709822556919000000
0.0000000000068809675482252	0.0020940046964121727300000
0.0000000000069010423923848	0.0417748588927137760000000
0.0000000000069211156470873	0.0839327844627470870000000
0.0000000000069414606989671	0.1194266628014996750000000
0.0000000000069604499438741	0.1380762581027962230000000
0.0000000000069813370006517	0.1479108788258605140000000
0.0000000000070008682504564	0.1454454898283576440000000
0.0000000000070214850995137	0.1243077890524088290000000
0.0000000000070407445521410	0.1060609247378241910000000
0.0000000000070608178068434	0.0732972447811852390000000
0.0000000000070811628587233	0.0401762664843941450000000
0.0000000000071012377028829	-0.0012057289200249122500000
0.0000000000071210391604079	-0.0384497523768665486000000
0.0000000000071408422073900	-0.0636809672619792211000000
0.0000000000071614590564473	-0.0856205616792475172000000
0.0000000000071804467118971	-0.0879924886713915749000000
0.0000000000072013353581319	-0.0860411414276185810000000
0.0000000000072211368156569	-0.0812807368562935007000000
0.0000000000072414818675368	-0.0752582685299476722000000
0.0000000000072607429096212	-0.0657793226897252503000000
0.0000000000072810879615010	-0.0599960266711915408000000
0.0000000000073008894190260	-0.0542925629295237244000000
0.0000000000073209642631856	-0.0494902951452083698000000
0.0000000000073410375178880	-0.0444501531771538533000000
0.0000000000073611107725905	-0.0392328225293495786000000
0.0000000000073811856167501	-0.0281935778815885080000000
0.0000000000074009870742750	-0.0174434818416867449000000
0.0000000000074210619184346	-0.0055896885457802350200000
0.0000000000074408633759596	0.0097608228085423881500000
0.0000000000074612084278395	0.0260001982088845299000000
0.0000000000074810114748216	0.0452579470588770696000000
0.0000000000075013565267015	0.0575774283483371854000000
0.0000000000075208877765062	0.0710479869879905857000000
0.0000000000075409610312086	0.0727711955989714110000000
0.0000000000075610358753682	0.0679491321788304736000000
0.0000000000075811091300707	0.0633159402052665549000000
0.0000000000076011823847731	0.0580687537432079265000000
0.0000000000076204434268575	0.0448097830082374374000000
0.0000000000076413304836351	0.0264788672734213824000000
0.0000000000076608617334398	0.0086882795773711232800000
0.0000000000076817487902174	-0.0087884960133414024500000
0.0000000000077007380351244	-0.0206708472041107726000000
0.0000000000077210830870043	-0.0349176613971926980000000
0.0000000000077411563417067	-0.0486205777745824241000000
0.0000000000077606875915114	-0.0578515892073964214000000
0.0000000000077813044405687	-0.0705611456501136353000000
0.0000000000078008356903734	-0.0761935392327258432000000
0.0000000000078214525394307	-0.0770496267117840028000000
0.0000000000078409837892354	-0.0791564197052394836000000
0.0000000000078610570439379	-0.0726059550499513207000000
0.0000000000078808600909200	-0.0628394832499816342000000
0.0000000000079014753505202	-0.0496953926744361577000000
0.0000000000079207363926046	-0.0392331470507543342000000
0.0000000000079413516522047	-0.0256587411892018474000000
0.0000000000079611546991869	-0.0068780385145987676300000
0.0000000000079809577461690	0.0139179419555755350000000
0.0000000000080010310008714	0.0322832570231542243000000
0.0000000000080205622506761	0.0465940016541096305000000
0.0000000000080414493074538	0.0567116052613135038000000
0.0000000000080607103495382	0.0662593492694688174000000
0.0000000000080813256091383	0.0697443845410881946000000
0.0000000000081011286561205	0.0675256317570222670000000
0.0000000000081214737080004	0.0620778910777976464000000
0.0000000000081407331606276	0.0516786029122677515000000
0.0000000000081610782125075	0.0390021480646796231000000
0.0000000000081811530566671	0.0262650076710377219000000
0.0000000000082009545141920	0.0103514517587024336000000
0.0000000000082210293583516	-0.0050659110019176511300000
0.0000000000082411026130541	-0.0140145886908222064000000
0.0000000000082611758677565	-0.0213072336776478355000000
0.0000000000082809789147386	-0.0300060299282320503000000
0.0000000000083010521694411	-0.0326891729061964745000000
0.0000000000083211270136007	-0.0318454172525185278000000
0.0000000000083412002683031	-0.0299898038579806542000000
0.0000000000083607315181078	-0.0269701321854928788000000
0.0000000000083813483671651	-0.0216830294637130744000000
0.0000000000084011498246901	-0.0195145774414254014000000
0.0000000000084212246688497	-0.0145383662360713539000000
0.0000000000084410261263747	-0.0157721966124984639000000
0.0000000000084608291733568	-0.0182937279197659397000000
0.0000000000084811742252367	-0.0257025515788252106000000
0.0000000000085007054750414	-0.0286222706574361281000000
0.0000000000085213223240987	-0.0325746168501254360000000
0.0000000000085408535739034	-0.0401213621389824512000000
0.0000000000085617406306810	-0.0457780947727582169000000
0.0000000000085807298755880	-0.0530879394651713188000000
0.0000000000086013451351881	-0.0641881942234328595000000
0.0000000000086208763849928	-0.0720964564372631594000000
0.0000000000086409512291524	-0.0728104035378593917000000
0.0000000000086607526866774	-0.0686727555707493664000000
0.0000000000086816413329122	-0.0564983349369592297000000
0.0000000000087011725827169	-0.0385535992267563923000000
0.0000000000087207038325216	-0.0223028653458350462000000
0.0000000000087413190921217	0.0030211623416099291300000
0.0000000000087605801342061	0.0266008873196946112000000
0.0000000000087817389881612	0.0515101763070078128000000
0.0000000000088007266436110	0.0717197462771069494000000
0.0000000000088210716954909	0.0881486418984072234000000
0.0000000000088408747424730	0.0959235254554367395000000
0.0000000000088614915915303	0.0964090094603260034000000
0.0000000000088810228413350	0.0847479822060331206000000
0.0000000000089008242988600	0.0695091065290809607000000
0.0000000000089211693507399	0.0485044591228179084000000
0.0000000000089407006005446	0.0179465506230873928000000
0.0000000000089613174496019	-0.0069987604764351141600000
0.0000000000089808486994066	-0.0316425913742605924000000
0.0000000000090014655484639	-0.0542386923758813380000000
0.0000000000090204532039137	-0.0649829471529523445000000
0.0000000000090410700529711	-0.0755315155568948154000000
0.0000000000090611433076735	-0.0766011381234095873000000
0.0000000000090812181518331	-0.0707152933194699213000000
0.0000000000091007494016378	-0.0619327704351452513000000
0.0000000000091210944535177	-0.0450735587990800518000000
0.0000000000091414395053975	-0.0296707993168491627000000
0.0000000000091609707552022	-0.0169557261718015981000000
0.0000000000091810440099046	-0.0053232564742002304700000
0.0000000000092003034625319	0.0054505295549610250200000
0.0000000000092214623164870	0.0125143868967342569000000
0.0000000000092407233585714	0.0121213914801581776000000
0.0000000000092613386181715	0.0147178872085245386000000
0.0000000000092808698679762	0.0074404947891086193500000
0.0000000000093014867170336	0.0011778807786351317000000
0.0000000000093207461696608	-0.0042779730364633037500000
0.0000000000093413630187181	-0.0106110082129115962000000
0.0000000000093608942685228	-0.0127927656069646671000000
0.0000000000093804255183275	-0.0153853670993751787000000
0.0000000000094013125751051	-0.0086521970241026091600000
0.0000000000094211156220873	-0.0003415284259515223320000
0.0000000000094414606739671	0.0143424159478350195000000
0.0000000000094607201265944	0.0266141926970772762000000
0.0000000000094810651784743	0.0344176342646666730000000
0.0000000000095005964282789	0.0409041679810033601000000
0.0000000000095214850745137	0.0495461728092612061000000
0.0000000000095407445271410	0.0516104534188135747000000
0.0000000000095608177818434	0.0495737571280569014000000
0.0000000000095811628337233	0.0413250722346556812000000
0.0000000000096009658807054	0.0205138394211179000000000
0.0000000000096213109325853	0.0011989746697660579400000
0.0000000000096405703852125	-0.0213325463471754767000000
0.0000000000096606452293721	-0.0374674260814175028000000
0.0000000000096807184840746	-0.0547777224337482049000000
0.0000000000097016055408522	-0.0717764783276850504000000
0.0000000000097211367906569	-0.0852110156589013373000000
0.0000000000097412116348165	-0.0918909643843588003000000
0.0000000000097607428846212	-0.0843146875226463977000000
0.0000000000097808161393236	-0.0779092839265908554000000
0.0000000000098008893940260	-0.0637169891383170539000000
0.0000000000098201504361104	-0.0418098470150905649000000
0.0000000000098410374928880	-0.0165750625652127635000000
0.0000000000098608405398702	0.0074937162989405876600000
0.0000000000098814557994704	0.0323095432564848573000000
0.0000000000099009870492750	0.0502036531607343295000000
0.0000000000099210618934346	0.0595255302934048422000000
0.0000000000099400495488844	0.0709610152539314754000000
0.0000000000099612084028395	0.0776685479767142695000000
0.0000000000099812832469991	0.0736918627981525271000000
0.0000000000100013565017015	0.0683418030679721344000000
