-999.1454978210385880000000000	0.0689162059387902065000000
-979.7159732757572770000000000	0.0672179854735648341000000
-959.8922633502952510000000000	0.0676930847973743477000000
-939.6807258733751940000000000	0.0719767672224798233000000
-920.0541086379962500000000000	0.0710148858056233179000000
-899.6454784709931110000000000	0.0723330917148921337000000
-879.8217685455310850000000000	0.0724356404759151779000000
-859.8073237586941100000000000	0.0702996406493469200000000
-839.3986935916909710000000000	0.0684563591207471289000000
-819.5749836662289450000000000	0.0707185977713022940000000
-799.7576315694750510000000000	0.0742490660342099429000000
-779.9339216440130250000000000	0.0777379955552808810000000
-759.7223841670929680000000000	0.0787586153429610386000000
-739.8986742416309420000000000	0.0764704149855320731000000
-719.6871367647108850000000000	0.0765113046813327979000000
-699.8634268392488590000000000	0.0759469619749107844000000
-680.0397169137868320000000000	0.0750837350632554135000000
-659.6374445754918260000000000	0.0728331791855308247000000
-639.8137346500298000000000000	0.0702370080199563873000000
-619.7929320344846920000000000	0.0706854965889352205000000
-599.5813945575646350000000000	0.0702736789376813831000000
-579.7640424608107420000000000	0.0698261639328427858000000
-559.5525049838906850000000000	0.0720098684048377374000000
-539.7287950584286590000000000	0.0746709438482919680000000
-519.7079924428835510000000000	0.0758827067386390608000000
-499.6935476560465750000000000	0.0768543237961283599000000
-479.8698377305991010000000000	0.0764532153515827817000000
-459.8553929437621260000000000	0.0720234983034556686000000
-439.8345903282170180000000000	0.0706611574842529872000000
-419.8201455413800430000000000	0.0667733911609304787000000
-399.9964356159180170000000000	0.0711187326522619290000000
-379.7848981389979600000000000	0.0733001654737500119000000
-359.7640955234528520000000000	0.0724752320861809796000000
-339.7496507366158760000000000	0.0737574161200469786000000
-319.7352059497789010000000000	0.0751071006037253575000000
-299.7144033342337930000000000	0.0732625209918640330000000
-279.8906934087717670000000000	0.0760173831176963466000000
-259.6791559318517100000000000	0.0742192100658267129000000
-239.8618038350978170000000000	0.0697359469847968483000000
-219.8410012195527090000000000	0.0703973215894798110000000
-199.8265564327157330000000000	0.0689480090355913816000000
-179.8057538171706250000000000	0.0697511994904032040000000
-159.5942163402505680000000000	0.0689035496043492735000000
-139.7705064147885420000000000	0.0663115972142466481000000
-119.7560616279515670000000000	0.0650394733411548548000000
-99.9323517024895408000000000	0.0680471376404202522000000
-79.7208142255694838000000000	0.0702386306269361244000000
-59.7063694387325085000000000	0.0698651065003432076000000
-39.8826595132704824000000000	0.0672121440884371479000000
-19.8682147264480591000000000	0.0672176609521706603000000
-0.0445048009860329330000000	0.0680292889636417153000000
20.1670326759340241000000000	0.0676311012107348730000000
40.1878352914936840000000000	0.0646016939775836546000000
60.2022800783161074000000000	0.0642904779585305314000000
80.4138175552361644000000000	0.0688736936359240215000000
100.0404347906151090000000000	0.0714964755568752997000000
120.0612374061602170000000000	0.0720127890973987772000000
140.2727748830802740000000000	0.0684888112603430910000000
160.2872196699172490000000000	0.0680481112046108505000000
180.1109295953792750000000000	0.0688733691145282101000000
200.1317322109243830000000000	0.0687760126957471518000000
220.1461769977613580000000000	0.0650430430765141232000000
240.1606217845983340000000000	0.0650693293096126502000000
260.5692519516014720000000000	0.0659150320681412411000000
280.1958691869804170000000000	0.0684884867389472518000000
300.2166718025255250000000000	0.0694188895810359530000000
320.2311165893625000000000000	0.0672994403439725469000000
340.2455613761994750000000000	0.0684664192840201274000000
360.2663639917445830000000000	0.0703256023610125403000000
380.2808087785815580000000000	0.0689567711132814815000000
399.9137838426686350000000000	0.0630306858978177814000000
420.1253213195886920000000000	0.0569231932121389839000000
440.1397661064256680000000000	0.0524545335733956272000000
460.1542108932480910000000000	0.0424855607548915437000000
480.1750135088077510000000000	0.0339191693958448351000000
500.1894582956301740000000000	0.0218716369593571526000000
520.2102609111898340000000000	0.0091796049789294956900000
540.2247056980122570000000000	-0.0037181736171316296200000
560.2391504848492330000000000	-0.0272709635277035567000000
580.2599531003943410000000000	-0.0548452228865251371000000
600.2743978872313160000000000	-0.0874687111140812074000000
620.0981078126933420000000000	-0.1260682615465183730000000
640.1189104282384500000000000	-0.1648378617178339330000000
660.1333552150754250000000000	-0.2146239912468251300000000
680.1478000019124000000000000	-0.2771797155868014890000000
700.1686026174575080000000000	-0.3547844744221432260000000
720.1830474042944840000000000	-0.4396815575718906460000000
740.2038500198395920000000000	-0.5306400562100753720000000
760.2182948066765670000000000	-0.6357132967621370590000000
780.4298322835966240000000000	-0.7550343359508935310000000
800.0564495189755680000000000	-0.8760445184533193210000000
820.2679869958956250000000000	-1.0236330270872220400000000
840.2887896114407330000000000	-1.1801712084424642600000000
860.1124995369027590000000000	-1.3480507919308697400000000
880.1269443237397350000000000	-1.5376600487102258800000000
900.1413891105767100000000000	-1.7349280532077822100000000
920.1621917261218180000000000	-1.9675387985558481200000000
940.1766365129587930000000000	-2.1990981536659024400000000
960.0003464384062670000000000	-2.4142552571322877200000000
980.2118839153408760000000000	-2.6007061682754839500000000
1000.0355938407883500000000000	-2.7356843391375047500000000
1020.2471313177229600000000000	-2.7889072760566184800000000
1040.6494036560179700000000000	-2.7290796638555474500000000
1060.0852860300074100000000000	-2.5288783944515245100000000
1080.2968235069274700000000000	-2.0799038488490464400000000
1099.9234407423064100000000000	-1.5135003812245537700000000
1120.1349782192264700000000000	-0.6225279886762654640000000
1140.1557808347715700000000000	0.4969683461321786620000000
1160.1702256216085500000000000	1.6273801808933250300000000
1180.1910282371536600000000000	2.7371701440156877000000000
1200.2054730239906300000000000	3.7429839901930193000000000
1220.0291829494526600000000000	4.6279252331709166400000000
1240.4378131164558000000000000	5.2066110083030743300000000
1260.0644303518347400000000000	5.5826343817185257700000000
1280.2759678287548000000000000	5.7892848391954734300000000
1300.0996777542168300000000000	5.8891536053664426100000000
1320.3112152311368800000000000	5.8989785460906434200000000
1340.1285673278907800000000000	5.7867103970238789000000000
1360.1493699434358800000000000	5.5403581217364923300000000
1379.9730798688979100000000000	5.1191440161972083800000000
1400.1846173458179700000000000	4.3253740163484080100000000
1420.1990621326549400000000000	3.0480966590473550500000000
1440.2198647482000500000000000	1.5244900146375457400000000
1460.2343095350370300000000000	0.0062319770740791747400000
1480.2487543218594500000000000	-1.4394620553451813500000000
1500.2695569374191100000000000	-2.7704646796788581200000000
1520.2840017242415300000000000	-3.7000176487191520600000000
1540.1077116497035600000000000	-4.4763845891045530600000000
1560.1285142652632200000000000	-4.8829805438155951000000000
1580.1429590520856400000000000	-5.0972024566752027700000000
1599.9666689775476700000000000	-5.1596106347237631300000000
1620.1782064544677200000000000	-5.0653254714585216300000000
1640.1926512413047000000000000	-4.8162676036570371000000000
1660.2134538568498100000000000	-4.3567711936580924000000000
1680.2278986436867800000000000	-3.7175201313963026600000000
1700.0516085691488100000000000	-2.8715468595431152800000000
1720.2631460460688700000000000	-2.0483755736418500800000000
1740.2775908329058400000000000	-1.2026868424588459400000000
1759.9105658969929200000000000	-0.4034049268058944590000000
1780.1221033739129800000000000	0.2945390515194362680000000
1800.1365481607499500000000000	0.8798675410993189730000000
1820.3480856376700100000000000	1.2150121271616880500000000
1840.1717955631320300000000000	1.3709823016457152200000000
1859.9955054885940600000000000	1.3664033046790642300000000
1880.3977778268890700000000000	1.2153648819107183400000000
1900.2214877523510900000000000	0.8936918270249031290000000
1920.0451976778131200000000000	0.4915932986499887410000000
1940.2567351547331800000000000	0.0763156182786403903000000
1960.2711799415701500000000000	-0.3376140448641069550000000
1980.2919825571152600000000000	-0.7465880145577995510000000
1999.9185997924796500000000000	-0.9950063305472927050000000
2019.9330445793166300000000000	-1.1676563571477180900000000
2040.1445820562366800000000000	-1.2318843770588179200000000
2060.1653846717817900000000000	-1.1819054519256142500000000
2080.1798294586187700000000000	-1.0489077408472633500000000
2100.2006320741638700000000000	-0.7967035477859727430000000
2120.2150768610008500000000000	-0.4784044317628513010000000
2140.2358794765459600000000000	-0.1530781790606956790000000
2160.2503242633829300000000000	0.2713571912050737890000000
2180.2647690502199100000000000	0.6616794921880762010000000
2200.2855716657650200000000000	0.9899620661077663810000000
2220.1092815912270400000000000	1.2387739077919379700000000
2239.9266336879809400000000000	1.4204546160416324800000000
2260.1381711649009900000000000	1.5037764616823940900000000
2280.1589737804461000000000000	1.4872145113289623200000000
2300.1734185672830800000000000	1.3869227929052401200000000
2320.1942211828281800000000000	1.1909274478770504000000000
2340.0179311082902100000000000	0.9270931893072678060000000
2360.2294685852102700000000000	0.6555184539894096660000000
2380.2439133720472400000000000	0.3511037768675024370000000
2400.4554508489673000000000000	0.0451193764215066656000000
2420.2791607744293300000000000	-0.2308224782593383540000000
2439.9057780098082700000000000	-0.4269794632577168510000000
2460.1173154867283300000000000	-0.5546643809173348320000000
2479.9410254121903500000000000	-0.6080455682871714890000000
2500.1525628891104100000000000	-0.6005374392212395880000000
2520.3641003660304700000000000	-0.5388410383412685080000000
2540.1878102914924900000000000	-0.4185321697970254000000000
2560.0115202169399700000000000	-0.2599586612468209320000000
2580.2230576938745800000000000	-0.0539888108923646734000000
2600.0404097906139200000000000	0.1491645049535555160000000
2620.2519472675339800000000000	0.3104110676816739800000000
2640.2727498830790800000000000	0.4518102235748168160000000
2660.2871946699160600000000000	0.5548817810052957270000000
2680.1109045953780800000000000	0.6057501812651918670000000
2700.1317072109231900000000000	0.6001450481644121650000000
2720.1461519977601700000000000	0.5450403459166783810000000
2739.9698619232221900000000000	0.4495635621072876510000000
2760.1813994001422500000000000	0.3169443320863841170000000
2780.1958441869792300000000000	0.1923732296728961620000000
2800.2166468025243300000000000	0.0580236452689567583000000
2820.2310915893613100000000000	-0.0623520520947090790000000
2840.2455363761982800000000000	-0.1547436229785802140000000
2860.0692463016603100000000000	-0.2070886037539989570000000
2880.2807837785803700000000000	-0.2189930232040392670000000
2899.9137588426674400000000000	-0.1882348826091153060000000
2920.1252963195875000000000000	-0.1195687466506022420000000
2940.1397411064244800000000000	-0.0326550981586744768000000
2960.1541858932614500000000000	0.0563397037402975642000000
2979.9778958187089300000000000	0.1717518426485837580000000
3000.1894332956435400000000000	0.2706610928424511560000000
3020.2102359111886400000000000	0.3497768089559252780000000
3040.2246806980256200000000000	0.4001029349387970060000000
3060.2391254848480400000000000	0.4120738794172471020000000
3080.2599281003931500000000000	0.3881462693832410940000000
3100.2743728872301300000000000	0.3339696971682918900000000
3120.2951755027752300000000000	0.2633113325897489250000000
3140.1188854282372600000000000	0.1671832305479431790000000
3160.3304229051573200000000000	0.0638325782682298837000000
3180.1477750019112100000000000	-0.0331996450768471882000000
3200.1685776174563200000000000	-0.1133593539130038350000000
3220.1830224042932900000000000	-0.1670248115656131900000000
3240.2038250198384000000000000	-0.2025375152976577050000000
3260.2182698066753800000000000	-0.2044869154933066370000000
3280.2327145935123500000000000	-0.1708810996008579830000000
3300.0564245189743800000000000	-0.1135784058672879290000000
3320.2679619958944300000000000	-0.0373639037530276302000000
3340.2887646114395400000000000	0.0392380751213728535000000
3360.1124745369015700000000000	0.1251878910657720220000000
3380.1269193237385400000000000	0.2007147273822567630000000
3399.9506292492005700000000000	0.2627765213523527430000000
3420.1621667261206300000000000	0.3022999803222141120000000
3440.1766115129576000000000000	0.3169835991732782300000000
3460.1974141285027100000000000	0.3054624411668435120000000
3480.2118589153396900000000000	0.2736281918325979000000000
3500.2326615308847900000000000	0.2293573093359593530000000
3520.2471063177217700000000000	0.1772758457095017230000000
3540.2615511045441900000000000	0.1134252886989066400000000
3560.2823537201038500000000000	0.0530273138396498561000000
3580.1060636455658800000000000	0.0013979062891936772300000
3600.1205084323883000000000000	-0.0438955460935258474000000
3619.9442183578503300000000000	-0.0740422868081995062000000
3640.1557558347703800000000000	-0.0842088935427853652000000
3660.1702006216073600000000000	-0.0796055573368072006000000
3680.1910032371524700000000000	-0.0610481250763249203000000
3700.2054480239894400000000000	-0.0377234734705884853000000
3720.2262506395345500000000000	-0.0045836721976862766400000
3740.2406954263715300000000000	0.0325772734107577858000000
3760.2551402132085000000000000	0.0642726292817323158000000
3780.2759428287536100000000000	0.0881784978666746849000000
3800.0996527542156400000000000	0.1056140587798576890000000
3820.1140975410526100000000000	0.1187123912181265030000000
3840.1285423278895900000000000	0.1170540869055053250000000
3860.1493449434346900000000000	0.1140389586516260410000000
3880.1637897302716700000000000	0.1062601808730321420000000
3900.1845923458167800000000000	0.0895090355830826523000000
3920.3961298227368300000000000	0.0726705939663343653000000
3940.0227470581157800000000000	0.0642476411342181864000000
3960.2342845350358400000000000	0.0590046734516133167000000
3980.2487293218728100000000000	0.0600110143028779602000000
4000.2695319374179200000000000	0.0564652935210085208000000
4020.2839767242548900000000000	0.0569082652278803322000000
4040.1076866497023700000000000	0.0638903430768515412000000
4060.1284892652620300000000000	0.0755796037553914529000000
4079.9458413620013700000000000	0.0839941190063408782000000
4100.1573788389214300000000000	0.0899903008106441998000000
4120.1781814544665300000000000	0.0922460490207393374000000
4140.1926262413035100000000000	0.0923086816497718371000000
4160.2134288568486200000000000	0.0947169549136139821000000
4180.2278736436855900000000000	0.0947198756061567865000000
4200.2423184305225700000000000	0.0972430294418500513000000
4220.2631210460676800000000000	0.0898231722926502579000000
4240.2775658329046500000000000	0.0776808797897305253000000
4260.1012757583666800000000000	0.0671491869375997058000000
4279.9249856838287000000000000	0.0595462996627946078000000
4300.1365231607487600000000000	0.0491366268054658495000000
4320.1509679475857400000000000	0.0387759566498992320000000
4340.1717705631308400000000000	0.0336423526424973127000000
4360.1862153499678200000000000	0.0269890149136606666000000
4380.2070179655129300000000000	0.0178790501717983989000000
4400.0243700622668200000000000	0.0178693145297839917000000
4420.2359075391868800000000000	0.0179484977514956130000000
4440.2567101547319900000000000	0.0254786923195112029000000
4460.2711549415689600000000000	0.0314917493305636176000000
4480.0948648670309900000000000	0.0379182465934122873000000
4500.1156674825760900000000000	0.0404955955404394732000000
4520.1301122694130700000000000	0.0479722440305643191000000
4540.1445570562354900000000000	0.0630336065903900206000000
4560.1653596717951500000000000	0.0759161324423572176000000
4579.9890695972426300000000000	0.0905231649398021698000000
4600.2006070741772400000000000	0.1017395978684253050000000
4620.2150518609996600000000000	0.1136342804755241660000000
4640.2358544765593200000000000	0.1192637530628216650000000
4660.0532065732986600000000000	0.1251382392929196170000000
4680.2647440502187200000000000	0.1274517522911075560000000
4700.2855466657638300000000000	0.1235062212155744190000000
4720.1092565912258500000000000	0.1132980763131517800000000
4739.9266086879797500000000000	0.0978093192735660644000000
4760.1381461648998000000000000	0.0808115376877187042000000
4780.1589487804449100000000000	0.0572853590911199875000000
4800.1733935672818900000000000	0.0340957090368956064000000
4820.1941961828269900000000000	0.0148269263991742829000000
4840.2086409696639700000000000	-0.0032716321673599822200000
4860.2294435852090800000000000	-0.0237768415644037424000000
4880.2438883720460500000000000	-0.0352746349432968565000000
4900.2583331588830300000000000	-0.0430913820484956425000000
4920.2791357744281400000000000	-0.0431092307258460136000000
4940.1028456998901600000000000	-0.0374570413964315993000000
4960.3143831768102200000000000	-0.0294874447230208808000000
4980.1317352735641100000000000	-0.0177978592146586373000000
5000.1525378891092200000000000	-0.0044704142281781437300000
5020.1669826759462000000000000	0.0092224418038962165800000
5040.1877852914913000000000000	0.0309569380646241635000000
5060.2022300783137300000000000	0.0543169618722913403000000
5080.0259400037757500000000000	0.0736616823083677957000000
5100.2374774806958100000000000	0.0862427277492055222000000
5120.4490149576304200000000000	0.0956493048777805333000000
5140.2727248830778900000000000	0.1029318894668331540000000
5160.2871696699148700000000000	0.1102102552645869700000000
5179.9201447340019400000000000	0.1181327960122606490000000
5200.1316822109220000000000000	0.1239047334842704180000000
5220.1461269977589800000000000	0.1310036389158107660000000
5240.1605717845959500000000000	0.1310373891404626730000000
5260.1813744001410600000000000	0.1288248022968653820000000
5280.0050843256030900000000000	0.1252654516783208990000000
5300.4073566638980900000000000	0.1257236758828454700000000
5320.0339738992770400000000000	0.1209171895536833570000000
5340.2455113761970900000000000	0.1175113375467635860000000
5360.2663139917422000000000000	0.1135447125712625710000000
5380.2807587785791800000000000	0.0973923092828838794000000
5400.1044687040412000000000000	0.0847022246893939651000000
5420.3160061809612600000000000	0.0685144484506224477000000
5439.9426234163402000000000000	0.0539126082113807401000000
5460.1541608932602600000000000	0.0354048283601294603000000
5480.1749635088053700000000000	0.0165407239160615359000000
5500.1894082956423400000000000	0.0008462199057578262150000
5520.2102109111874500000000000	-0.0087300821608066649800000
5540.0275630079267900000000000	-0.0165994016704922170000000
5560.2391004848468500000000000	-0.0186179248022673022000000
5580.2599031004065100000000000	-0.0161606487326846245000000
5600.2743478872289300000000000	-0.0094612288817668421800000
5620.2951505027885900000000000	-0.0005427316953000072040000
5640.1188604282360700000000000	0.0138102008505028573000000
5659.9362125249899600000000000	0.0299898642946952697000000
5679.9570151405350700000000000	0.0483168857549420919000000
5700.1685526174551300000000000	0.0731271955699134696000000
5720.1829974042921000000000000	0.0886484048456014084000000
5740.2038000198372100000000000	0.1087865799153931170000000
5760.2182448066741900000000000	0.1222548667299072770000000
5780.0419547321362100000000000	0.1381924367605367460000000
5800.2534922090562700000000000	0.1442207461031284610000000
5820.0772021345183000000000000	0.1458654205067201610000000
5840.2887396114383500000000000	0.1398627483562548960000000
5860.1124495369003800000000000	0.1265843066124585360000000
5879.9298016336542700000000000	0.1106282388181187020000000
5900.1413391105743300000000000	0.0969934724901996420000000
5919.9650490360363600000000000	0.0814881647960579714000000
5940.1765865129564100000000000	0.0626165965959603194000000
5960.1973891285015200000000000	0.0436940784416842490000000
5980.0210990539635500000000000	0.0292872754650346130000000
6000.2326365308836000000000000	0.0179157210900499006000000
