0.027158,-0.0055469
0.054316,-0.01027
0.081474,-0.0097988
0.10863,-0.010602
0.13579,-0.010037
0.16295,-0.011688
0.19011,-0.011091
0.21727,-0.012117
0.24442,-0.011612
0.27158,-0.012171
0.29874,-0.010824
0.3259,-0.010576
0.35306,-0.011136
0.38021,-0.011315
0.40737,-0.010925
0.43453,-0.010931
0.46169,-0.010138
0.48885,-0.011331
0.51601,-0.01305
0.54316,-0.011775
0.57032,-0.011619
0.59748,-0.012885
0.62464,-0.011169
0.6518,-0.013279
0.67895,-0.013606
0.70611,-0.013067
0.73327,-0.012728
0.76043,-0.013187
0.78759,-0.013772
0.81474,-0.012841
0.8419,-0.012509
0.86906,-0.013836
0.89622,-0.013968
0.92338,-0.013538
0.95054,-0.012126
0.97769,-0.010953
1.0049,-0.011079
1.032,-0.012194
1.0592,-0.014107
1.0863,-0.013627
1.1135,-0.012939
1.1406,-0.010936
1.1678,-0.011309
1.195,-0.012152
1.2221,-0.011024
1.2493,-0.010692
1.2764,-0.010703
1.3036,-0.010085
1.3308,-0.010383
1.3579,-0.0098829
1.3851,-0.0094905
1.4122,-0.0096672
1.4394,-0.010033
1.4665,-0.010032
1.4937,-0.010115
1.5209,-0.010565
1.548,-0.0095287
1.5752,-0.0085278
1.6023,-0.0089893
1.6295,-0.0091014
1.6566,-0.0084338
1.6838,-0.0090387
1.711,-0.0088215
1.7381,-0.0087417
1.7653,-0.0088127
1.7924,-0.0092589
1.8196,-0.0094123
1.8468,-0.0099987
1.8739,-0.0092041
1.9011,-0.0086524
1.9282,-0.0093683
1.9554,-0.010094
1.9825,-0.0095559
2.0097,-0.0092335
2.0369,-0.0094923
2.064,-0.010876
2.0912,-0.010441
2.1183,-0.008582
2.1455,-0.0068769
2.1727,-0.0071447
2.1998,-0.0086018
2.227,-0.0081381
2.2541,-0.0055167
2.2813,-0.0053872
2.3084,-0.0058187
2.3356,-0.0057769
2.3628,-0.0043555
2.3899,-0.0043802
2.4171,-0.0051055
2.4442,-0.0053721
2.4714,-0.0044857
2.4986,-0.0039542
2.5257,-0.0038461
2.5529,-0.0038603
2.58,-0.004994
2.6072,-0.004404
2.6343,-0.0034983
2.6615,-0.0040525
2.6887,-0.0039391
2.7158,-0.0028305
2.743,-0.0024976
2.7701,-0.002271
2.7973,-0.002488
2.8244,-0.0026036
2.8516,-0.0016583
2.8788,-0.0013294
2.9059,-0.00164
2.9331,-0.0023749
2.9602,-0.0026284
2.9874,-0.0018521
3.0146,-0.0013085
3.0417,-0.0011575
3.0689,-0.00038901
3.096,0.00028008
3.1232,-0.0004962
3.1503,-0.00079507
3.1775,-0.00084897
3.2047,-0.0010557
3.2318,-0.00074913
3.259,-0.0011136
3.2861,-0.001408
3.3133,-0.0014608
3.3405,-0.0015417
3.3676,-0.0017839
3.3948,-0.0016602
3.4219,-0.0019787
3.4491,-0.00022153
3.4762,0.00019048
3.5034,-0.00092912
3.5306,-0.00076105
3.5577,-0.00046798
3.5849,0.00016556
3.612,-0.00036524
3.6392,-0.0013209
3.6664,-0.00094189
3.6935,-0.00058713
3.7207,5.5286e-05
3.7478,0.00066806
3.775,0.0014224
3.8021,0.0020094
3.8293,0.0020072
3.8565,0.0020522
3.8836,0.0021676
3.9108,0.0024131
3.9379,0.0020531
3.9651,0.0019499
3.9923,0.0015016
4.0194,0.00065001
4.0466,0.00061993
4.0737,0.00087712
4.1009,0.0013323
4.128,0.00125
4.1552,0.001332
4.1824,0.0020837
4.2095,0.0022102
4.2367,0.0017254
4.2638,0.00081439
4.291,0.00097568
4.3181,0.0020612
4.3453,0.0020548
4.3725,-0.00014716
4.3996,-0.0011366
4.4268,-0.00065464
4.4539,-0.0010353
4.4811,-0.00065846
4.5083,-0.00021505
4.5354,-0.00057278
4.5626,-0.0010638
4.5897,-0.00077281
4.6169,-0.00060572
4.644,-0.00044276
4.6712,-0.00064844
4.6984,-0.00089094
4.7255,-0.0016193
4.7527,-0.0026415
4.7798,-0.0029223
4.807,-0.0030521
4.8342,-0.0036658
4.8613,-0.0047283
4.8885,-0.005536
4.9156,-0.0052895
4.9428,-0.0037153
4.9699,-0.0020494
4.9971,-0.0014881
5.0243,-0.0013815
5.0514,-0.0012475
5.0786,-0.0017604
5.1057,-0.0021466
5.1329,-0.0024454
5.1601,-0.0015717
5.1872,-0.00037261
5.2144,0.00071177
5.2415,0.0011052
5.2687,0.0017291
5.2958,0.0018115
5.323,0.0021608
5.3502,0.0020814
5.3773,0.0015421
5.4045,0.001731
5.4316,0.0033748
5.4588,0.0043819
5.4859,0.0048269
5.5131,0.0051421
5.5403,0.005924
5.5674,0.0079423
5.5946,0.0091966
5.6217,0.0095327
5.6489,0.010111
5.6761,0.011419
5.7032,0.012719
5.7304,0.013477
5.7575,0.014789
5.7847,0.015885
5.8118,0.016393
5.839,0.018384
5.8662,0.021667
5.8933,0.025464
5.9205,0.028933
5.9476,0.031777
5.9748,0.034136
6.002,0.037554
6.0291,0.041799
6.0563,0.04575
6.0834,0.047948
6.1106,0.049623
6.1377,0.051825
6.1649,0.053763
6.1921,0.053996
6.2192,0.052611
6.2464,0.0493
6.2735,0.04464
6.3007,0.037874
6.3279,0.028919
6.355,0.018923
6.3822,0.0060814
6.4093,-0.0072903
6.4365,-0.020605
6.4636,-0.032696
6.4908,-0.042108
6.518,-0.049041
6.5451,-0.053285
6.5723,-0.055458
6.5994,-0.055789
6.6266,-0.054509
6.6538,-0.049972
6.6809,-0.043529
6.7081,-0.037394
6.7352,-0.032373
6.7624,-0.028105
6.7895,-0.023917
6.8167,-0.01874
6.8439,-0.014941
6.871,-0.012667
6.8982,-0.011284
6.9253,-0.0095726
6.9525,-0.0080953
6.9796,-0.0072267
7.0068,-0.0060983
7.034,-0.0047447
7.0611,-0.0038866
7.0883,-0.0031168
7.1154,-0.0020903
7.1426,-0.0015941
7.1698,-0.0011736
7.1969,4.6146e-05
7.2241,0.0017236
7.2512,0.0030173
7.2784,0.0039723
7.3055,0.0045292
7.3327,0.0046018
7.3599,0.0034967
7.387,0.0028321
7.4142,0.0034204
7.4413,0.0022979
7.4685,0.0010393
7.4957,0.00091881
7.5228,0.0018337
7.55,0.0025873
7.5771,0.0027138
7.6043,0.0029939
7.6314,0.0034985
7.6586,0.0040685
7.6858,0.0033466
7.7129,0.0031526
7.7401,0.0026763
7.7672,0.0033112
7.7944,0.0030445
7.8216,0.0029777
7.8487,0.0034972
7.8759,0.0035131
7.903,0.0028465
7.9302,0.0029948
7.9573,0.0029641
7.9845,0.0024492
8.0117,0.0025348
8.0388,0.0030306
8.066,0.0020862
8.0931,0.0019272
8.1203,0.0029456
8.1474,0.0042891
8.1746,0.0050211
8.2018,0.0046829
8.2289,0.0044145
8.2561,0.0064865
8.2832,0.0091136
8.3104,0.011196
8.3376,0.012481
8.3647,0.014001
8.3919,0.016792
8.419,0.021211
8.4462,0.026172
8.4733,0.031884
8.5005,0.040136
8.5277,0.04979
8.5548,0.061674
8.582,0.075741
8.6091,0.092372
8.6363,0.11418
8.6635,0.13927
8.6906,0.16709
8.7178,0.19809
8.7449,0.23379
8.7721,0.27408
8.7992,0.31754
8.8264,0.36502
8.8536,0.41827
8.8807,0.47978
8.9079,0.54856
8.935,0.6247
8.9622,0.7107
8.9894,0.8085
9.0165,0.91412
9.0437,1.0324
9.0708,1.1643
9.098,1.3127
9.1251,1.4761
9.1523,1.6552
9.1795,1.8493
9.2066,2.0564
9.2338,2.2688
9.2609,2.4774
9.2881,2.6741
9.3153,2.8508
9.3424,2.9892
9.3696,3.0742
9.3967,3.081
9.4239,2.9907
9.451,2.7909
9.4782,2.4711
9.5054,2.0454
9.5325,1.5201
9.5597,0.90528
9.5868,0.24001
9.614,-0.43013
9.6411,-1.0752
9.6683,-1.6437
9.6955,-2.1268
9.7226,-2.4868
9.7498,-2.7258
9.7769,-2.848
9.8041,-2.8617
9.8313,-2.7811
9.8584,-2.6349
9.8856,-2.4435
9.9127,-2.2181
9.9399,-1.9897
9.967,-1.7668
9.9942,-1.5615
10.021,-1.3777
10.049,-1.2208
10.076,-1.0903
10.103,-0.98042
10.13,-0.88595
10.157,-0.80335
10.184,-0.72848
10.211,-0.65545
10.239,-0.58353
10.266,-0.51245
10.293,-0.44433
10.32,-0.38059
10.347,-0.32237
10.374,-0.27047
10.402,-0.22689
10.429,-0.1929
10.456,-0.16955
10.483,-0.15334
10.51,-0.14442
10.537,-0.14078
10.565,-0.13825
10.592,-0.13562
10.619,-0.13238
10.646,-0.12694
10.673,-0.11837
10.7,-0.10796
10.727,-0.09756
10.755,-0.087356
10.782,-0.077174
10.809,-0.067401
10.836,-0.058829
10.863,-0.052277
10.89,-0.048793
10.918,-0.044526
10.945,-0.040609
10.972,-0.038783
10.999,-0.038113
11.026,-0.038115
11.053,-0.037425
11.081,-0.036684
11.108,-0.037168
11.135,-0.037629
11.162,-0.03739
11.189,-0.037404
11.216,-0.037252
11.243,-0.036731
11.271,-0.033997
11.298,-0.030939
11.325,-0.02805
11.352,-0.0245
11.379,-0.020689
11.406,-0.016104
11.434,-0.012318
11.461,-0.0097112
11.488,-0.0083128
11.515,-0.007243
11.542,-0.0078676
11.569,-0.01151
11.597,-0.015943
11.624,-0.021748
11.651,-0.028377
11.678,-0.033828
11.705,-0.039142
11.732,-0.043226
11.759,-0.04609
11.787,-0.047691
11.814,-0.047245
11.841,-0.044426
11.868,-0.040167
11.895,-0.035907
11.922,-0.031477
11.95,-0.026126
11.977,-0.02144
12.004,-0.017936
12.031,-0.013847
12.058,-0.011367
12.085,-0.009711
12.113,-0.0087087
12.14,-0.0073501
12.167,-0.0062908
12.194,-0.0055438
12.221,-0.0052924
12.248,-0.0050744
12.275,-0.0048358
12.303,-0.0059764
12.33,-0.0073367
12.357,-0.0087357
12.384,-0.0092116
12.411,-0.010582
12.438,-0.012894
12.466,-0.014324
12.493,-0.015303
12.52,-0.016074
12.547,-0.016442
12.574,-0.016601
12.601,-0.016785
12.629,-0.017609
12.656,-0.019389
12.683,-0.021265
12.71,-0.022705
12.737,-0.02609
12.764,-0.028675
12.791,-0.032348
12.819,-0.036915
12.846,-0.040092
12.873,-0.040513
12.9,-0.038918
12.927,-0.037393
12.954,-0.036248
12.982,-0.033235
13.009,-0.028171
13.036,-0.022605
13.063,-0.017465
13.09,-0.01241
13.117,-0.0070604
13.145,-0.00087529
13.172,0.0052467
13.199,0.011562
13.226,0.017322
13.253,0.023284
13.28,0.02864
13.308,0.032837
13.335,0.035179
13.362,0.03623
13.389,0.037915
13.416,0.037487
13.443,0.034631
13.47,0.030058
13.498,0.025264
13.525,0.02221
13.552,0.02009
13.579,0.017978
13.606,0.016034
13.633,0.014997
13.661,0.015096
13.688,0.015756
13.715,0.018478
13.742,0.020966
13.769,0.023369
13.796,0.026682
13.824,0.028925
13.851,0.029969
13.878,0.03014
13.905,0.029631
13.932,0.029809
13.959,0.031044
13.986,0.02993
14.014,0.027133
14.041,0.025298
14.068,0.024477
14.095,0.023701
14.122,0.023789
14.149,0.024275
14.177,0.025476
14.204,0.027258
14.231,0.028776
14.258,0.030246
14.285,0.032231
14.312,0.034132
14.34,0.034607
14.367,0.03373
14.394,0.032158
14.421,0.030869
14.448,0.029797
14.475,0.027555
14.502,0.024784
14.53,0.022205
14.557,0.019369
14.584,0.016401
14.611,0.013236
14.638,0.009567
14.665,0.0057751
14.693,0.0020032
14.72,-0.0014136
14.747,-0.005706
14.774,-0.008977
14.801,-0.011485
14.828,-0.012891
14.856,-0.01378
14.883,-0.013953
14.91,-0.013158
14.937,-0.010654
14.964,-0.0084842
14.991,-0.0074863
15.018,-0.0062131
15.046,-0.0052223
15.073,-0.0061758
15.1,-0.0077508
15.127,-0.010429
15.154,-0.01358
15.181,-0.017618
15.209,-0.022831
15.236,-0.026869
15.263,-0.029199
15.29,-0.031357
15.317,-0.033529
15.344,-0.03486
15.372,-0.035754
15.399,-0.037324
15.426,-0.039121
15.453,-0.040522
15.48,-0.042117
15.507,-0.043418
15.534,-0.044927
15.562,-0.047275
15.589,-0.049743
15.616,-0.052063
15.643,-0.054502
15.67,-0.056868
15.697,-0.059823
15.725,-0.064742
15.752,-0.069169
15.779,-0.074603
15.806,-0.079675
15.833,-0.084243
15.86,-0.087618
15.888,-0.090183
15.915,-0.09258
15.942,-0.094153
15.969,-0.094731
15.996,-0.094352
16.023,-0.092885
16.05,-0.092095
16.078,-0.091109
16.105,-0.089937
16.132,-0.089212
16.159,-0.088824
16.186,-0.087629
16.213,-0.086527
16.241,-0.087616
16.268,-0.088975
16.295,-0.088765
16.322,-0.088623
16.349,-0.089068
16.376,-0.088418
16.404,-0.086411
16.431,-0.084756
16.458,-0.084369
16.485,-0.083272
16.512,-0.080836
16.539,-0.079001
16.566,-0.077295
16.594,-0.075902
16.621,-0.074429
16.648,-0.072774
16.675,-0.071186
16.702,-0.068961
16.729,-0.0653
16.757,-0.061944
16.784,-0.060141
16.811,-0.05832
16.838,-0.055871
16.865,-0.052995
16.892,-0.051183
16.92,-0.052175
16.947,-0.055075
16.974,-0.056757
17.001,-0.058218
17.028,-0.059383
17.055,-0.062428
17.082,-0.065117
17.11,-0.066984
17.137,-0.068036
17.164,-0.067521
17.191,-0.065781
17.218,-0.063591
17.245,-0.061282
17.273,-0.059033
17.3,-0.056728
17.327,-0.054062
17.354,-0.050977
17.381,-0.048102
17.408,-0.045653
17.436,-0.043248
17.463,-0.039786
17.49,-0.035205
17.517,-0.031226
17.544,-0.027678
17.571,-0.025761
17.598,-0.023602
17.626,-0.020995
17.653,-0.01898
17.68,-0.018577
17.707,-0.017928
17.734,-0.01643
17.761,-0.015759
17.789,-0.015789
17.816,-0.014549
17.843,-0.010716
17.87,-0.0062809
17.897,-0.0027852
17.924,0.00077868
17.952,0.0051011
17.979,0.0099835
18.006,0.012927
18.033,0.015088
18.06,0.015998
18.087,0.016555
18.114,0.016967
18.142,0.016578
18.169,0.015623
18.196,0.014883
18.223,0.014545
18.25,0.013833
18.277,0.011868
18.305,0.011067
18.332,0.01001
18.359,0.0077246
18.386,0.0048938
18.413,0.0020299
18.44,-0.000464
18.468,-0.0018294
18.495,-0.0026482
18.522,-0.0041651
18.549,-0.0043164
18.576,-0.0016605
18.603,0.0003664
18.631,0.0022041
18.658,0.0035153
18.685,0.0050514
18.712,0.0074583
18.739,0.0092916
18.766,0.010701
18.793,0.012463
18.821,0.013744
18.848,0.015371
18.875,0.016051
18.902,0.017342
18.929,0.019015
18.956,0.020747
18.984,0.022978
19.011,0.024995
19.038,0.026903
19.065,0.028477
19.092,0.028636
19.119,0.028603
19.147,0.029168
19.174,0.03001
19.201,0.030426
19.228,0.02978
19.255,0.029964
19.282,0.030454
19.309,0.030974
19.337,0.03081
19.364,0.030722
19.391,0.030357
19.418,0.029008
19.445,0.027365
19.472,0.025639
19.5,0.024477
19.527,0.023696
19.554,0.022009
19.581,0.019661
19.608,0.016587
19.635,0.015211
19.663,0.014923
19.69,0.013487
19.717,0.011951
19.744,0.010082
19.771,0.008137
19.798,0.0064336
19.825,0.0039574
19.853,0.0009869
19.88,-0.0024509
19.907,-0.0054066
19.934,-0.0083299
19.961,-0.012282
19.988,-0.016838
20.016,-0.01928
20.043,-0.019222
20.07,-0.018178
20.097,-0.016817
20.124,-0.014965
20.151,-0.012145
20.179,-0.0081703
20.206,-0.0040316
20.233,3.2733e-05
20.26,0.0038285
20.287,0.0068199
20.314,0.0095953
20.341,0.010636
20.369,0.011486
20.396,0.012653
20.423,0.013427
20.45,0.015049
20.477,0.016516
20.504,0.017439
20.532,0.018281
20.559,0.019863
20.586,0.023218
20.613,0.028302
20.64,0.033356
20.667,0.039515
20.695,0.046853
20.722,0.056095
20.749,0.066048
20.776,0.077242
20.803,0.089856
20.83,0.1033
20.857,0.11745
20.885,0.13319
20.912,0.15184
20.939,0.17251
20.966,0.19438
20.993,0.21699
21.02,0.24232
21.048,0.27131
21.075,0.30419
21.102,0.33963
21.129,0.37701
21.156,0.41755
21.183,0.4605
21.211,0.50383
21.238,0.54357
21.265,0.57848
21.292,0.60716
21.319,0.62571
21.346,0.62813
21.373,0.60917
21.401,0.565
21.428,0.49508
21.455,0.39837
21.482,0.27954
21.509,0.1447
21.536,-0.0014617
21.564,-0.15176
21.591,-0.29713
21.618,-0.42638
21.645,-0.53006
21.672,-0.60382
21.699,-0.64586
21.727,-0.65826
21.754,-0.6453
21.781,-0.61084
21.808,-0.56007
21.835,-0.49971
21.862,-0.43519
21.889,-0.37138
21.917,-0.31339
21.944,-0.26366
21.971,-0.22263
21.998,-0.18952
22.025,-0.16207
22.052,-0.13941
22.08,-0.12075
22.107,-0.1063
22.134,-0.093188
22.161,-0.079162
22.188,-0.0663
22.215,-0.052199
22.243,-0.03763
22.27,-0.024843
22.297,-0.013389
22.324,-0.0051952
22.351,0.00064461
22.378,0.0060269
22.405,0.010709
22.433,0.013002
22.46,0.013061
22.487,0.012678
22.514,0.012241
22.541,0.011325
22.568,0.010133
22.596,0.0094326
22.623,0.0089845
22.65,0.0089812
22.677,0.0091086
22.704,0.0096568
22.731,0.010629
22.759,0.012353
22.786,0.014408
22.813,0.015949
22.84,0.015535
22.867,0.015674
22.894,0.016677
22.921,0.018126
22.949,0.019741
22.976,0.020243
23.003,0.018935
23.03,0.016659
23.057,0.014458
23.084,0.013748
23.112,0.011343
23.139,0.0085902
23.166,0.0068279
23.193,0.0063494
23.22,0.007513
23.247,0.0092738
23.275,0.010662
23.302,0.011872
23.329,0.012031
23.356,0.013039
23.383,0.014581
23.41,0.016785
23.437,0.018175
23.465,0.018026
23.492,0.016477
23.519,0.014239
23.546,0.011773
23.573,0.0095275
23.6,0.0074917
23.628,0.0052553
23.655,0.0028461
23.682,-0.00063256
23.709,-0.0036228
23.736,-0.0060968
23.763,-0.0080094
23.791,-0.009068
23.818,-0.0098078
23.845,-0.010963
23.872,-0.011773
23.899,-0.010547
23.926,-0.008391
23.954,-0.0061728
23.981,-0.0037379
24.008,-0.0021406
24.035,-0.0011355
24.062,0.0004088
24.089,0.001842
24.116,0.0020863
24.144,0.0012653
24.171,0.00041829
24.198,-0.0011243
24.225,-0.0033654
24.252,-0.0056058
24.279,-0.0074937
24.307,-0.0099003
24.334,-0.012753
24.361,-0.016164
24.388,-0.019334
24.415,-0.020586
24.442,-0.021592
24.47,-0.022418
24.497,-0.024139
24.524,-0.026623
24.551,-0.027287
24.578,-0.026589
24.605,-0.02602
24.632,-0.026437
24.66,-0.028331
24.687,-0.030864
24.714,-0.032724
24.741,-0.034683
24.768,-0.036437
24.795,-0.039444
24.823,-0.043168
24.85,-0.046031
24.877,-0.048378
24.904,-0.050952
24.931,-0.053155
24.958,-0.053236
24.986,-0.052176
25.013,-0.04872
25.04,-0.044568
25.067,-0.039052
25.094,-0.033411
25.121,-0.028249
25.148,-0.024116
25.176,-0.02029
25.203,-0.015964
25.23,-0.012715
25.257,-0.011744
25.284,-0.012186
25.311,-0.014514
25.339,-0.015073
25.366,-0.016369
25.393,-0.018496
25.42,-0.021572
25.447,-0.024525
25.474,-0.026897
25.502,-0.029597
25.529,-0.032288
25.556,-0.034217
25.583,-0.036444
25.61,-0.037173
25.637,-0.037062
25.664,-0.035262
25.692,-0.03181
25.719,-0.027354
25.746,-0.023162
25.773,-0.019024
25.8,-0.013823
25.827,-0.0087446
25.855,-0.005089
25.882,-0.0030757
25.909,-0.0025154
25.936,-0.0017019
25.963,-0.0018693
25.99,-0.0034221
26.018,-0.0048694
26.045,-0.0069588
26.072,-0.0091725
26.099,-0.0099078
26.126,-0.010005
26.153,-0.0091947
26.18,-0.0085041
26.208,-0.0081838
26.235,-0.00793
26.262,-0.0070899
26.289,-0.0055156
26.316,-0.0052791
26.343,-0.0057863
26.371,-0.0070149
26.398,-0.007882
26.425,-0.0089082
26.452,-0.0097737
26.479,-0.010689
26.506,-0.011921
26.534,-0.013314
26.561,-0.014154
26.588,-0.015476
26.615,-0.016261
26.642,-0.015433
26.669,-0.014891
26.696,-0.0147
26.724,-0.014014
26.751,-0.012832
26.778,-0.010858
26.805,-0.0080677
26.832,-0.0051781
26.859,-0.0035273
26.887,-0.0024565
26.914,-0.00086675
26.941,0.0018713
26.968,0.0032591
26.995,0.0047132
27.022,0.0047246
27.05,0.0042729
27.077,0.0039887
27.104,0.0033452
27.131,0.0022481
27.158,0.00068732
27.185,-0.00097433
27.212,-0.0038992
27.24,-0.0073146
27.267,-0.010421
27.294,-0.011696
27.321,-0.012045
27.348,-0.01322
27.375,-0.013522
27.403,-0.014337
27.43,-0.015239
27.457,-0.01513
27.484,-0.013647
27.511,-0.011863
27.538,-0.011075
27.566,-0.009039
27.593,-0.0073961
27.62,-0.0061038
27.647,-0.0049087
27.674,-0.0037716
27.701,-0.0030245
27.728,-0.0029979
27.756,-0.0034934
27.783,-0.0051833
27.81,-0.0069584
27.837,-0.0076718
27.864,-0.0084284
27.891,-0.010146
27.919,-0.012393
27.946,-0.0138
27.973,-0.013921
28,-0.013789
28.027,-0.013467
28.054,-0.012839
28.082,-0.012565
28.109,-0.010016
28.136,-0.0083793
28.163,-0.007587
28.19,-0.0074358
28.217,-0.0073735
28.244,-0.007789
28.272,-0.0088549
28.299,-0.0097156
28.326,-0.010234
28.353,-0.011541
28.38,-0.01322
28.407,-0.013333
28.435,-0.01222
28.462,-0.012081
28.489,-0.013407
28.516,-0.015415
28.543,-0.015764
28.57,-0.014493
28.598,-0.01214
28.625,-0.0095615
28.652,-0.00788
28.679,-0.0053691
28.706,-0.0017494
28.733,0.0010107
28.76,0.0030141
28.788,0.0045306
28.815,0.0042262
28.842,0.0032094
28.869,0.0023066
28.896,0.00075719
28.923,-0.0012635
28.951,-0.003453
28.978,-0.0059613
29.005,-0.0091662
29.032,-0.012762
29.059,-0.015568
29.086,-0.017681
29.114,-0.018696
29.141,-0.019412
29.168,-0.019598
29.195,-0.01885
29.222,-0.01684
29.249,-0.013079
29.277,-0.0085422
29.304,-0.0045625
29.331,-0.0011911
29.358,0.0031042
29.385,0.0078699
29.412,0.01154
29.439,0.014376
29.467,0.016476
29.494,0.016001
29.521,0.014545
29.548,0.013763
29.575,0.012314
29.602,0.009589
29.63,0.0068282
29.657,0.0049416
29.684,0.0042878
29.711,0.0047081
29.738,0.0060729
29.765,0.0064959
29.793,0.0064141
29.82,0.007398
29.847,0.0094086
29.874,0.011901
29.901,0.014143
29.928,0.015761
29.955,0.017326
29.983,0.019774
30.01,0.022327
30.037,0.022635
30.064,0.021514
30.091,0.019128
30.118,0.017362
30.146,0.015441
30.173,0.013693
30.2,0.011799
30.227,0.010006
30.254,0.0083693
30.281,0.0075145
30.309,0.0077131
30.336,0.0092245
30.363,0.011145
30.39,0.013098
30.417,0.01441
30.444,0.01491
30.471,0.015035
30.499,0.015761
30.526,0.01718
30.553,0.017901
30.58,0.01785
30.607,0.017616
30.634,0.016549
30.662,0.01639
30.689,0.016358
30.716,0.015618
30.743,0.015193
30.77,0.015533
30.797,0.015903
30.825,0.015603
30.852,0.015278
30.879,0.01463
30.906,0.013863
30.933,0.013284
30.96,0.013172
30.987,0.013932
31.015,0.014784
31.042,0.015643
31.069,0.017897
31.096,0.020812
31.123,0.023407
31.15,0.025614
31.178,0.026665
31.205,0.026229
31.232,0.024894
31.259,0.023417
31.286,0.021731
31.313,0.019422
31.341,0.017786
31.368,0.016147
31.395,0.014375
31.422,0.012728
31.449,0.011586
31.476,0.011308
31.503,0.01142
31.531,0.011998
31.558,0.012411
31.585,0.011471
31.612,0.010655
31.639,0.010545
31.666,0.010531
31.694,0.011375
31.721,0.012239
31.748,0.012596
31.775,0.012297
31.802,0.011893
31.829,0.010758
31.857,0.0082818
31.884,0.0062572
31.911,0.0051119
31.938,0.003813
31.965,0.0013368
31.992,-0.00033018
32.019,-0.00061964
32.047,0.00067813
32.074,0.0025826
32.101,0.0039891
32.128,0.0053953
32.155,0.0072651
32.182,0.0095078
32.21,0.011774
32.237,0.012507
32.264,0.013524
32.291,0.014289
32.318,0.014209
32.345,0.013733
32.373,0.013283
32.4,0.013601
32.427,0.012724
32.454,0.011718
32.481,0.01173
32.508,0.012107
32.535,0.011102
32.563,0.011211
32.59,0.012032
32.617,0.012959
32.644,0.013265
32.671,0.014715
32.698,0.017565
32.726,0.020359
32.753,0.022945
32.78,0.026588
32.807,0.03177
32.834,0.03706
32.861,0.042082
32.889,0.049546
32.916,0.057058
32.943,0.064347
32.97,0.071039
32.997,0.078606
33.024,0.086975
33.051,0.095181
33.079,0.10231
33.106,0.10796
33.133,0.11441
33.16,0.11879
33.187,0.12176
33.214,0.12278
33.242,0.12042
33.269,0.114
33.296,0.1035
33.323,0.089008
33.35,0.070331
33.377,0.046591
33.405,0.017556
33.432,-0.012998
33.459,-0.045105
33.486,-0.075731
33.513,-0.10241
33.54,-0.1234
33.567,-0.13776
33.595,-0.14559
33.622,-0.14758
33.649,-0.1429
33.676,-0.13198
33.703,-0.119
33.73,-0.10476
33.758,-0.089404
33.785,-0.074279
33.812,-0.060841
33.839,-0.049683
33.866,-0.04051
33.893,-0.033203
33.921,-0.027507
33.948,-0.023434
33.975,-0.020596
34.002,-0.017458
34.029,-0.014661
34.056,-0.011232
34.083,-0.0079939
34.111,-0.0052872
34.138,-0.0035243
34.165,-0.0015481
34.192,7.4448e-05
34.219,1.1321e-05
34.246,-0.00077934
34.274,-0.0017817
34.301,-0.0030888
34.328,-0.0041566
34.355,-0.0050145
34.382,-0.0061985
34.409,-0.0074571
34.437,-0.0068516
34.464,-0.0055241
34.491,-0.0045942
34.518,-0.0042498
34.545,-0.002822
34.572,-0.0007505
34.6,4.2058e-05
34.627,0.0009608
34.654,0.0020273
34.681,0.0034189
34.708,0.0040395
34.735,0.003688
34.762,0.0029187
34.79,0.0014538
34.817,-0.00065952
34.844,-0.0023038
34.871,-0.0031114
34.898,-0.0039074
34.925,-0.0045698
34.953,-0.0059641
34.98,-0.006369
35.007,-0.0062173
35.034,-0.0052887
35.061,-0.0036688
35.088,-0.0018491
35.116,0.00012926
35.143,0.0014808
35.17,0.001869
35.197,0.0026202
35.224,0.0031121
35.251,0.0036391
35.278,0.0040668
35.306,0.0040891
35.333,0.0031482
35.36,0.0017381
35.387,0.00078274
35.414,-0.0006788
35.441,-0.0033057
35.469,-0.0055261
35.496,-0.0064305
35.523,-0.0066485
35.55,-0.0073787
35.577,-0.0091313
35.604,-0.010524
35.632,-0.011175
35.659,-0.012296
35.686,-0.013825
35.713,-0.014432
35.74,-0.013444
35.767,-0.011292
35.794,-0.0097676
35.822,-0.008693
35.849,-0.0071546
35.876,-0.0059587
35.903,-0.0060132
35.93,-0.0062256
35.957,-0.0060378
35.985,-0.006092
36.012,-0.0060162
36.039,-0.0064144
36.066,-0.0071557
36.093,-0.0083809
36.12,-0.0088117
36.148,-0.0097526
36.175,-0.011015
36.202,-0.011846
36.229,-0.011499
36.256,-0.010372
36.283,-0.0094269
36.31,-0.0090965
36.338,-0.0086804
36.365,-0.0082899
36.392,-0.0081123
36.419,-0.0076354
36.446,-0.0074215
36.473,-0.0076633
36.501,-0.0083221
36.528,-0.0090123
36.555,-0.0096444
36.582,-0.01069
36.609,-0.012719
36.636,-0.015179
36.664,-0.017005
36.691,-0.017594
36.718,-0.019318
36.745,-0.020793
36.772,-0.020489
36.799,-0.018966
36.826,-0.017657
36.854,-0.017945
36.881,-0.017709
36.908,-0.015582
36.935,-0.013025
36.962,-0.011543
36.989,-0.011031
37.017,-0.0096968
37.044,-0.0074538
37.071,-0.0059602
37.098,-0.0054923
37.125,-0.0045055
37.152,-0.0028678
37.18,-0.0029076
37.207,-0.0038794
37.234,-0.0041104
37.261,-0.004869
37.288,-0.0063812
37.315,-0.0088783
37.342,-0.010709
37.37,-0.011801
37.397,-0.013866
37.424,-0.016681
37.451,-0.018167
37.478,-0.018474
37.505,-0.018875
37.533,-0.018973
37.56,-0.018438
37.587,-0.018595
37.614,-0.018638
37.641,-0.017629
37.668,-0.015681
37.696,-0.012906
37.723,-0.010177
37.75,-0.0087051
37.777,-0.0078588
37.804,-0.00768
37.831,-0.0058884
37.858,-0.004933
37.886,-0.0050783
37.913,-0.0046271
37.94,-0.0042114
37.967,-0.0046257
37.994,-0.0057325
38.021,-0.0064104
38.049,-0.0069273
38.076,-0.0077676
38.103,-0.0084425
38.13,-0.0093567
38.157,-0.010093
38.184,-0.010447
38.212,-0.0095755
38.239,-0.0090996
38.266,-0.0097326
38.293,-0.011074
38.32,-0.011962
38.347,-0.012639
38.374,-0.013422
38.402,-0.014174
38.429,-0.014781
38.456,-0.016453
38.483,-0.018067
38.51,-0.018289
38.537,-0.01777
38.565,-0.018201
38.592,-0.018043
38.619,-0.016177
38.646,-0.013865
38.673,-0.011561
38.7,-0.0091349
38.728,-0.0066006
38.755,-0.0048608
38.782,-0.0040948
38.809,-0.0039636
38.836,-0.004138
38.863,-0.0048046
38.89,-0.0058316
38.918,-0.0062934
38.945,-0.0072215
38.972,-0.0084194
38.999,-0.0094276
39.026,-0.0097957
39.053,-0.0098639
39.081,-0.0094704
39.108,-0.008984
39.135,-0.0087884
39.162,-0.010695
39.189,-0.011893
39.216,-0.013207
39.244,-0.015864
39.271,-0.017467
39.298,-0.017907
39.325,-0.018801
39.352,-0.019958
39.379,-0.020199
39.406,-0.018831
39.434,-0.015998
39.461,-0.013817
39.488,-0.011921
39.515,-0.010234
39.542,-0.0094319
39.569,-0.0091177
39.597,-0.0082926
39.624,-0.0074358
39.651,-0.0074553
39.678,-0.0080196
39.705,-0.0084594
39.732,-0.0092996
39.76,-0.0097652
39.787,-0.0092685
39.814,-0.0089572
39.841,-0.010036
39.868,-0.010986
39.895,-0.011319
39.923,-0.010949
39.95,-0.010306
39.977,-0.0095106
40.004,-0.0088221
40.031,-0.0082983
40.058,-0.0070846
40.085,-0.0061435
40.113,-0.0056769
40.14,-0.0057077
40.167,-0.0057806
40.194,-0.0061639
40.221,-0.0074134
40.248,-0.0098177
40.276,-0.011903
40.303,-0.012331
40.33,-0.01167
40.357,-0.010802
40.384,-0.0099357
40.411,-0.0090129
40.439,-0.008181
40.466,-0.0072945
40.493,-0.0065012
40.52,-0.005618
40.547,-0.0044346
40.574,-0.0041115
40.601,-0.0042598
40.629,-0.0044149
40.656,-0.0043105
40.683,-0.0037366
40.71,-0.0029569
40.737,-0.0020409
40.764,-0.0021496
40.792,-0.0026904
40.819,-0.0019954
40.846,-0.0022099
40.873,-0.0046179
40.9,-0.0067183
40.927,-0.0077923
40.955,-0.0091132
40.982,-0.011337
41.009,-0.013001
41.036,-0.014182
41.063,-0.015171
41.09,-0.016641
41.117,-0.01718
41.145,-0.016961
41.172,-0.015658
41.199,-0.015087
41.226,-0.012814
41.253,-0.0097027
41.28,-0.0065014
41.308,-0.0034219
41.335,-0.00088345
41.362,0.00092507
41.389,0.0023246
41.416,0.0031119
41.443,0.0023415
41.471,0.00090985
41.498,-0.00078829
41.525,-0.0018937
41.552,-0.0030139
41.579,-0.0041038
41.606,-0.0054972
41.633,-0.0066263
41.661,-0.0065464
41.688,-0.0059993
41.715,-0.0056791
41.742,-0.0056368
41.769,-0.0068752
41.796,-0.0062302
41.824,-0.0049627
41.851,-0.0044365
41.878,-0.003963
41.905,-0.0038011
41.932,-0.0042906
41.959,-0.0048924
41.987,-0.0044335
42.014,-0.0029401
42.041,-0.0032749
42.068,-0.004236
42.095,-0.0046873
42.122,-0.0054962
42.149,-0.0062124
42.177,-0.0062613
42.204,-0.005768
42.231,-0.0054957
42.258,-0.00545
42.285,-0.0043551
42.312,-0.0028652
42.34,-0.0019263
42.367,-0.0014202
42.394,-0.00090578
42.421,-0.00071263
42.448,-0.0020274
42.475,-0.0028426
42.503,-0.004619
42.53,-0.0055711
42.557,-0.004927
42.584,-0.0052439
42.611,-0.0056727
42.638,-0.0058792
42.665,-0.0050362
42.693,-0.0040731
42.72,-0.0031887
42.747,-0.0024224
42.774,-0.0019995
42.801,-0.0014503
42.828,-0.0011749
42.856,-0.0024339
42.883,-0.0041964
42.91,-0.0040888
42.937,-0.0039448
42.964,-0.003895
42.991,-0.003482
43.019,-0.0028124
43.046,-0.0022015
43.073,-0.0012094
43.1,-0.00050441
43.127,0.00078423
43.154,0.0012836
43.181,0.0021893
43.209,0.0037793
43.236,0.0047145
43.263,0.0047865
43.29,0.0045248
43.317,0.0039762
43.344,0.0036034
43.372,0.0033648
43.399,0.0026053
43.426,0.0016863
43.453,0.00057097
43.48,-0.00051226
43.507,-0.0019442
43.535,-0.0035697
43.562,-0.0047405
43.589,-0.0041481
43.616,-0.0027352
43.643,-0.0017798
43.67,-0.00033697
43.697,0.001927
43.725,0.0031945
43.752,0.0043909
43.779,0.0050583
43.806,0.0042163
43.833,0.0029232
43.86,0.0025185
43.888,0.0019714
43.915,0.0011311
43.942,-0.00010022
43.969,-0.00013272
43.996,0.00024189
44.023,0.0011934
44.051,0.0017783
44.078,0.0023715
44.105,0.0035121
44.132,0.0040926
44.159,0.0034704
44.186,0.0035175
44.213,0.0049474
44.241,0.0055848
44.268,0.0055315
44.295,0.0052954
44.322,0.0050538
44.349,0.0053683
44.376,0.0058602
44.404,0.0062854
44.431,0.0062621
44.458,0.005814
44.485,0.0052808
44.512,0.0044568
44.539,0.0032151
44.567,0.0019649
44.594,0.0004378
44.621,-0.0011706
44.648,-0.0014448
44.675,-0.001019
44.702,-0.00031572
44.729,0.00037152
44.757,0.0012762
44.784,0.0020576
44.811,0.0039366
44.838,0.0067788
44.865,0.010065
44.892,0.012915
44.92,0.015507
44.947,0.018077
44.974,0.01975
45.001,0.020848
45.028,0.024311
45.055,0.027035
45.083,0.02723
45.11,0.027014
45.137,0.026657
45.164,0.026153
45.191,0.025093
45.218,0.022289
45.246,0.017447
45.273,0.01187
45.3,0.0064803
45.327,4.5453e-05
45.354,-0.0065763
45.381,-0.012579
45.408,-0.016734
45.436,-0.021812
45.463,-0.027564
45.49,-0.030747
45.517,-0.031479
45.544,-0.030574
45.571,-0.028662
45.599,-0.026251
45.626,-0.023034
45.653,-0.019072
45.68,-0.014429
45.707,-0.0096116
45.734,-0.0064603
45.762,-0.0047181
45.789,-0.0029617
45.816,-0.0019393
45.843,-0.0012422
45.87,-8.2184e-05
45.897,0.0011648
45.924,0.0015444
45.952,0.00036341
45.979,-0.0011381
46.006,-0.00093343
46.033,0.00039573
46.06,0.0020508
46.087,0.0032632
46.115,0.0034975
46.142,0.0028215
46.169,0.0021198
46.196,0.0018635
46.223,0.0026406
46.25,0.0034025
46.278,0.0025924
46.305,0.0020631
46.332,0.0016067
46.359,0.0010798
46.386,0.00019702
46.413,0.00053962
46.44,0.00052737
46.468,0.00028134
46.495,0.00041083
46.522,0.00018464
46.549,0.0004804
46.576,0.0014156
46.603,0.0024795
46.631,0.0029049
46.658,0.0033595
46.685,0.0043149
46.712,0.0050567
46.739,0.0052746
46.766,0.0055426
46.794,0.0053106
46.821,0.0046312
46.848,0.0044701
46.875,0.0042721
46.902,0.0032541
46.929,0.0044168
46.956,0.0062064
46.984,0.0066264
47.011,0.0066894
47.038,0.0069423
47.065,0.0058869
47.092,0.0055859
47.119,0.0069072
47.147,0.0075989
47.174,0.0064062
47.201,0.0059149
47.228,0.006005
47.255,0.0072594
47.282,0.0084148
47.31,0.0083978
47.337,0.0084699
47.364,0.0093071
47.391,0.010115
47.418,0.010218
47.445,0.00939
47.472,0.0081048
47.5,0.007698
47.527,0.0066319
47.554,0.0058873
47.581,0.0056695
47.608,0.0054779
47.635,0.0048236
47.663,0.0041014
47.69,0.0042869
47.717,0.0051195
47.744,0.0062565
47.771,0.0069294
47.798,0.0083447
47.826,0.0093315
47.853,0.010302
47.88,0.011289
47.907,0.012255
47.934,0.012443
47.961,0.011958
47.988,0.012085
48.016,0.012596
48.043,0.01237
48.07,0.01209
48.097,0.010693
48.124,0.0092148
48.151,0.0089353
48.179,0.008182
48.206,0.0070699
48.233,0.0072613
48.26,0.0082914
48.287,0.0084016
48.314,0.0081608
48.342,0.0094017
48.369,0.010798
48.396,0.011837
48.423,0.013196
48.45,0.012977
48.477,0.013579
48.504,0.014646
48.532,0.015255
48.559,0.015841
48.586,0.014972
48.613,0.013039
48.64,0.011439
48.667,0.011302
48.695,0.011522
48.722,0.010639
48.749,0.008945
48.776,0.0069779
48.803,0.0054991
48.83,0.0057135
48.858,0.0064843
48.885,0.006593
48.912,0.0074419
48.939,0.0081709
48.966,0.0083281
48.993,0.0090474
49.02,0.0094909
49.048,0.0093404
49.075,0.0087997
49.102,0.0088777
49.129,0.010216
49.156,0.011015
49.183,0.01159
49.211,0.012411
49.238,0.012673
49.265,0.012267
49.292,0.010647
49.319,0.0078927
49.346,0.0051198
49.374,0.0030322
49.401,0.00046616
49.428,-0.0023318
49.455,-0.0038408
49.482,-0.0037013
49.509,-0.0021764
49.536,-0.00069039
49.564,0.00033025
49.591,0.0021002
49.618,0.0046722
49.645,0.0058345
49.672,0.0074032
49.699,0.0074225
49.727,0.0063647
49.754,0.0053329
49.781,0.0043346
49.808,0.0027225
49.835,0.0015174
49.862,0.00072356
49.89,-0.00010348
49.917,-0.0010481
49.944,-0.00053547
49.971,0.00015634
49.998,-2.3307e-05
50.025,-0.00034925
50.052,-0.0003425
50.08,4.5984e-07
50.107,0.00073287
50.134,0.0003539
50.161,0.00042684
50.188,-5.227e-05
50.215,1.8703e-05
50.243,-0.00075843
50.27,-0.00068522
50.297,-0.0004716
50.324,-0.0014527
50.351,-0.0035546
50.378,-0.0048815
50.406,-0.0058781
50.433,-0.0062756
50.46,-0.0064891
50.487,-0.0071652
50.514,-0.0062531
50.541,-0.0040333
50.569,-0.0026657
50.596,-0.0022059
50.623,-0.0010901
50.65,-0.00026995
50.677,0.00082727
50.704,0.0010863
50.731,0.0020843
50.759,0.0032651
50.786,0.0046239
50.813,0.0059703
50.84,0.0062657
50.867,0.0063655
50.894,0.0068002
50.922,0.0064487
50.949,0.0054043
50.976,0.0037597
51.003,0.0028554
51.03,0.0026714
51.057,0.00088528
51.085,-0.00037283
51.112,-0.00067076
51.139,-0.00080326
51.166,-0.0014219
51.193,-0.0025655
51.22,-0.002581
51.247,-0.0013899
51.275,-0.0009494
51.302,-0.0010511
51.329,0.00018283
51.356,0.0019264
51.383,0.0030922
51.41,0.0035801
51.438,0.0047002
51.465,0.0052422
51.492,0.0056751
51.519,0.0054834
51.546,0.0052625
51.573,0.0057817
51.601,0.005185
51.628,0.0047921
51.655,0.00386
51.682,0.0028455
51.709,0.002293
51.736,0.0020297
51.763,0.0024654
51.791,0.0032916
51.818,0.0043638
51.845,0.0044309
51.872,0.0040209
51.899,0.0049276
51.926,0.0054398
51.954,0.0053337
51.981,0.004517
52.008,0.0058163
52.035,0.0070714
52.062,0.0078233
52.089,0.0081786
52.117,0.006331
52.144,0.0059998
52.171,0.0055749
52.198,0.0045094
52.225,0.0035489
52.252,0.0028209
52.279,0.0036161
52.307,0.0049075
52.334,0.0055414
52.361,0.0048656
52.388,0.0042376
52.415,0.0058857
52.442,0.0065501
52.47,0.00658
52.497,0.0084174
52.524,0.01012
52.551,0.0099396
52.578,0.010851
52.605,0.011888
52.633,0.013875
52.66,0.014267
52.687,0.014199
52.714,0.014726
52.741,0.015565
52.768,0.014044
52.795,0.010918
52.823,0.0092576
52.85,0.0077643
52.877,0.006428
52.904,0.0052952
52.931,0.0042109
52.958,0.0038545
52.986,0.0027804
53.013,0.00056207
53.04,0.00013279
53.067,0.0012042
53.094,0.0029776
53.121,0.0034315
53.149,0.0027683
53.176,0.0052311
53.203,0.0075666
53.23,0.0079811
53.257,0.011363
53.284,0.012748
53.311,0.013989
53.339,0.014144
53.366,0.014513
53.393,0.013759
53.42,0.013066
53.447,0.010528
53.474,0.0098038
53.502,0.010007
53.529,0.0067213
53.556,0.0069113
53.583,0.0059741
53.61,0.0061939
53.637,0.005086
53.665,0.0057358
53.692,0.005394
53.719,0.0061023
53.746,0.0058789
53.773,0.0069238
53.8,0.0080212
53.827,0.0070337
53.855,0.005813
53.882,0.0060033
53.909,0.0072749
53.936,0.0057327
53.963,0.0056857
53.99,0.0027046
54.018,0.0034584
54.045,0.0048855
54.072,0.005602
54.099,0.0037183
54.126,0.0036643
54.153,0.0067023
54.181,0.0070741
54.208,0.0084096
54.235,0.0087334
54.262,0.0090125
54.289,0.010978
