0.027158,-0.0030093
0.054316,-0.0035424
0.081474,-0.0091693
0.10863,-0.0084415
0.13579,-0.0092111
0.16295,-0.0089865
0.19011,-0.0082533
0.21726,-0.0083174
0.24442,-0.0085672
0.27158,-0.0084707
0.29874,-0.0066685
0.3259,-0.0079919
0.35305,-0.0094834
0.38021,-0.0095572
0.40737,-0.0076789
0.43453,-0.0090726
0.46169,-0.009679
0.48884,-0.0090104
0.516,-0.0090358
0.54316,-0.0085327
0.57032,-0.0077048
0.59748,-0.0081369
0.62463,-0.010594
0.65179,-0.010349
0.67895,-0.010833
0.70611,-0.010715
0.73327,-0.011557
0.76042,-0.010933
0.78758,-0.010856
0.81474,-0.011083
0.8419,-0.0099968
0.86906,-0.0096149
0.89621,-0.0098648
0.92337,-0.010026
0.95053,-0.0091071
0.97769,-0.0079966
1.0048,-0.0086994
1.032,-0.0083969
1.0592,-0.0085975
1.0863,-0.0089936
1.1135,-0.0083379
1.1406,-0.0081039
1.1678,-0.0090291
1.195,-0.0091778
1.2221,-0.0080743
1.2493,-0.0084992
1.2764,-0.0083027
1.3036,-0.008155
1.3307,-0.0079035
1.3579,-0.0074977
1.3851,-0.0071898
1.4122,-0.0073039
1.4394,-0.0064398
1.4665,-0.0065695
1.4937,-0.0077064
1.5208,-0.0083011
1.548,-0.0071986
1.5752,-0.0060125
1.6023,-0.005823
1.6295,-0.0060174
1.6566,-0.006132
1.6838,-0.0062973
1.711,-0.0063945
1.7381,-0.0061942
1.7653,-0.0057078
1.7924,-0.0061052
1.8196,-0.0061187
1.8467,-0.0060818
1.8739,-0.0054899
1.9011,-0.0051582
1.9282,-0.0058268
1.9554,-0.0065639
1.9825,-0.0078873
2.0097,-0.0080959
2.0369,-0.0074199
2.064,-0.0057236
2.0912,-0.0046522
2.1183,-0.0050349
2.1455,-0.004501
2.1726,-0.0036738
2.1998,-0.003277
2.227,-0.0043281
2.2541,-0.0045832
2.2813,-0.0047888
2.3084,-0.0040031
2.3356,-0.003351
2.3627,-0.0034908
2.3899,-0.0036673
2.4171,-0.0036243
2.4442,-0.0032953
2.4714,-0.0027294
2.4985,-0.0025282
2.5257,-0.0024082
2.5529,-0.0022921
2.58,-0.002599
2.6072,-0.0024861
2.6343,-0.0020725
2.6615,-0.0019631
2.6886,-0.0011504
2.7158,-0.0013332
2.743,-0.001828
2.7701,-0.00091866
2.7973,-0.00048817
2.8244,9.536e-05
2.8516,-0.00091721
2.8787,-0.00087498
2.9059,-0.00011488
2.9331,0.00027548
2.9602,0.00049465
2.9874,0.00017272
3.0145,0.00043717
3.0417,0.00051528
3.0689,-0.00059866
3.096,-0.00043345
3.1232,0.00038957
3.1503,0.00095194
3.1775,0.00057617
3.2046,-0.00031316
3.2318,-0.0011113
3.259,-0.00083157
3.2861,-0.0004469
3.3133,-0.00079402
3.3404,-0.0013083
3.3676,-0.00070178
3.3948,0.00071419
3.4219,0.00088983
3.4491,0.0008158
3.4762,0.00057778
3.5034,0.00019682
3.5305,-9.9124e-05
3.5577,-0.00068346
3.5849,-0.00098473
3.612,-0.00080994
3.6392,-0.00084903
3.6663,-0.00035678
3.6935,0.00062371
3.7206,0.0010585
3.7478,0.00077032
3.775,7.6514e-05
3.8021,-2.2707e-05
3.8293,0.00069474
3.8564,0.0010516
3.8836,0.0014168
3.9108,0.0014316
3.9379,0.0012818
3.9651,0.0012876
3.9922,0.0015667
4.0194,0.0014263
4.0465,0.0012742
4.0737,0.0010547
4.1009,0.0013468
4.128,0.0017376
4.1552,0.0018161
4.1823,0.0017736
4.2095,0.0019845
4.2366,0.0017304
4.2638,0.0012747
4.291,0.00094173
4.3181,0.00064987
4.3453,0.00034045
4.3724,-3.7693e-05
4.3996,-0.00015359
4.4268,-0.0008032
4.4539,-0.0018343
4.4811,-0.0019854
4.5082,-0.0021022
4.5354,-0.0013996
4.5625,-0.00026781
4.5897,-0.00075478
4.6169,-0.0016402
4.644,-0.0014024
4.6712,-0.0013678
4.6983,-0.0018564
4.7255,-0.0027392
4.7527,-0.0033041
4.7798,-0.0032103
4.807,-0.0031453
4.8341,-0.0039524
4.8613,-0.0050785
4.8884,-0.0048974
4.9156,-0.0042918
4.9428,-0.0041739
4.9699,-0.0037728
4.9971,-0.0037074
5.0242,-0.0041363
5.0514,-0.0046837
5.0785,-0.0043052
5.1057,-0.0035096
5.1329,-0.0031589
5.16,-0.002002
5.1872,-0.0012455
5.2143,-0.0014969
5.2415,-0.0014108
5.2687,-0.00085118
5.2958,-0.0009014
5.323,-0.00052088
5.3501,-0.00085991
5.3773,-0.0009209
5.4044,-0.00029529
5.4316,0.00028674
5.4588,0.00055481
5.4859,0.0012812
5.5131,0.0025185
5.5402,0.0033015
5.5674,0.0045665
5.5946,0.005633
5.6217,0.0061515
5.6489,0.0069274
5.676,0.0076588
5.7032,0.0086612
5.7303,0.0097
5.7575,0.0099194
5.7847,0.011259
5.8118,0.013733
5.839,0.015573
5.8661,0.017372
5.8933,0.019953
5.9204,0.023087
5.9476,0.025661
5.9748,0.028914
6.0019,0.033404
6.0291,0.037054
6.0562,0.040308
6.0834,0.0436
6.1106,0.046972
6.1377,0.049965
6.1649,0.051652
6.192,0.052557
6.2192,0.05289
6.2463,0.051323
6.2735,0.047287
6.3007,0.040722
6.3278,0.031373
6.355,0.020496
6.3821,0.0094299
6.4093,-0.0023951
6.4364,-0.014723
6.4636,-0.027048
6.4908,-0.03791
6.5179,-0.046568
6.5451,-0.05265
6.5722,-0.056591
6.5994,-0.058357
6.6266,-0.05692
6.6537,-0.054234
6.6809,-0.049544
6.708,-0.043624
6.7352,-0.037598
6.7623,-0.031267
6.7895,-0.025983
6.8167,-0.021307
6.8438,-0.017897
6.871,-0.015437
6.8981,-0.01318
6.9253,-0.012266
6.9525,-0.010977
6.9796,-0.0087715
7.0068,-0.0069567
7.0339,-0.0059461
7.0611,-0.0051561
7.0882,-0.0034679
7.1154,-0.0027422
7.1426,-0.0018585
7.1697,-0.00084504
7.1969,0.00084486
7.224,0.0019904
7.2512,0.0021958
7.2783,0.0012335
7.3055,0.0019915
7.3327,0.002367
7.3598,0.0035019
7.387,0.0034365
7.4141,0.0034896
7.4413,0.0029833
7.4685,0.0026791
7.4956,0.0028034
7.5228,0.0026251
7.5499,0.0021744
7.5771,0.0020457
7.6042,0.0020162
7.6314,0.0020548
7.6586,0.00295
7.6857,0.0036921
7.7129,0.003821
7.74,0.0040021
7.7672,0.0038246
7.7943,0.0042928
7.8215,0.0048199
7.8487,0.0044113
7.8758,0.003639
7.903,0.0034828
7.9301,0.003156
7.9573,0.0029857
7.9845,0.0029191
8.0116,0.0028938
8.0388,0.002776
8.0659,0.0031861
8.0931,0.0035717
8.1202,0.0043514
8.1474,0.0043251
8.1746,0.0048436
8.2017,0.0044005
8.2289,0.0047122
8.256,0.0056533
8.2832,0.0077136
8.3104,0.0098623
8.3375,0.011754
8.3647,0.01392
8.3918,0.016091
8.419,0.018707
8.4461,0.02276
8.4733,0.028169
8.5005,0.033973
8.5276,0.040889
8.5548,0.050532
8.5819,0.061519
8.6091,0.074485
8.6362,0.091487
8.6634,0.11134
8.6906,0.13449
8.7177,0.16123
8.7449,0.19177
8.772,0.22593
8.7992,0.26359
8.8264,0.30477
8.8535,0.35098
8.8807,0.40352
8.9078,0.46176
8.935,0.52745
8.9621,0.60197
8.9893,0.68555
9.0165,0.77857
9.0436,0.88284
9.0708,1.0006
9.0979,1.1328
9.1251,1.28
9.1522,1.4469
9.1794,1.6351
9.2066,1.8367
9.2337,2.0495
9.2609,2.269
9.288,2.488
9.3152,2.6996
9.3424,2.8879
9.3695,3.0413
9.3967,3.1298
9.4238,3.1237
9.451,3.0126
9.4781,2.7805
9.5053,2.4271
9.5325,1.9625
9.5596,1.3937
9.5868,0.74458
9.6139,0.059492
9.6411,-0.6086
9.6683,-1.2296
9.6954,-1.7754
9.7226,-2.2069
9.7497,-2.5166
9.7769,-2.7111
9.804,-2.7892
9.8312,-2.762
9.8584,-2.656
9.8855,-2.4935
9.9127,-2.2914
9.9398,-2.0737
9.967,-1.8506
9.9941,-1.6389
10.021,-1.4491
10.048,-1.2865
10.076,-1.1501
10.103,-1.037
10.13,-0.94042
10.157,-0.85703
10.184,-0.78144
10.211,-0.70653
10.239,-0.63492
10.266,-0.56383
10.293,-0.49482
10.32,-0.42871
10.347,-0.36712
10.374,-0.3116
10.402,-0.26355
10.429,-0.22493
10.456,-0.1972
10.483,-0.17902
10.51,-0.16813
10.537,-0.16121
10.564,-0.15718
10.592,-0.15358
10.619,-0.14866
10.646,-0.14177
10.673,-0.13264
10.7,-0.12097
10.727,-0.1074
10.755,-0.094013
10.782,-0.080977
10.809,-0.068641
10.836,-0.05794
10.863,-0.05033
10.89,-0.045329
10.918,-0.042715
10.945,-0.040188
10.972,-0.038426
10.999,-0.037304
11.026,-0.037342
11.053,-0.037812
11.08,-0.038719
11.108,-0.039805
11.135,-0.040631
11.162,-0.042065
11.189,-0.043578
11.216,-0.043467
11.243,-0.04286
11.271,-0.040465
11.298,-0.037359
11.325,-0.032366
11.352,-0.026543
11.379,-0.020318
11.406,-0.013567
11.434,-0.0075524
11.461,-0.002129
11.488,0.0018584
11.515,0.0031134
11.542,0.0024707
11.569,0.00033223
11.596,-0.0034241
11.624,-0.0095254
11.651,-0.018133
11.678,-0.026725
11.705,-0.035982
11.732,-0.044219
11.759,-0.050256
11.787,-0.052446
11.814,-0.051687
11.841,-0.049807
11.868,-0.047297
11.895,-0.043221
11.922,-0.037984
11.95,-0.031043
11.977,-0.024585
12.004,-0.019263
12.031,-0.013884
12.058,-0.010195
12.085,-0.0084815
12.112,-0.007155
12.14,-0.0052068
12.167,-0.0035298
12.194,-0.0035777
12.221,-0.0036757
12.248,-0.0030161
12.275,-0.002112
12.303,-0.0020525
12.33,-0.0026978
12.357,-0.0046134
12.384,-0.0067647
12.411,-0.0079577
12.438,-0.0086983
12.466,-0.0090358
12.493,-0.010646
12.52,-0.012025
12.547,-0.011821
12.574,-0.01129
12.601,-0.011215
12.628,-0.01113
12.656,-0.011468
12.683,-0.012497
12.71,-0.014316
12.737,-0.01708
12.764,-0.021003
12.791,-0.024971
12.819,-0.030029
12.846,-0.035302
12.873,-0.038975
12.9,-0.040709
12.927,-0.041021
12.954,-0.039485
12.982,-0.037817
13.009,-0.035719
13.036,-0.032144
13.063,-0.025328
13.09,-0.018164
13.117,-0.011584
13.144,-0.0048485
13.172,0.0018872
13.199,0.0083749
13.226,0.016403
13.253,0.024238
13.28,0.031624
13.307,0.03744
13.335,0.041072
13.362,0.043322
13.389,0.044883
13.416,0.044197
13.443,0.040534
13.47,0.034762
13.498,0.02866
13.525,0.02345
13.552,0.018533
13.579,0.014549
13.606,0.012406
13.633,0.011658
13.66,0.011467
13.688,0.013235
13.715,0.016287
13.742,0.019125
13.769,0.023176
13.796,0.027411
13.823,0.031313
13.851,0.034104
13.878,0.03637
13.905,0.038124
13.932,0.03862
13.959,0.037128
13.986,0.035021
14.014,0.031473
14.041,0.028321
14.068,0.026281
14.095,0.024321
14.122,0.022509
14.149,0.021356
14.176,0.021335
14.204,0.022231
14.231,0.023395
14.258,0.026156
14.285,0.0293
14.312,0.031135
14.339,0.031641
14.367,0.031529
14.394,0.031103
14.421,0.029949
14.448,0.028844
14.475,0.026427
14.502,0.023025
14.53,0.020307
14.557,0.018388
14.584,0.015733
14.611,0.012727
14.638,0.0099738
14.665,0.0070071
14.692,0.0035136
14.72,-0.00087187
14.747,-0.0050362
14.774,-0.0097732
14.801,-0.014025
14.828,-0.0164
14.855,-0.016746
14.883,-0.015282
14.91,-0.012477
14.937,-0.0096526
14.964,-0.0066661
14.991,-0.0049384
15.018,-0.0031685
15.046,-0.0013757
15.073,-0.0010425
15.1,-0.0021883
15.127,-0.0046525
15.154,-0.0087817
15.181,-0.01341
15.208,-0.017691
15.236,-0.022242
15.263,-0.026013
15.29,-0.029388
15.317,-0.031914
15.344,-0.033377
15.371,-0.034588
15.399,-0.035956
15.426,-0.036863
15.453,-0.038656
15.48,-0.039344
15.507,-0.04026
15.534,-0.04176
15.562,-0.04325
15.589,-0.045401
15.616,-0.047468
15.643,-0.049048
15.67,-0.0512
15.697,-0.05461
15.724,-0.058345
15.752,-0.063431
15.779,-0.068088
15.806,-0.073003
15.833,-0.078299
15.86,-0.083871
15.887,-0.088094
15.915,-0.09057
15.942,-0.091817
15.969,-0.092816
15.996,-0.093069
16.023,-0.091605
16.05,-0.089691
16.078,-0.087885
16.105,-0.085805
16.132,-0.083532
16.159,-0.08319
16.186,-0.08376
16.213,-0.083529
16.24,-0.08404
16.268,-0.085567
16.295,0
16.322,0
16.349,0
16.376,0
16.403,0
16.431,0
16.458,0
16.485,0
16.512,0
16.539,0
16.566,0
16.594,0
16.621,0
16.648,0
16.675,0
16.702,0
16.729,0
16.756,0
16.784,0
16.811,0
16.838,0
16.865,0
16.892,0
16.919,0
16.947,0
16.974,0
17.001,0
17.028,0
17.055,0
17.082,0
17.11,0
17.137,0
17.164,0
17.191,0
17.218,0
17.245,0
17.272,0
17.3,0
17.327,0
17.354,0
17.381,0
17.408,0
17.435,0
17.463,0
17.49,0
17.517,0
17.544,0
17.571,0
17.598,0
17.626,0
17.653,0
17.68,0
17.707,0
17.734,0
17.761,0
17.788,0
17.816,0
17.843,0
17.87,0
17.897,0
17.924,0
17.951,0
17.979,0
18.006,0
18.033,0
18.06,0
18.087,0
18.114,0
18.142,0
18.169,0
18.196,0
18.223,0
18.25,0
18.277,0
18.304,0
18.332,0
18.359,0
18.386,0
18.413,0
18.44,0
18.467,0
18.495,0
18.522,0
18.549,0
18.576,0
18.603,0
18.63,0
18.658,0
18.685,0
18.712,0
18.739,0
18.766,0
18.793,0
18.821,0
18.848,0
18.875,0
18.902,0
18.929,0
18.956,0
18.983,0
19.011,0
19.038,0
19.065,0
19.092,0
19.119,0
19.146,0
19.174,0
19.201,0
19.228,0
19.255,0
19.282,0
19.309,0
19.337,0
19.364,0
19.391,0
19.418,0
19.445,0
19.472,0
19.499,0
19.527,0
19.554,0
19.581,0
19.608,0
19.635,0
19.662,0
19.69,0
19.717,0
19.744,0
19.771,0
19.798,0
19.825,0
19.853,0
19.88,0
19.907,0
19.934,0
19.961,0
19.988,0
20.015,0
20.043,0
20.07,0
20.097,0
20.124,0
20.151,0
20.178,0
20.206,0
20.233,0
20.26,0
20.287,0
20.314,0
20.341,0
20.369,0
20.396,0
20.423,0
20.45,0
20.477,0
20.504,0
20.531,0
20.559,0
20.586,0
20.613,0
20.64,0
20.667,0
20.694,0
20.722,0
20.749,0
20.776,0
20.803,0
20.83,0
20.857,0
20.885,0
20.912,0
20.939,0
20.966,0
20.993,0
21.02,0
21.047,0
21.075,0
21.102,0
21.129,0
21.156,0
21.183,0
21.21,0
21.238,0
21.265,0
21.292,0
21.319,0
21.346,0
21.373,0
21.401,0
21.428,0
21.455,0
21.482,0
21.509,0
21.536,0
21.563,0
21.591,0
21.618,0
21.645,0
21.672,0
21.699,0
21.726,0
21.754,0
21.781,0
21.808,0
21.835,0
21.862,0
21.889,0
21.917,0
21.944,0
21.971,0
21.998,0
22.025,0
22.052,0
22.079,0
22.107,0
22.134,0
22.161,0
22.188,0
22.215,0
22.242,0
22.27,0
22.297,0
22.324,0
22.351,0
22.378,0
22.405,0
22.433,0
22.46,0
22.487,0
22.514,0
22.541,0
22.568,0
22.595,0
22.623,0
22.65,0
22.677,0
22.704,0
22.731,0
22.758,0
22.786,0
22.813,0
22.84,0
22.867,0
22.894,0
22.921,0
22.949,0
22.976,0
23.003,0
23.03,0
23.057,0
23.084,0
23.111,0
23.139,0
23.166,0
23.193,0
23.22,0
23.247,0
23.274,0
23.302,0
23.329,0
23.356,0
23.383,0
23.41,0
23.437,0
23.465,0
23.492,0
23.519,0
23.546,0
23.573,0
23.6,0
23.627,0
23.655,0
23.682,0
23.709,0
23.736,0
23.763,0
23.79,0
23.818,0
23.845,0
23.872,0
23.899,0
23.926,0
23.953,0
23.981,0
24.008,0
24.035,0
24.062,0
24.089,0
24.116,0
24.143,0
24.171,0
24.198,0
24.225,0
24.252,0
24.279,0
24.306,0
24.334,0
24.361,0
24.388,0
24.415,0
24.442,0
24.469,0
24.497,0
24.524,0
24.551,0
24.578,0
24.605,0
24.632,0
24.659,0
24.687,0
24.714,0
24.741,0
24.768,0
24.795,0
24.822,0
24.85,0
24.877,0
24.904,0
24.931,0
24.958,0
24.985,0
25.013,0
25.04,0
25.067,0
25.094,0
25.121,0
25.148,0
25.175,0
25.203,0
25.23,0
25.257,0
25.284,0
25.311,0
25.338,0
25.366,0
25.393,0
25.42,0
25.447,0
25.474,0
25.501,0
25.529,0
25.556,0
25.583,0
25.61,0
25.637,0
25.664,0
25.691,0
25.719,0
25.746,0
25.773,0
25.8,0
25.827,0
25.854,0
25.882,0
25.909,0
25.936,0
25.963,0
25.99,0
26.017,0
26.045,0
26.072,0
26.099,0
26.126,0
26.153,0
26.18,0
26.207,0
26.235,0
26.262,0
26.289,0
26.316,0
26.343,0
26.37,0
26.398,0
26.425,0
26.452,0
26.479,0
26.506,0
26.533,0
26.561,0
26.588,0
26.615,0
26.642,0
26.669,0
26.696,0
26.723,0
26.751,0
26.778,0
26.805,0
26.832,0
26.859,0
26.886,0
26.914,0
26.941,0
26.968,0
26.995,0
27.022,0
27.049,0
27.077,0
27.104,0
27.131,0
27.158,0
27.185,0
27.212,0
27.239,0
27.267,0
27.294,0
27.321,0
27.348,0
27.375,0
27.402,0
27.43,0
27.457,0
27.484,0
27.511,0
27.538,0
27.565,0
27.593,0
27.62,0
27.647,0
27.674,0
27.701,0
27.728,0
27.755,0
27.783,0
27.81,0
27.837,0
27.864,0
27.891,0
27.918,0
27.946,0
27.973,0
28,0
28.027,0
28.054,0
28.081,0
28.109,0
28.136,0
28.163,0
28.19,0
28.217,0
28.244,0
28.271,0
28.299,0
28.326,0
28.353,0
28.38,0
28.407,0
28.434,0
28.462,0
28.489,0
28.516,0
28.543,0
28.57,0
28.597,0
28.625,0
28.652,0
28.679,0
28.706,0
28.733,0
28.76,0
28.787,0
28.815,0
28.842,0
28.869,0
28.896,0
28.923,0
28.95,0
28.978,0
29.005,0
29.032,0
29.059,0
29.086,0
29.113,0
29.141,0
29.168,0
29.195,0
29.222,0
29.249,0
29.276,0
29.303,0
29.331,0
29.358,0
29.385,0
29.412,0
29.439,0
29.466,0
29.494,0
29.521,0
29.548,0
29.575,0
29.602,0
29.629,0
29.657,0
29.684,0
29.711,0
29.738,0
29.765,0
29.792,0
29.819,0
29.847,0
29.874,0
29.901,0
29.928,0
29.955,0
29.982,0
30.01,0
30.037,0
30.064,0
30.091,0
30.118,0
30.145,0
30.173,0
30.2,0
30.227,0
30.254,0
30.281,0
30.308,0
30.335,0
30.363,0
30.39,0
30.417,0
30.444,0
30.471,0
30.498,0
30.526,0
30.553,0
30.58,0
30.607,0
30.634,0
30.661,0
30.689,0
30.716,0
30.743,0
30.77,0
30.797,0
30.824,0
30.852,0
30.879,0
30.906,0
30.933,0
30.96,0
30.987,0
31.014,0
31.042,0
31.069,0
31.096,0
31.123,0
31.15,0
31.177,0
31.205,0
31.232,0
31.259,0
31.286,0
31.313,0
31.34,0
31.368,0
31.395,0
31.422,0
31.449,0
31.476,0
31.503,0
31.53,0
31.558,0
31.585,0
31.612,0
31.639,0
31.666,0
31.693,0
31.721,0
31.748,0
31.775,0
31.802,0
31.829,0
31.856,0
31.884,0
31.911,0
31.938,0
31.965,0
31.992,0
32.019,0
32.046,0
32.074,0
32.101,0
32.128,0
32.155,0
32.182,0
32.209,0
32.237,0
32.264,0
32.291,0
32.318,0
32.345,0
32.372,0
32.4,0
32.427,0
32.454,0
32.481,0
32.508,0
32.535,0
32.562,0
32.59,0
32.617,0
32.644,0
32.671,0
32.698,0
32.725,0
32.753,0
32.78,0
32.807,0
32.834,0
32.861,0
32.888,0
32.916,0
32.943,0
32.97,0
32.997,0
33.024,0
33.051,0
33.078,0
33.106,0
33.133,0
33.16,0
33.187,0
33.214,0
33.241,0
33.269,0
33.296,0
33.323,0
33.35,0
33.377,0
33.404,0
33.432,0
33.459,0
33.486,0
33.513,0
33.54,0
33.567,0
33.594,0
33.622,0
33.649,0
33.676,0
33.703,0
33.73,0
33.757,0
33.785,0
33.812,0
33.839,0
33.866,0
33.893,0
33.92,0
33.948,0
33.975,0
34.002,0
34.029,0
34.056,0
34.083,0
34.11,0
34.138,0
34.165,0
34.192,0
34.219,0
34.246,0
34.273,0
34.301,0
34.328,0
34.355,0
34.382,0
34.409,0
34.436,0
34.464,0
34.491,0
34.518,0
34.545,0
34.572,0
34.599,0
34.626,0
34.654,0
34.681,0
34.708,0
34.735,0
34.762,0
34.789,0
34.817,0
34.844,0
34.871,0
34.898,0
34.925,0
34.952,0
34.98,0
35.007,0
35.034,0
35.061,0
35.088,0
35.115,0
35.142,0
35.17,0
35.197,0
35.224,0
35.251,0
35.278,0
35.305,0
35.333,0
35.36,0
35.387,0
35.414,0
35.441,0
35.468,0
35.496,0
35.523,0
35.55,0
35.577,0
35.604,0
35.631,0
35.658,0
35.686,0
35.713,0
35.74,0
35.767,0
35.794,0
35.821,0
35.849,0
35.876,0
35.903,0
35.93,0
35.957,0
35.984,0
36.012,0
36.039,0
36.066,0
36.093,0
36.12,0
36.147,0
36.174,0
36.202,0
36.229,0
36.256,0
36.283,0
36.31,0
36.337,0
36.365,0
36.392,0
36.419,0
36.446,0
36.473,0
36.5,0
36.528,0
36.555,0
36.582,0
36.609,0
36.636,0
36.663,0
36.69,0
36.718,0
36.745,0
36.772,0
36.799,0
36.826,0
36.853,0
36.881,0
36.908,0
36.935,0
36.962,0
36.989,0
37.016,0
37.044,0
37.071,0
37.098,0
37.125,0
37.152,0
37.179,0
37.206,0
37.234,0
37.261,0
37.288,0
37.315,0
37.342,0
37.369,0
37.397,0
37.424,0
37.451,0
37.478,0
37.505,0
37.532,0
37.56,0
37.587,0
37.614,0
37.641,0
37.668,0
37.695,0
37.722,0
37.75,0
37.777,0
37.804,0
37.831,0
37.858,0
37.885,0
37.913,0
37.94,0
37.967,0
37.994,0
38.021,0
38.048,0
38.076,0
38.103,0
38.13,0
38.157,0
38.184,0
38.211,0
38.238,0
38.266,0
38.293,0
38.32,0
38.347,0
38.374,0
38.401,0
38.429,0
38.456,0
38.483,0
38.51,0
38.537,0
38.564,0
38.592,0
38.619,0
38.646,0
38.673,0
38.7,0
38.727,0
38.754,0
38.782,0
38.809,0
38.836,0
38.863,0
38.89,0
38.917,0
38.945,0
38.972,0
38.999,0
39.026,0
39.053,0
39.08,0
39.108,0
39.135,0
39.162,0
39.189,0
39.216,0
39.243,0
39.27,0
39.298,0
39.325,0
39.352,0
39.379,0
39.406,0
39.433,0
39.461,0
39.488,0
39.515,0
39.542,0
39.569,0
39.596,0
39.624,0
39.651,0
39.678,0
39.705,0
39.732,0
39.759,0
39.786,0
39.814,0
39.841,0
39.868,0
39.895,0
39.922,0
39.949,0
39.977,0
40.004,0
40.031,0
40.058,0
40.085,0
40.112,0
40.14,0
40.167,0
40.194,0
40.221,0
40.248,0
40.275,0
40.302,0
40.33,0
40.357,0
40.384,0
40.411,0
40.438,0
40.465,0
40.493,0
40.52,0
40.547,0
40.574,0
40.601,0
40.628,0
40.656,0
40.683,0
40.71,0
40.737,0
40.764,0
40.791,0
40.818,0
40.846,0
40.873,0
40.9,0
40.927,0
40.954,0
40.981,0
41.009,0
41.036,0
41.063,0
41.09,0
41.117,0
41.144,0
41.172,0
41.199,0
41.226,0
41.253,0
41.28,0
41.307,0
41.334,0
41.362,0
41.389,0
41.416,0
41.443,0
41.47,0
41.497,0
41.525,0
41.552,0
41.579,0
41.606,0
41.633,0
41.66,0
41.688,0
41.715,0
41.742,0
41.769,0
41.796,0
41.823,0
41.85,0
41.878,0
41.905,0
41.932,0
41.959,0
41.986,0
42.013,0
42.041,0
42.068,0
42.095,0
42.122,0
42.149,0
42.176,0
42.204,0
42.231,0
42.258,0
42.285,0
42.312,0
42.339,0
42.366,0
42.394,0
42.421,0
42.448,0
42.475,0
42.502,0
42.529,0
42.557,0
42.584,0
42.611,0
42.638,0
42.665,0
42.692,0
42.72,0
42.747,0
42.774,0
42.801,0
42.828,0
42.855,0
42.883,0
42.91,0
42.937,0
42.964,0
42.991,0
43.018,0
43.045,0
43.073,0
43.1,0
43.127,0
43.154,0
43.181,0
43.208,0
43.236,0
43.263,0
43.29,0
43.317,0
43.344,0
43.371,0
43.399,0
43.426,0
43.453,0
43.48,0
43.507,0
43.534,0
43.561,0
43.589,0
43.616,0
43.643,0
43.67,0
43.697,0
43.724,0
43.752,0
43.779,0
43.806,0
43.833,0
43.86,0
43.887,0
43.915,0
43.942,0
43.969,0
43.996,0
44.023,0
44.05,0
44.077,0
44.105,0
44.132,0
44.159,0
44.186,0
44.213,0
44.24,0
44.268,0
44.295,0
44.322,0
44.349,0
44.376,0
44.403,0
44.431,0
44.458,0
44.485,0
44.512,0
44.539,0
44.566,0
44.593,0
44.621,0
44.648,0
44.675,0
44.702,0
44.729,0
44.756,0
44.784,0
44.811,0
44.838,0
44.865,0
44.892,0
44.919,0
44.947,0
44.974,0
45.001,0
45.028,0
45.055,0
45.082,0
45.109,0
45.137,0
45.164,0
45.191,0
45.218,0
45.245,0
45.272,0
45.3,0
45.327,0
45.354,0
45.381,0
45.408,0
45.435,0
45.463,0
45.49,0
45.517,0
45.544,0
45.571,0
45.598,0
45.625,0
45.653,0
45.68,0
45.707,0
45.734,0
45.761,0
45.788,0
45.816,0
45.843,0
45.87,0
45.897,0
45.924,0
45.951,0
45.979,0
46.006,0
46.033,0
46.06,0
46.087,0
46.114,0
46.141,0
46.169,0
46.196,0
46.223,0
46.25,0
46.277,0
46.304,0
46.332,0
46.359,0
46.386,0
46.413,0
46.44,0
46.467,0
46.495,0
46.522,0
46.549,0
46.576,0
46.603,0
46.63,0
46.657,0
46.685,0
46.712,0
46.739,0
46.766,0
46.793,0
46.82,0
46.848,0
46.875,0
46.902,0
46.929,0
46.956,0
46.983,0
47.011,0
47.038,0
47.065,0
47.092,0
47.119,0
47.146,0
47.173,0
47.201,0
47.228,0
47.255,0
47.282,0
47.309,0
47.336,0
47.364,0
47.391,0
47.418,0
47.445,0
47.472,0
47.499,0
47.527,0
47.554,0
47.581,0
47.608,0
47.635,0
47.662,0
47.689,0
47.717,0
47.744,0
47.771,0
47.798,0
47.825,0
47.852,0
47.88,0
47.907,0
47.934,0
47.961,0
47.988,0
48.015,0
48.043,0
48.07,0
48.097,0
48.124,0
48.151,0
48.178,0
48.205,0
48.233,0
48.26,0
48.287,0
48.314,0
48.341,0
48.368,0
48.396,0
48.423,0
48.45,0
48.477,0
48.504,0
48.531,0
48.559,0
48.586,0
48.613,0
48.64,0
48.667,0
48.694,0
48.721,0
48.749,0
48.776,0
48.803,0
48.83,0
48.857,0
48.884,0
48.912,0
48.939,0
48.966,0
48.993,0
49.02,0
49.047,0
49.075,0
49.102,0
49.129,0
49.156,0
49.183,0
49.21,0
49.237,0
49.265,0
49.292,0
49.319,0
49.346,0
49.373,0
49.4,0
49.428,0
49.455,0
49.482,0
49.509,0
49.536,0
49.563,0
49.591,0
49.618,0
49.645,0
49.672,0
49.699,0
49.726,0
49.753,0
49.781,0
49.808,0
49.835,0
49.862,0
49.889,0
49.916,0
49.944,0
49.971,0
49.998,0
50.025,0
50.052,0
50.079,0
50.107,0
50.134,0
50.161,0
50.188,0
50.215,0
50.242,0
50.269,0
50.297,0
50.324,0
50.351,0
50.378,0
50.405,0
50.432,0
50.46,0
50.487,0
50.514,0
50.541,0
50.568,0
50.595,0
50.623,0
50.65,0
50.677,0
50.704,0
50.731,0
50.758,0
50.785,0
50.813,0
50.84,0
50.867,0
50.894,0
50.921,0
50.948,0
50.976,0
51.003,0
51.03,0
51.057,0
51.084,0
51.111,0
51.139,0
51.166,0
51.193,0
51.22,0
51.247,0
51.274,0
51.301,0
51.329,0
51.356,0
51.383,0
51.41,0
51.437,0
51.464,0
51.492,0
51.519,0
51.546,0
51.573,0
51.6,0
51.627,0
51.655,0
51.682,0
51.709,0
51.736,0
51.763,0
51.79,0
51.817,0
51.845,0
51.872,0
51.899,0
51.926,0
51.953,0
51.98,0
52.008,0
52.035,0
52.062,0
52.089,0
52.116,0
52.143,0
52.171,0
52.198,0
52.225,0
52.252,0
52.279,0
52.306,0
52.333,0
52.361,0
52.388,0
52.415,0
52.442,0
52.469,0
52.496,0
52.524,0
52.551,0
52.578,0
52.605,0
52.632,0
52.659,0
52.687,0
52.714,0
52.741,0
52.768,0
52.795,0
52.822,0
52.849,0
52.877,0
52.904,0
52.931,0
52.958,0
52.985,0
53.012,0
53.04,0
53.067,0
53.094,0
53.121,0
53.148,0
53.175,0
53.203,0
53.23,0
53.257,0
53.284,0
53.311,0
53.338,0
53.365,0
53.393,0
53.42,0
53.447,0
53.474,0
53.501,0
53.528,0
53.556,0
53.583,0
53.61,0
53.637,0
53.664,0
53.691,0
53.719,0
53.746,0
53.773,0
53.8,0
53.827,0
53.854,0
53.881,0
53.909,0
53.936,0
53.963,0
53.99,0
54.017,0
54.044,0
54.072,0
54.099,0
54.126,0
54.153,0
54.18,0
54.207,0
54.235,0
54.262,0
54.289,0
