0.02716,-0.00087504
0.054319,-0.00090635
0.081479,-0.0013788
0.10864,-0.0026131
0.1358,-0.0018436
0.16296,-0.0030096
0.19012,-0.0028116
0.21728,-0.0054492
0.24444,-0.0043559
0.2716,-0.0030753
0.29876,-0.0032407
0.32592,-0.0044491
0.35307,-0.0055833
0.38023,-0.004565
0.40739,-0.0050233
0.43455,-0.0066053
0.46171,-0.0068331
0.48887,-0.0054666
0.51603,-0.0072393
0.54319,-0.0093572
0.57035,-0.0089623
0.59751,-0.0096884
0.62467,-0.0086512
0.65183,-0.0080142
0.67899,-0.0097628
0.70615,-0.0080799
0.73331,-0.007979
0.76047,-0.0089192
0.78763,-0.0083028
0.81479,-0.007057
0.84195,-0.0065459
0.86911,-0.0073847
0.89627,-0.0076678
0.92343,-0.0063299
0.95059,-0.0063989
0.97775,-0.0061127
1.0049,-0.0066769
1.0321,-0.0076698
1.0592,-0.0077295
1.0864,-0.0061086
1.1135,-0.0050876
1.1407,-0.0055328
1.1679,-0.0067593
1.195,-0.0066329
1.2222,-0.0065006
1.2493,-0.0065097
1.2765,-0.0056701
1.3037,-0.0065658
1.3308,-0.0067779
1.358,-0.0065782
1.3851,-0.0059751
1.4123,-0.0060119
1.4395,-0.0046056
1.4666,-0.0044687
1.4938,-0.0042371
1.5209,-0.0034804
1.5481,-0.0047205
1.5753,-0.0042715
1.6024,-0.0038091
1.6296,-0.0041934
1.6567,-0.0036073
1.6839,-0.0033173
1.7111,-0.0028677
1.7382,-0.0033645
1.7654,-0.0044054
1.7925,-0.0030962
1.8197,-0.003773
1.8469,-0.0039074
1.874,-0.003816
1.9012,-0.0039587
1.9283,-0.0038796
1.9555,-0.0033011
1.9827,-0.0033081
2.0098,-0.0037149
2.037,-0.0036882
2.0641,-0.0032797
2.0913,-0.0025978
2.1184,-0.0035337
2.1456,-0.0031849
2.1728,-0.0022456
2.1999,-0.0017742
2.2271,-0.0015905
2.2542,-0.0012846
2.2814,-0.00081742
2.3086,-0.00028652
2.3357,-0.00041693
2.3629,0.00041841
2.39,0.00088944
2.4172,0.00065781
2.4444,0.0012376
2.4715,0.0012961
2.4987,0.0010569
2.5258,0.0013861
2.553,0.0012537
2.5802,0.0018883
2.6073,0.0012311
2.6345,0.00040347
2.6616,1.2273e-06
2.6888,7.9109e-05
2.716,-0.00016444
2.7431,-0.00019171
2.7703,0.00051542
2.7974,0.0013672
2.8246,0.0019234
2.8518,0.0022045
2.8789,0.0013822
2.9061,0.0018293
2.9332,0.0026701
2.9604,0.0020052
2.9876,0.0018144
3.0147,0.00324
3.0419,0.0044076
3.069,0.0043376
3.0962,0.0042583
3.1234,0.003955
3.1505,0.002952
3.1777,0.0027102
3.2048,0.0032918
3.232,0.0033392
3.2592,0.0030595
3.2863,0.0030301
3.3135,0.0019173
3.3406,0.0015232
3.3678,0.0015713
3.395,0.00063741
3.4221,-0.00021651
3.4493,-0.00031749
3.4764,-0.00077038
3.5036,0.0001342
3.5307,0.001077
3.5579,0.0015409
3.5851,0.0017289
3.6122,0.0015459
3.6394,0.00080709
3.6665,-0.00031087
3.6937,-0.00093531
3.7209,-0.00038766
3.748,-0.00026094
3.7752,-0.0010872
3.8023,-0.00096997
3.8295,0.00037985
3.8567,0.00090389
3.8838,0.00090684
3.911,0.00070888
3.9381,0.0010045
3.9653,0.0011168
3.9925,0.0013365
4.0196,0.0029869
4.0468,0.006514
4.0739,0.010766
4.1011,0.015062
4.1283,0.019933
4.1554,0.025476
4.1826,0.03351
4.2097,0.044016
4.2369,0.055769
4.2641,0.06933
4.2912,0.085684
4.3184,0.10654
4.3455,0.13334
4.3727,0.16589
4.3999,0.20216
4.427,0.24368
4.4542,0.29043
4.4813,0.3427
4.5085,0.40138
4.5357,0.47092
4.5628,0.54985
4.59,0.63626
4.6171,0.73134
4.6443,0.83839
4.6715,0.95643
4.6986,1.0877
4.7258,1.2368
4.7529,1.4082
4.7801,1.5999
4.8072,1.8122
4.8344,2.0505
4.8616,2.3176
4.8887,2.6064
4.9159,2.9129
4.943,3.2458
4.9702,3.5944
4.9974,3.9504
5.0245,4.3077
5.0517,4.6494
5.0788,4.9405
5.106,5.1552
5.1332,5.267
5.1603,5.2486
5.1875,5.0717
5.2146,4.7194
5.2418,4.1729
5.269,3.4157
5.2961,2.4964
5.3233,1.4864
5.3504,0.42139
5.3776,-0.64288
5.4048,-1.633
5.4319,-2.5273
5.4591,-3.2909
5.4862,-3.8757
5.5134,-4.2741
5.5406,-4.4838
5.5677,-4.5204
5.5949,-4.4208
5.622,-4.2238
5.6492,-3.9612
5.6764,-3.6489
5.7035,-3.3125
5.7307,-2.9845
5.7578,-2.6774
5.785,-2.4064
5.8122,-2.1742
5.8393,-1.978
5.8665,-1.8053
5.8936,-1.6526
5.9208,-1.5106
5.948,-1.3762
5.9751,-1.2434
6.0023,-1.1145
6.0294,-0.99296
6.0566,-0.87449
6.0838,-0.76491
6.1109,-0.66186
6.1381,-0.57004
6.1652,-0.49229
6.1924,-0.43052
6.2195,-0.38389
6.2467,-0.351
6.2739,-0.32843
6.301,-0.31305
6.3282,-0.30177
6.3553,-0.29044
6.3825,-0.27784
6.4097,-0.2628
6.4368,-0.24406
6.464,-0.22237
6.4911,-0.20021
6.5183,-0.17867
6.5455,-0.15894
6.5726,-0.14126
6.5998,-0.12527
6.6269,-0.11196
6.6541,-0.10088
6.6813,-0.092123
6.7084,-0.086404
6.7356,-0.082086
6.7627,-0.078488
6.7899,-0.074893
6.8171,-0.071543
6.8442,-0.068811
6.8714,-0.065949
6.8985,-0.063231
6.9257,-0.061816
6.9529,-0.060709
6.98,-0.060561
7.0072,-0.059012
7.0343,-0.055664
7.0615,-0.050579
7.0887,-0.045609
7.1158,-0.040557
7.143,-0.035599
7.1701,-0.030325
7.1973,-0.024504
7.2245,-0.019511
7.2516,-0.01744
7.2788,-0.01781
7.3059,-0.01986
7.3331,-0.023788
7.3603,-0.030788
7.3874,-0.038416
7.4146,-0.045647
7.4417,-0.053295
7.4689,-0.060848
7.496,-0.067496
7.5232,-0.071303
7.5504,-0.072315
7.5775,-0.070741
7.6047,-0.06701
7.6318,-0.061649
7.659,-0.054435
7.6862,-0.047008
7.7133,-0.04038
7.7405,-0.033926
7.7676,-0.027961
7.7948,-0.022419
7.822,-0.017007
7.8491,-0.01333
7.8763,-0.010273
7.9034,-0.0079298
7.9306,-0.0065883
7.9578,-0.0050979
7.9849,-0.0036278
8.0121,-0.0035151
8.0392,-0.0039676
8.0664,-0.0048149
8.0936,-0.0067095
8.1207,-0.0092164
8.1479,-0.011456
8.175,-0.012928
8.2022,-0.014022
8.2294,-0.016253
8.2565,-0.01913
8.2837,-0.021917
8.3108,-0.024885
8.338,-0.026457
8.3652,-0.027371
8.3923,-0.028339
8.4195,-0.029153
8.4466,-0.03113
8.4738,-0.035153
8.501,-0.040153
8.5281,-0.045316
8.5553,-0.050332
8.5824,-0.054514
8.6096,-0.056948
8.6368,-0.058864
8.6639,-0.059203
8.6911,-0.057399
8.7182,-0.053224
8.7454,-0.047594
8.7726,-0.040889
8.7997,-0.033353
8.8269,-0.024878
8.854,-0.016163
8.8812,-0.0069922
8.9083,0.0028401
8.9355,0.012875
8.9627,0.022097
8.9898,0.031589
9.017,0.04126
9.0441,0.04909
9.0713,0.054398
9.0985,0.057769
9.1256,0.060564
9.1528,0.062438
9.1799,0.062658
9.2071,0.06015
9.2343,0.055048
9.2614,0.049796
9.2886,0.045828
9.3157,0.042343
9.3429,0.038257
9.3701,0.035549
9.3972,0.036553
9.4244,0.038355
9.4515,0.039051
9.4787,0.040537
9.5059,0.043149
9.533,0.047267
9.5602,0.051782
9.5873,0.055463
9.6145,0.05728
9.6417,0.058729
9.6688,0.05952
9.696,0.057661
9.7231,0.055719
9.7503,0.054334
9.7775,0.053415
9.8046,0.052573
9.8318,0.051588
9.8589,0.050286
9.8861,0.049802
9.9133,0.050285
9.9404,0.05213
9.9676,0.053859
9.9947,0.055729
10.022,0.059641
10.049,0.062999
10.076,0.06502
10.103,0.065874
10.131,0.064981
10.158,0.06279
10.185,0.060382
10.212,0.057534
10.239,0.05303
10.266,0.048844
10.293,0.044696
10.321,0.041005
10.348,0.037103
10.375,0.031632
10.402,0.023953
10.429,0.015779
10.456,0.0088241
10.484,0.0028403
10.511,-0.0031693
10.538,-0.0083532
10.565,-0.012813
10.592,-0.015151
10.619,-0.015964
10.647,-0.015592
10.674,-0.013582
10.701,-0.010826
10.728,-0.0078517
10.755,-0.0059419
10.782,-0.0066092
10.81,-0.0090113
10.837,-0.011529
10.864,-0.01368
10.891,-0.016968
10.918,-0.022256
10.945,-0.028357
10.972,-0.034096
11,-0.039871
11.027,-0.04555
11.054,-0.051442
11.081,-0.055516
11.108,-0.057023
11.135,-0.05775
11.163,-0.060081
11.19,-0.064021
11.217,-0.067554
11.244,-0.071967
11.271,-0.076383
11.298,-0.079272
11.326,-0.081858
11.353,-0.085615
11.38,-0.088475
11.407,-0.091271
11.434,-0.096258
11.461,-0.10393
11.489,-0.11168
11.516,-0.11908
11.543,-0.12665
11.57,-0.13445
11.597,-0.14235
11.624,-0.1495
11.651,-0.15495
11.679,-0.15702
11.706,-0.15935
11.733,-0.16156
11.76,-0.16238
11.787,-0.16268
11.814,-0.16236
11.842,-0.16169
11.869,-0.16096
11.896,-0.16015
11.923,-0.15906
11.95,-0.158
11.977,-0.15681
12.005,-0.157
12.032,-0.1574
12.059,-0.15857
12.086,-0.159
12.113,-0.15799
12.14,-0.15652
12.168,-0.1546
12.195,-0.15193
12.222,-0.14893
12.249,-0.14567
12.276,-0.14233
12.303,-0.13944
12.33,-0.13737
12.358,-0.13556
12.385,-0.13372
12.412,-0.1313
12.439,-0.12858
12.466,-0.12522
12.493,-0.1216
12.521,-0.11722
12.548,-0.11231
12.575,-0.10665
12.602,-0.10158
12.629,-0.098183
12.656,-0.097017
12.684,-0.097332
12.711,-0.097761
12.738,-0.099844
12.765,-0.1031
12.792,-0.10566
12.819,-0.10956
12.846,-0.11353
12.874,-0.11659
12.901,-0.11801
12.928,-0.11778
12.955,-0.11632
12.982,-0.11525
13.009,-0.11334
13.037,-0.10966
13.064,-0.10579
13.091,-0.10278
13.118,-0.099164
13.145,-0.095271
13.172,-0.090501
13.2,-0.085273
13.227,-0.079632
13.254,-0.073879
13.281,-0.068083
13.308,-0.062121
13.335,-0.056533
13.363,-0.051899
13.39,-0.048493
13.417,-0.046161
13.444,-0.044319
13.471,-0.044128
13.498,-0.043554
13.525,-0.042089
13.553,-0.039671
13.58,-0.036316
13.607,-0.032621
13.634,-0.028786
13.661,-0.024535
13.688,-0.018536
13.716,-0.011619
13.743,-0.0061952
13.77,-0.0020612
13.797,0.0012692
13.824,0.0043075
13.851,0.0064039
13.879,0.0075229
13.906,0.0078376
13.933,0.0073223
13.96,0.0059197
13.987,0.0054343
14.014,0.0065616
14.042,0.0086736
14.069,0.010326
14.096,0.010533
14.123,0.0098555
14.15,0.0102
14.177,0.011348
14.204,0.0133
14.232,0.013942
14.259,0.014048
14.286,0.013859
14.313,0.014362
14.34,0.015921
14.367,0.017425
14.395,0.017554
14.422,0.017835
14.449,0.018027
14.476,0.019179
14.503,0.01931
14.53,0.020171
14.558,0.020518
14.585,0.021459
14.612,0.022511
14.639,0.022898
14.666,0.024442
14.693,0.027573
14.721,0.031231
14.748,0.035216
14.775,0.037845
14.802,0.039963
14.829,0.04169
14.856,0.043915
14.883,0.045676
14.911,0.047571
14.938,0.0489
14.965,0.049864
14.992,0.050178
15.019,0.050088
15.046,0.050739
15.074,0.050935
15.101,0.05093
15.128,0.051967
15.155,0.052547
15.182,0.052167
15.209,0.051075
15.237,0.048999
15.264,0.046241
15.291,0.043182
15.318,0.040688
15.345,0.038274
15.372,0.035788
15.399,0.033424
15.427,0.031368
15.454,0.02881
15.481,0.025684
15.508,0.022475
15.535,0.018578
15.562,0.015444
15.59,0.011671
15.617,0.0078518
15.644,0.0030106
15.671,-0.002979
15.698,-0.00866
15.725,-0.014877
15.753,-0.020424
15.78,-0.023961
15.807,-0.026234
15.834,-0.027609
15.861,-0.026852
15.888,-0.024106
15.916,-0.020372
15.943,-0.015879
15.97,-0.011227
15.997,-0.0065699
16.024,-0.0019245
16.051,0.0027234
16.078,0.0070222
16.106,0.010033
16.133,0.012137
16.16,0.013448
16.187,0.014402
16.214,0.014087
16.241,0.012389
16.269,0.0098162
16.296,0.0067301
16.323,0.0040178
16.35,0.001705
16.377,-5.006e-05
16.404,-0.0011207
16.432,-0.0014835
16.459,-0.0017133
16.486,-0.00095637
16.513,-0.00093415
16.54,-0.0010648
16.567,0.0012032
16.595,0.0043093
16.622,0.0061693
16.649,0.0066192
16.676,0.0066556
16.703,0.0064866
16.73,0.0061588
16.757,0.0066405
16.785,0.0077389
16.812,0.0073405
16.839,0.0058497
16.866,0.0044996
16.893,0.0027834
16.92,0.00035115
16.948,-0.0017939
16.975,-0.0025878
17.002,-0.0032123
17.029,-0.0035824
17.056,-0.0040037
17.083,-0.0042121
17.111,-0.0041908
17.138,-0.0041062
17.165,-0.0054958
17.192,-0.0077215
17.219,-0.0092962
17.246,-0.0090522
17.274,-0.008382
17.301,-0.0088169
17.328,-0.0081219
17.355,-0.0060027
17.382,-0.0038136
17.409,-0.001936
17.436,-2.1196e-05
17.464,0.0027627
17.491,0.0056178
17.518,0.0070399
17.545,0.008772
17.572,0.0090991
17.599,0.0074648
17.627,0.0065206
17.654,0.0057032
17.681,0.0042601
17.708,0.0020066
17.735,-0.0007531
17.762,-0.0022971
17.79,-0.0020894
17.817,-0.0014473
17.844,-0.00081179
17.871,0.00044816
17.898,0.0024408
17.925,0.0041629
17.952,0.0060118
17.98,0.008954
18.007,0.012301
18.034,0.015803
18.061,0.017296
18.088,0.019082
18.115,0.021436
18.143,0.023868
18.17,0.026226
18.197,0.028727
18.224,0.031445
18.251,0.033412
18.278,0.036197
18.306,0.03801
18.333,0.038219
18.36,0.037578
18.387,0.037535
18.414,0.037526
18.441,0.035881
18.469,0.033393
18.496,0.030954
18.523,0.029901
18.55,0.029188
18.577,0.029683
18.604,0.03023
18.631,0.031673
18.659,0.032899
18.686,0.034059
18.713,0.034635
18.74,0.035281
18.767,0.035821
18.794,0.034817
18.822,0.032367
18.849,0.030604
18.876,0.028451
18.903,0.024946
18.93,0.022311
18.957,0.020222
18.985,0.01945
19.012,0.01961
19.039,0.020131
19.066,0.019624
19.093,0.019689
19.12,0.020681
19.148,0.021165
19.175,0.021511
19.202,0.022486
19.229,0.023877
19.256,0.024228
19.283,0.023972
19.31,0.023351
19.338,0.022215
19.365,0.020233
19.392,0.017657
19.419,0.015903
19.446,0.014614
19.473,0.012234
19.501,0.0090004
19.528,0.0047429
19.555,0.00092865
19.582,-0.0029028
19.609,-0.0072963
19.636,-0.010377
19.664,-0.012403
19.691,-0.012751
19.718,-0.012013
19.745,-0.01087
19.772,-0.010158
19.799,-0.0083075
19.827,-0.0065319
19.854,-0.0049114
19.881,-0.0044093
19.908,-0.0043349
19.935,-0.0039515
19.962,-0.0044548
19.989,-0.0063294
20.017,-0.0088247
20.044,-0.011755
20.071,-0.015567
20.098,-0.018003
20.125,-0.021772
20.152,-0.024896
20.18,-0.028277
20.207,-0.031057
20.234,-0.033681
20.261,-0.035721
20.288,-0.036906
20.315,-0.03763
20.343,-0.038292
20.37,-0.03977
20.397,-0.039849
20.424,-0.041084
20.451,-0.042418
20.478,-0.043935
20.505,-0.045923
20.533,-0.04863
20.56,-0.05217
20.587,-0.05631
20.614,-0.060618
20.641,-0.06546
20.668,-0.070444
20.696,-0.074919
20.723,-0.078785
20.75,-0.080985
20.777,-0.081491
20.804,-0.08025
20.831,-0.077666
20.859,-0.073543
20.886,-0.067098
20.913,-0.060891
20.94,-0.05554
20.967,-0.051283
20.994,-0.047553
21.022,-0.04457
21.049,-0.042739
21.076,-0.042084
21.103,-0.041974
21.13,-0.042188
21.157,-0.0434
21.184,-0.044839
21.212,-0.04729
21.239,-0.049593
21.266,-0.05142
21.293,-0.053443
21.32,-0.056008
21.347,-0.058934
21.375,-0.061675
21.402,-0.063714
21.429,-0.064848
21.456,-0.065011
21.483,-0.063008
21.51,-0.059641
21.538,-0.054507
21.565,-0.047853
21.592,-0.040536
21.619,-0.033054
21.646,-0.027095
21.673,-0.02268
21.701,-0.019324
21.728,-0.016992
21.755,-0.015629
21.782,-0.016103
21.809,-0.018266
21.836,-0.020995
21.863,-0.023306
21.891,-0.025315
21.918,-0.026405
21.945,-0.026375
21.972,-0.025753
21.999,-0.02493
22.026,-0.025098
22.054,-0.023733
22.081,-0.021667
22.108,-0.020375
22.135,-0.019637
22.162,-0.018907
22.189,-0.019209
22.217,-0.020065
22.244,-0.021461
22.271,-0.02295
22.298,-0.023235
22.325,-0.023144
22.352,-0.022574
22.38,-0.022204
22.407,-0.022043
22.434,-0.021474
22.461,-0.020201
22.488,-0.020009
22.515,-0.018996
22.542,-0.017236
22.57,-0.015078
22.597,-0.012848
22.624,-0.010102
22.651,-0.0068642
22.678,-0.0038819
22.705,-0.0015055
22.733,0.00042267
22.76,0.0022891
22.787,0.0034784
22.814,0.0055951
22.841,0.0080541
22.868,0.0091821
22.896,0.0092256
22.923,0.0092872
22.95,0.0086325
22.977,0.0073953
23.004,0.0051319
23.031,0.0015603
23.059,-0.001451
23.086,-0.0049534
23.113,-0.0071181
23.14,-0.0091759
23.167,-0.010707
23.194,-0.012051
23.221,-0.012212
23.249,-0.010763
23.276,-0.0086797
23.303,-0.0060725
23.33,-0.0035075
23.357,-0.0011962
23.384,0.0015084
23.412,0.0055191
23.439,0.0095261
23.466,0.012993
23.493,0.015427
23.52,0.016241
23.547,0.016619
23.575,0.016738
23.602,0.016031
23.629,0.013691
23.656,0.012441
23.683,0.010204
23.71,0.0074075
23.737,0.0045299
23.765,0.0028412
23.792,0.0025794
23.819,0.0031311
23.846,0.0040066
23.873,0.0042991
23.9,0.0048383
23.928,0.0072715
23.955,0.010383
23.982,0.012211
24.009,0.012668
24.036,0.012232
24.063,0.010647
24.091,0.0087419
24.118,0.0063662
24.145,0.0039498
24.172,0.0025545
24.199,0.0025339
24.226,0.0016862
24.254,0.00082622
24.281,-0.00029182
24.308,-0.0011206
24.335,-0.0015428
24.362,-0.00096686
24.389,0.00080029
24.416,0.0023817
24.444,0.0051299
24.471,0.0088794
24.498,0.011497
24.525,0.013212
24.552,0.015186
24.579,0.016888
24.607,0.017725
24.634,0.018176
24.661,0.018663
24.688,0.01747
24.715,0.015311
24.742,0.011781
24.77,0.0087027
24.797,0.0051103
24.824,0.001971
24.851,-0.0014747
24.878,-0.0052339
24.905,-0.0084408
24.933,-0.010845
24.96,-0.01176
24.987,-0.011288
25.014,-0.0098257
25.041,-0.0070613
25.068,-0.0028453
25.095,0.0028759
25.123,0.00892
25.15,0.013861
25.177,0.017773
25.204,0.021744
25.231,0.025592
25.258,0.027308
25.286,0.026631
25.313,0.025232
25.34,0.023691
25.367,0.020997
25.394,0.017133
25.421,0.013415
25.449,0.010608
25.476,0.0088518
25.503,0.0079133
25.53,0.0074167
25.557,0.0067273
25.584,0.0067434
25.612,0.0081924
25.639,0.010645
25.666,0.01325
25.693,0.015282
25.72,0.017256
25.747,0.019013
25.774,0.021086
25.802,0.023103
25.829,0.02404
25.856,0.023192
25.883,0.021496
25.91,0.020285
25.937,0.017608
25.965,0.013989
25.992,0.011077
26.019,0.010283
26.046,0.0091492
26.073,0.0082651
26.1,0.009163
26.128,0.011128
26.155,0.013937
26.182,0.016013
26.209,0.01748
26.236,0.019278
26.263,0.022223
26.29,0.024328
26.318,0.023723
26.345,0.021378
26.372,0.019323
26.399,0.017867
26.426,0.017422
26.453,0.01698
26.481,0.01617
26.508,0.01505
26.535,0.014727
26.562,0.01486
26.589,0.013916
26.616,0.012292
26.644,0.010012
26.671,0.0092829
26.698,0.0089062
26.725,0.0078755
26.752,0.0060529
26.779,0.0057477
26.807,0.0074255
26.834,0.010448
26.861,0.013627
26.888,0.01651
26.915,0.020047
26.942,0.023212
26.969,0.024713
26.997,0.024264
27.024,0.023431
27.051,0.021479
27.078,0.019167
27.105,0.015868
27.132,0.012801
27.16,0.010676
27.187,0.0092184
27.214,0.0078849
27.241,0.007537
27.268,0.0070376
27.295,0.006531
27.323,0.006661
27.35,0.0075736
27.377,0.0088974
27.404,0.010357
27.431,0.011391
27.458,0.012188
27.486,0.012778
27.513,0.012407
27.54,0.012184
27.567,0.011687
27.594,0.011705
27.621,0.011637
27.648,0.010567
27.676,0.0090198
27.703,0.0078
27.73,0.0058352
27.757,0.0026769
27.784,-0.00026812
27.811,-0.0017649
27.839,-0.0021187
27.866,-0.0021174
27.893,-0.00053771
27.92,0.00028379
27.947,0.0013957
27.974,0.0032338
28.002,0.0057778
28.029,0.0078371
28.056,0.0092397
28.083,0.010218
28.11,0.010942
28.137,0.010277
28.165,0.0085768
28.192,0.0053915
28.219,0.0032932
28.246,0.0016481
28.273,0.00095509
28.3,-0.00039621
28.327,-0.0027018
28.355,-0.0046335
28.382,-0.0064338
28.409,-0.0077537
28.436,-0.0084505
28.463,-0.0084817
28.49,-0.0085927
28.518,-0.009365
28.545,-0.0095652
28.572,-0.0094769
28.599,-0.0086809
28.626,-0.0065433
28.653,-0.0039892
28.681,-0.0023652
28.708,-0.00031168
28.735,0.0019662
28.762,0.0035118
28.789,0.004556
28.816,0.0043372
28.843,0.0030016
28.871,0.0014769
28.898,-0.00024933
28.925,-0.0030941
28.952,-0.0067217
28.979,-0.010599
29.006,-0.013577
29.034,-0.016329
29.061,-0.018088
29.088,-0.018042
29.115,-0.015977
29.142,-0.013629
29.169,-0.010993
29.197,-0.0091431
29.224,-0.0075191
29.251,-0.0058321
29.278,-0.0038169
29.305,-0.0024021
29.332,-0.0023219
29.36,-0.0029265
29.387,-0.0036069
29.414,-0.0040307
29.441,-0.0047361
29.468,-0.0063055
29.495,-0.0092676
29.522,-0.011804
29.55,-0.013279
29.577,-0.013626
29.604,-0.013671
29.631,-0.014566
29.658,-0.015696
29.685,-0.016141
29.713,-0.016447
29.74,-0.01679
29.767,-0.017734
29.794,-0.016526
29.821,-0.01426
29.848,-0.012318
29.876,-0.011074
29.903,-0.0099152
29.93,-0.0085798
29.957,-0.0079689
29.984,-0.0087329
30.011,-0.011499
30.039,-0.014235
30.066,-0.016112
30.093,-0.017334
30.12,-0.018868
30.147,-0.020158
30.174,-0.020645
30.201,-0.020316
30.229,-0.019275
30.256,-0.017405
30.283,-0.015243
30.31,-0.013057
30.337,-0.01123
30.364,-0.008796
30.392,-0.0068802
30.419,-0.005818
30.446,-0.0045464
30.473,-0.0035113
30.5,-0.0034098
30.527,-0.004316
30.555,-0.0062102
30.582,-0.0079634
30.609,-0.0093738
30.636,-0.011213
30.663,-0.012808
30.69,-0.014594
30.718,-0.015855
30.745,-0.01617
30.772,-0.015516
30.799,-0.014347
30.826,-0.013413
30.853,-0.011973
30.88,-0.0086436
30.908,-0.0058429
30.935,-0.004325
30.962,-0.003409
30.989,-0.0024784
31.016,-0.0015594
31.043,-0.0012793
31.071,-0.0013071
31.098,-0.0025128
31.125,-0.0042709
31.152,-0.0062915
31.179,-0.0065216
31.206,-0.0069965
31.234,-0.00818
31.261,-0.0097103
31.288,-0.011283
31.315,-0.013257
31.342,-0.015648
31.369,-0.016412
31.396,-0.015495
31.424,-0.014253
31.451,-0.014183
31.478,-0.015208
31.505,-0.01592
31.532,-0.015372
31.559,-0.013743
31.587,-0.01199
31.614,-0.011097
31.641,-0.010482
31.668,-0.010392
31.695,-0.010077
31.722,-0.0095498
31.75,-0.0093606
31.777,-0.0096562
31.804,-0.0098286
31.831,-0.0099307
31.858,-0.010669
31.885,-0.011938
31.913,-0.012929
31.94,-0.013198
31.967,-0.013201
31.994,-0.013408
32.021,-0.013823
32.048,-0.013896
32.075,-0.013469
32.103,-0.01243
32.13,-0.010511
32.157,-0.0079693
32.184,-0.0047737
32.211,-0.0036369
32.238,-0.0044121
32.266,-0.0066759
32.293,-0.0084234
32.32,-0.0090803
32.347,-0.010686
32.374,-0.013179
32.401,-0.015539
32.429,-0.016694
32.456,-0.018308
32.483,-0.019412
32.51,-0.020497
32.537,-0.021059
32.564,-0.021039
32.592,-0.020348
32.619,-0.018488
32.646,-0.016065
32.673,-0.01508
32.7,-0.01436
32.727,-0.013978
32.754,-0.013721
32.782,-0.013658
32.809,-0.013376
32.836,-0.012009
32.863,-0.010728
32.89,-0.0098815
32.917,-0.0099922
32.945,-0.010748
32.972,-0.011697
32.999,-0.012332
33.026,-0.013058
33.053,-0.013715
33.08,-0.014522
33.108,-0.015729
33.135,-0.016833
33.162,-0.018295
33.189,-0.019746
33.216,-0.021307
33.243,-0.022722
33.271,-0.024775
33.298,-0.026667
33.325,-0.027215
33.352,-0.026464
33.379,-0.025506
33.406,-0.026573
33.433,-0.027228
33.461,-0.027273
33.488,-0.026751
33.515,-0.02584
33.542,-0.023868
33.569,-0.021794
33.596,-0.020635
33.624,-0.020199
33.651,-0.019443
33.678,-0.019368
33.705,-0.019666
33.732,-0.018625
33.759,-0.018115
33.787,-0.018444
33.814,-0.01929
33.841,-0.020323
33.868,-0.021097
33.895,-0.022086
33.922,-0.023721
33.95,-0.025568
33.977,-0.027539
34.004,-0.028742
34.031,-0.029489
34.058,-0.029508
34.085,-0.029144
34.112,-0.029231
34.14,-0.029401
34.167,-0.030213
34.194,-0.031799
34.221,-0.032713
34.248,-0.033719
34.275,-0.035286
34.303,-0.036843
34.33,-0.036985
34.357,-0.036185
34.384,-0.034492
34.411,-0.032054
34.438,-0.029884
34.466,-0.027074
34.493,-0.023657
34.52,-0.021507
34.547,-0.020656
34.574,-0.0204
34.601,-0.020684
34.628,-0.022115
34.656,-0.024109
34.683,-0.025658
34.71,-0.027307
34.737,-0.029335
34.764,-0.030194
34.791,-0.029753
34.819,-0.029657
34.846,-0.029703
34.873,-0.029248
34.9,-0.029229
34.927,-0.030101
34.954,-0.031035
34.982,-0.033395
35.009,-0.036435
35.036,-0.038445
35.063,-0.039251
35.09,-0.039673
35.117,-0.039742
35.145,-0.039149
35.172,-0.038315
35.199,-0.037112
35.226,-0.035257
35.253,-0.032984
35.28,-0.031563
35.307,-0.029914
35.335,-0.028173
35.362,-0.027693
35.389,-0.028055
35.416,-0.027773
35.443,-0.026951
35.47,-0.025548
35.498,-0.024995
35.525,-0.02552
35.552,-0.026668
35.579,-0.027944
35.606,-0.02833
35.633,-0.027641
35.661,-0.027569
35.688,-0.027517
35.715,-0.025935
35.742,-0.024044
35.769,-0.022727
35.796,-0.023462
35.824,-0.023601
35.851,-0.022466
35.878,-0.020793
35.905,-0.019997
35.932,-0.020618
35.959,-0.021633
35.986,-0.022474
36.014,-0.023396
36.041,-0.02419
36.068,-0.024622
36.095,-0.02451
36.122,-0.023415
36.149,-0.022665
36.177,-0.021606
36.204,-0.020391
36.231,-0.019346
36.258,-0.017855
36.285,-0.01636
36.312,-0.01564
36.34,-0.014778
36.367,-0.013867
36.394,-0.014428
36.421,-0.014807
36.448,-0.015424
36.475,-0.015611
36.503,-0.015523
36.53,-0.015369
36.557,-0.015421
36.584,-0.016261
36.611,-0.017419
36.638,-0.01842
36.665,-0.018202
36.693,-0.018015
36.72,-0.019213
36.747,-0.020027
36.774,-0.020379
36.801,-0.020869
36.828,-0.023212
36.856,-0.027049
36.883,-0.028912
36.91,-0.0285
36.937,-0.02732
36.964,-0.026195
36.991,-0.025186
37.019,-0.024162
37.046,-0.022514
37.073,-0.020386
37.1,-0.017512
37.127,-0.014888
37.154,-0.01331
37.181,-0.012483
37.209,-0.012028
37.236,-0.01243
37.263,-0.013412
37.29,-0.014058
37.317,-0.014996
37.344,-0.016017
37.372,-0.017324
37.399,-0.017598
37.426,-0.017358
37.453,-0.017051
37.48,-0.016993
37.507,-0.017417
37.535,-0.018155
37.562,-0.019414
37.589,-0.020381
37.616,-0.02041
37.643,-0.020711
37.67,-0.020574
37.698,-0.019761
37.725,-0.018888
37.752,-0.018603
37.779,-0.018846
37.806,-0.018369
37.833,-0.017022
37.86,-0.016108
37.888,-0.015295
37.915,-0.015121
37.942,-0.014862
37.969,-0.014274
37.996,-0.014378
38.023,-0.013858
38.051,-0.013444
38.078,-0.012957
38.105,-0.012071
38.132,-0.010926
38.159,-0.010151
38.186,-0.010728
38.214,-0.012638
38.241,-0.014184
38.268,-0.014202
38.295,-0.013861
38.322,-0.014323
38.349,-0.015088
38.377,-0.014843
38.404,-0.013652
38.431,-0.012947
38.458,-0.012928
38.485,-0.01263
38.512,-0.010927
38.539,-0.0095199
38.567,-0.0089251
38.594,-0.0088904
38.621,-0.0083883
38.648,-0.007556
38.675,-0.0078626
38.702,-0.0099018
38.73,-0.011302
38.757,-0.011336
38.784,-0.011164
38.811,-0.01074
38.838,-0.0098075
38.865,-0.0095421
38.893,-0.0091557
38.92,-0.0085105
38.947,-0.0071124
38.974,-0.0035819
39.001,-0.00087964
39.028,0.0008026
39.056,0.0017983
39.083,0.0022469
39.11,0.0018386
39.137,0.0006892
39.164,0.0006236
39.191,-0.00062006
39.218,-0.0023063
39.246,-0.0039972
39.273,-0.0049744
39.3,-0.0052449
39.327,-0.0050767
39.354,-0.0049365
39.381,-0.004177
39.409,-0.0022911
39.436,-0.00065579
39.463,0.00016303
39.49,-0.00063023
39.517,-0.00096421
39.544,0.00011701
39.572,0.0018171
39.599,0.0025647
39.626,0.0026935
39.653,0.002961
39.68,0.0029882
39.707,0.0025425
39.734,0.0018701
39.762,0.001986
39.789,0.00181
39.816,0.00096006
39.843,0.0012376
39.87,0.0026345
39.897,0.0029561
39.925,0.0032015
39.952,0.0036779
39.979,0.0039844
40.006,0.0044755
40.033,0.0054168
40.06,0.006048
40.088,0.0060051
40.115,0.0054356
40.142,0.0049219
40.169,0.005305
40.196,0.0063629
40.223,0.0063015
40.251,0.0058992
40.278,0.0051626
40.305,0.0038998
40.332,0.0015129
40.359,-0.0012356
40.386,-0.003777
40.413,-0.0053568
40.441,-0.005611
40.468,-0.0057748
40.495,-0.0063452
40.522,-0.0059347
40.549,-0.0053301
40.576,-0.005097
40.604,-0.0045265
40.631,-0.0036703
40.658,-0.0026695
40.685,-0.0013219
40.712,-1.2864e-05
40.739,0.0018669
40.767,0.0033022
40.794,0.0034144
40.821,0.0044097
40.848,0.0055965
40.875,0.0060287
40.902,0.0055711
40.93,0.0049148
40.957,0.0043423
40.984,0.0025588
41.011,0.00079759
41.038,-0.00078295
41.065,-0.0020191
41.092,-0.0034191
41.12,-0.0045482
41.147,-0.0059667
41.174,-0.006111
41.201,-0.0054813
41.228,-0.004163
41.255,-0.0027321
41.283,-0.0012753
41.31,0.00010715
41.337,0.0011463
41.364,0.0022686
41.391,0.0027215
41.418,0.0034484
41.446,0.0034634
41.473,0.0023339
41.5,0.00071878
41.527,-0.00028263
41.554,-0.00116
41.581,-0.0013664
41.609,0.00012223
41.636,0.0015283
41.663,0.0020868
41.69,0.0025288
41.717,0.0024666
41.744,0.0016865
41.771,0.0010971
41.799,-0.00042564
41.826,-0.0010026
41.853,-0.00038464
41.88,0.00080913
41.907,0.0011181
41.934,0.00097642
41.962,0.0014559
41.989,0.0026753
42.016,0.0038347
42.043,0.0033306
42.07,0.0027607
42.097,0.0023592
42.125,0.0017476
42.152,0.0014237
42.179,0.001172
42.206,0.0010039
42.233,0.0011033
42.26,-1.3552e-05
42.287,-0.00046005
42.315,-0.00059999
42.342,-0.00084426
42.369,-0.00060981
42.396,0.00016508
42.423,1.919e-05
42.45,0.00072431
42.478,0.0027541
42.505,0.0042082
42.532,0.0048787
42.559,0.0055177
42.586,0.0058576
42.613,0.0060205
42.641,0.0065725
42.668,0.0068088
42.695,0.007356
42.722,0.0085607
42.749,0.0097226
42.776,0.0096216
42.804,0.009095
42.831,0.0081469
42.858,0.0067016
42.885,0.0061527
42.912,0.0062171
42.939,0.0061043
42.966,0.0058941
42.994,0.0062576
43.021,0.0070645
43.048,0.008138
43.075,0.0099541
43.102,0.011204
43.129,0.011877
43.157,0.011566
43.184,0.012537
43.211,0.01285
43.238,0.012973
43.265,0.012441
43.292,0.01066
43.32,0.0091498
43.347,0.0079045
43.374,0.0071601
43.401,0.0062739
43.428,0.0056564
43.455,0.0060153
43.483,0.0070959
43.51,0.0068835
43.537,0.006778
43.564,0.0083521
43.591,0.0098667
43.618,0.010712
43.645,0.011758
43.673,0.012936
43.7,0.014461
43.727,0.015496
43.754,0.016951
43.781,0.016745
43.808,0.015662
43.836,0.014578
43.863,0.013014
43.89,0.011967
43.917,0.011793
43.944,0.010481
43.971,0.0076767
43.999,0.0057765
44.026,0.0056779
44.053,0.0061175
44.08,0.0064416
44.107,0.0066396
44.134,0.0064386
44.162,0.0067734
44.189,0.0077786
44.216,0.0088508
44.243,0.011048
44.27,0.011939
44.297,0.013143
44.324,0.014143
44.352,0.01421
44.379,0.01255
44.406,0.011838
44.433,0.011526
44.46,0.011322
44.487,0.010014
44.515,0.007854
44.542,0.0061752
44.569,0.0053106
44.596,0.0053862
44.623,0.0046604
44.65,0.0056003
44.678,0.0057404
44.705,0.0058648
44.732,0.0062097
44.759,0.0068255
44.786,0.0080605
44.813,0.010235
44.841,0.012755
44.868,0.013451
44.895,0.013997
44.922,0.015923
44.949,0.018438
44.976,0.019649
45.003,0.019533
45.031,0.018799
45.058,0.017395
45.085,0.015587
45.112,0.013082
45.139,0.010246
45.166,0.0075336
45.194,0.0059041
45.221,0.0055213
45.248,0.0053664
45.275,0.0062571
45.302,0.0069759
45.329,0.00864
45.357,0.011219
45.384,0.014265
45.411,0.017108
45.438,0.020267
45.465,0.021528
45.492,0.020666
45.519,0.018459
45.547,0.016166
45.574,0.014714
45.601,0.013975
45.628,0.012564
45.655,0.010823
45.682,0.010356
45.71,0.010362
45.737,0.010202
45.764,0.010717
45.791,0.011586
45.818,0.013226
45.845,0.01501
45.873,0.015645
45.9,0.015699
45.927,0.016203
45.954,0.016737
45.981,0.017638
46.008,0.017906
46.036,0.016913
46.063,0.014988
46.09,0.013231
46.117,0.012208
46.144,0.011221
46.171,0.010297
46.198,0.009038
46.226,0.0081808
46.253,0.0077599
46.28,0.0092915
46.307,0.011054
46.334,0.012024
46.361,0.012774
46.389,0.013498
46.416,0.014074
46.443,0.014044
46.47,0.014317
46.497,0.015485
46.524,0.016951
46.552,0.01852
46.579,0.0204
46.606,0.022083
46.633,0.024301
46.66,0.025387
46.687,0.025726
46.715,0.025032
46.742,0.023542
46.769,0.021351
46.796,0.019749
46.823,0.018419
46.85,0.016542
46.877,0.014225
46.905,0.012309
46.932,0.011164
46.959,0.012371
46.986,0.01255
47.013,0.012412
47.04,0.01346
47.068,0.015053
47.095,0.016367
47.122,0.016459
47.149,0.017136
47.176,0.018374
47.203,0.020395
47.231,0.021409
47.258,0.020537
47.285,0.01899
47.312,0.017824
47.339,0.017598
47.366,0.017978
47.394,0.017701
47.421,0.015994
47.448,0.015633
47.475,0.015409
47.502,0.015601
47.529,0.014144
47.556,0.014054
47.584,0.0153
47.611,0.016456
47.638,0.016472
47.665,0.016198
47.692,0.016664
47.719,0.017328
47.747,0.01761
47.774,0.018358
47.801,0.01952
47.828,0.020027
47.855,0.019757
47.882,0.018385
47.91,0.016603
47.937,0.016027
47.964,0.016558
47.991,0.017912
48.018,0.017293
48.045,0.015579
48.072,0.015539
48.1,0.016099
48.127,0.016078
48.154,0.015253
48.181,0.015434
48.208,0.016956
48.235,0.017851
48.263,0.018265
48.29,0.019135
48.317,0.020902
48.344,0.023661
48.371,0.02611
48.398,0.027273
48.426,0.027795
48.453,0.028161
48.48,0.028357
48.507,0.025871
48.534,0.023456
48.561,0.022365
48.589,0.020986
48.616,0.019862
48.643,0.018151
48.67,0.015688
48.697,0.012678
48.724,0.010571
48.751,0.010067
48.779,0.00994
48.806,0.009128
48.833,0.0087566
48.86,0.0089102
48.887,0.009874
48.914,0.010979
48.942,0.012442
48.969,0.013335
48.996,0.014762
49.023,0.016964
49.05,0.018548
49.077,0.01828
49.105,0.018113
49.132,0.017949
49.159,0.017871
49.186,0.018086
49.213,0.017397
49.24,0.015732
49.268,0.014202
49.295,0.013144
49.322,0.012022
49.349,0.010491
49.376,0.0087427
49.403,0.0078415
49.43,0.0068316
49.458,0.0068876
49.485,0.0061253
49.512,0.0050939
49.539,0.0054878
49.566,0.0064768
49.593,0.0057973
49.621,0.0057078
49.648,0.0051516
49.675,0.0042872
49.702,0.0026987
49.729,0.0014394
49.756,-0.0005355
49.784,-0.0016933
49.811,-0.0017218
49.838,-0.0013325
49.865,-0.0011327
49.892,-0.00051095
49.919,0.00071933
49.947,0.0023785
49.974,0.0037393
50.001,0.0058079
50.028,0.0077064
50.055,0.0085242
50.082,0.0078117
50.109,0.0073732
50.137,0.0075737
50.164,0.0071067
50.191,0.0069638
50.218,0.0068362
50.245,0.0065615
50.272,0.005777
50.3,0.0047115
50.327,0.003496
50.354,0.0021128
50.381,0.0011035
50.408,-0.0011005
50.435,-0.0032262
50.463,-0.0054528
50.49,-0.007372
50.517,-0.0084248
50.544,-0.0084629
50.571,-0.0073023
50.598,-0.0068682
50.625,-0.0062289
50.653,-0.0040206
50.68,-0.00059504
50.707,0.0022378
50.734,0.0037578
50.761,0.0058699
50.788,0.0070767
50.816,0.0072007
50.843,0.0071027
50.87,0.0060225
50.897,0.0050907
50.924,0.0036373
50.951,0.0017603
50.979,0.0005732
51.006,0.00040491
51.033,0.0010179
51.06,0.0012005
51.087,-0.0009093
51.114,-0.0022984
51.142,-0.0012228
51.169,-0.00096657
51.196,-0.0017996
51.223,-0.0034444
51.25,-0.0040827
51.277,-0.0034193
51.304,-0.0025168
51.332,-0.0014641
51.359,-0.00067587
51.386,-0.00094408
51.413,-0.0019621
51.44,-0.0015179
51.467,-0.0014122
51.495,-0.0025676
51.522,-0.0030435
51.549,-0.002715
51.576,-0.0034708
51.603,-0.0043392
51.63,-0.0038685
51.658,-0.0020469
51.685,-0.00099217
51.712,0.0015624
51.739,0.0033477
51.766,0.0033954
51.793,0.0032745
51.821,0.0042489
51.848,0.0047941
51.875,0.0060208
51.902,0.0077816
51.929,0.0080065
51.956,0.0082407
51.983,0.0090769
52.011,0.0087077
52.038,0.0089886
52.065,0.0091749
52.092,0.0079859
52.119,0.0063095
52.146,0.0043944
52.174,0.0024184
52.201,0.0017824
52.228,0.000454
52.255,-0.0013342
52.282,-0.0023897
52.309,-0.0033066
52.337,-0.00366
52.364,-0.0024491
52.391,-0.00078573
52.418,0.00025776
52.445,0.0019286
52.472,0.0034906
52.5,0.0047052
52.527,0.0063169
52.554,0.0081261
52.581,0.009245
52.608,0.0094778
52.635,0.0086576
52.662,0.0081728
52.69,0.0075021
52.717,0.0070541
52.744,0.0069125
52.771,0.0062748
52.798,0.0052929
52.825,0.0052775
52.853,0.004754
52.88,0.004359
52.907,0.004519
52.934,0.0046982
52.961,0.0047574
52.988,0.0058334
53.016,0.0068802
53.043,0.005612
53.07,0.0037252
53.097,0.0028133
53.124,0.0013091
53.151,0.00072226
53.178,-0.00011734
53.206,0.00010488
53.233,0.00018232
53.26,0.00015081
53.287,-0.00017557
53.314,-0.00092395
53.341,0.0017479
53.369,0.0039366
53.396,0.0026963
53.423,0.0045698
53.45,0.0050011
53.477,0.0055211
53.504,0.0063693
53.532,0.0067171
53.559,0.0064146
53.586,0.0069538
53.613,0.0068526
53.64,0.0095798
53.667,0.0065184
53.695,0.0051064
53.722,0.0057247
53.749,0.0042882
53.776,0.0054566
53.803,0.0030684
53.83,0.0047405
53.857,0.004895
53.885,0.0030656
53.912,0.0022454
53.939,0.00088323
53.966,0.00033959
53.993,0.0015494
54.02,0.00055779
54.048,-0.00091813
54.075,0.00052759
54.102,0.00031083
54.129,0.00029557
54.156,0.0017107
54.183,0.0036684
54.211,0.0054154
54.238,0.0048013
54.265,0.0059536
54.292,0.0066438
